id,id_Key,Date_Proc,Lat_DNB,Lon_DNB,Rad_DNB,Date_Mscan,Date_LTZ,Line_DNB,Sample_DNB,Rad_I04,QF_Detect,QF_Bitflag,SMI,Thr_SMI,SI,Thr_SI,SHI,Thr_SHI,LI,Thr_LI,Glint,Thr_Gl_SMI,Xcorr,Land_Mask,EEZ,FMZ,MPA,File_DNB,File_GDNB,File_I04,File_VNF,File_EEZ,File_FMZ,File_MPA,File_FLM,File_LSM,File_LTZ,File_RLP,Dist_RLP,File_RLV,Lat_Gring,Lon_Gring,Gran_List,SOLZ_GDNBO,SOLA_GDNBO,SATZ_GDNBO,SATA_GDNBO,LUNZ_GDNBO,LUNA_GDNBO
1,VBD_npp_d20151003_t1553464_x1299086E_y029470S_l2393_s0114_v23,2017-06-01 16:04:58,-2.947046,129.908646,10.9786,2015-10-03 15:53:46,2015-10-04 00:53:46,2393,114,0.40633,1,2529,0.442108,0.0875,0.755031,0.4,0.899997,0.75,0.0112368,0.0001,5.49176e-64,999999,5.970639e-01,3,Indonesian Exclusive Economic Zone,WPP715,,SVDNB_npp_d20151003_t1549228_e1555014_b20377_c20151003215503254871_noaa_ops.h5,GDNBO_npp_d20151003_t1549228_e1555014_b20377_c20151003215503254574_noaa_ops.h5,SVI04_npp_d20151003_t1549228_e1555014_b20377_c20151003215503327858_noaa_ops.dspace_rad,VNFF_npp_d20151003_t1549228_e1555014_b20377_v21.csv,World_EEZ_v8_2014.shp,WPP_BFAR_merge.shp,KKP_IDN_merge_20161208.shp,VNF-VBD_npp_20120301-20151231_global_asia-enhanced_c201607211230.bitmask,NCEI_NGA.union.nga_lead2.add_2015ntl.mask,timezone.shp,VBD_platforms-recurring_2015_r20170330.shp,999999,VBD_bridges_c20160811.shp,12.299009;10.465369;8.053330;3.222632;-1.624558;-6.485719;-11.365778;-9.508825;-7.103047;-2.272809;2.567765;7.425798,132.350113;146.298813;159.967957;158.737823;157.618271;156.600800;155.690308;141.820541;128.022095;129.257599;130.390579;131.419846,npp_d20151003_t1549228_e1555014_b20377,166.92,122.055,68.4502,99.6154,67.9309,68.9386
2,VBD_npp_d20151003_t1554398_x1338398E_y068060S_l2869_s0801_v23,2017-06-01 16:04:58,-6.805989,133.839844,8.04537,2015-10-03 15:54:39,2015-10-04 00:54:39,2869,801,0.199125,2,2465,0.251106,0.126817,0.460157,0.4,0.598563,0.75,0.0128474,0.0001,1.13361e-30,999999,9.083674e-02,3,Indonesian Exclusive Economic Zone,WPP718,,SVDNB_npp_d20151003_t1549228_e1555014_b20377_c20151003215503254871_noaa_ops.h5,GDNBO_npp_d20151003_t1549228_e1555014_b20377_c20151003215503254574_noaa_ops.h5,SVI04_npp_d20151003_t1549228_e1555014_b20377_c20151003215503327858_noaa_ops.dspace_rad,VNFF_npp_d20151003_t1549228_e1555014_b20377_v21.csv,World_EEZ_v8_2014.shp,WPP_BFAR_merge.shp,KKP_IDN_merge_20161208.shp,VNF-VBD_npp_20120301-20151231_global_asia-enhanced_c201607211230.bitmask,NCEI_NGA.union.nga_lead2.add_2015ntl.mask,timezone.shp,VBD_platforms-recurring_2015_r20170330.shp,999999,VBD_bridges_c20160811.shp,12.299009;10.465369;8.053330;3.222632;-1.624558;-6.485719;-11.365778;-9.508825;-7.103047;-2.272809;2.567765;7.425798,132.350113;146.298813;159.967957;158.737823;157.618271;156.600800;155.690308;141.820541;128.022095;129.257599;130.390579;131.419846,npp_d20151003_t1549228_e1555014_b20377,161.336,124.976,54.1592,100.019,65.5617,66.2806
3,VBD_npp_d20151003_t1554434_x1338053E_y069940S_l2898_s0803_v23,2017-06-01 16:04:58,-6.993987,133.805298,7.09935,2015-10-03 15:54:43,2015-10-04 00:54:43,2898,803,0.173731,7,2209,0.095708,0.0933368,0.525361,0.4,0.271803,0.75,0.0127752,0.0001,1.0989e-30,999999,4.540646e-01,3,,,,SVDNB_npp_d20151003_t1549228_e1555014_b20377_c20151003215503254871_noaa_ops.h5,GDNBO_npp_d20151003_t1549228_e1555014_b20377_c20151003215503254574_noaa_ops.h5,SVI04_npp_d20151003_t1549228_e1555014_b20377_c20151003215503327858_noaa_ops.dspace_rad,VNFF_npp_d20151003_t1549228_e1555014_b20377_v21.csv,World_EEZ_v8_2014.shp,WPP_BFAR_merge.shp,KKP_IDN_merge_20161208.shp,VNF-VBD_npp_20120301-20151231_global_asia-enhanced_c201607211230.bitmask,NCEI_NGA.union.nga_lead2.add_2015ntl.mask,timezone.shp,VBD_platforms-recurring_2015_r20170330.shp,999999,VBD_bridges_c20160811.shp,12.299009;10.465369;8.053330;3.222632;-1.624558;-6.485719;-11.365778;-9.508825;-7.103047;-2.272809;2.567765;7.425798,132.350113;146.298813;159.967957;158.737823;157.618271;156.600800;155.690308;141.820541;128.022095;129.257599;130.390579;131.419846,npp_d20151003_t1549228_e1555014_b20377,161.244,125.465,54.1081,100.193,65.6565,66.2056
4,VBD_npp_d20151003_t1554416_x1338336E_y069899S_l2896_s0806_v23,2017-06-01 16:04:58,-6.989900,133.833603,15.0954,2015-10-03 15:54:41,2015-10-04 00:54:41,2896,806,0.229569,7,2465,0.258906,0.134769,0.525361,0.4,0.556029,0.75,0.0127924,0.0001,1.12359e-30,999999,4.571782e-03,3,,,,SVDNB_npp_d20151003_t1549228_e1555014_b20377_c20151003215503254871_noaa_ops.h5,GDNBO_npp_d20151003_t1549228_e1555014_b20377_c20151003215503254574_noaa_ops.h5,SVI04_npp_d20151003_t1549228_e1555014_b20377_c20151003215503327858_noaa_ops.dspace_rad,VNFF_npp_d20151003_t1549228_e1555014_b20377_v21.csv,World_EEZ_v8_2014.shp,WPP_BFAR_merge.shp,KKP_IDN_merge_20161208.shp,VNF-VBD_npp_20120301-20151231_global_asia-enhanced_c201607211230.bitmask,NCEI_NGA.union.nga_lead2.add_2015ntl.mask,timezone.shp,VBD_platforms-recurring_2015_r20170330.shp,999999,VBD_bridges_c20160811.shp,12.299009;10.465369;8.053330;3.222632;-1.624558;-6.485719;-11.365778;-9.508825;-7.103047;-2.272809;2.567765;7.425798,132.350113;146.298813;159.967957;158.737823;157.618271;156.600800;155.690308;141.820541;128.022095;129.257599;130.390579;131.419846,npp_d20151003_t1549228_e1555014_b20377,161.229,125.417,54.0319,99.5147,65.6355,66.2008
5,VBD_npp_d20151003_t1554434_x1338198E_y070317S_l2903_s0806_v23,2017-06-01 16:04:58,-7.031674,133.819809,20.0666,2015-10-03 15:54:43,2015-10-04 00:54:43,2903,806,0.213138,2,2465,0.403225,0.117618,0.553342,0.4,0.685399,0.75,0.0127731,0.0001,1.25755e-30,999999,1.906349e-01,3,Indonesian Exclusive Economic Zone,WPP718,,SVDNB_npp_d20151003_t1549228_e1555014_b20377_c20151003215503254871_noaa_ops.h5,GDNBO_npp_d20151003_t1549228_e1555014_b20377_c20151003215503254574_noaa_ops.h5,SVI04_npp_d20151003_t1549228_e1555014_b20377_c20151003215503327858_noaa_ops.dspace_rad,VNFF_npp_d20151003_t1549228_e1555014_b20377_v21.csv,World_EEZ_v8_2014.shp,WPP_BFAR_merge.shp,KKP_IDN_merge_20161208.shp,VNF-VBD_npp_20120301-20151231_global_asia-enhanced_c201607211230.bitmask,NCEI_NGA.union.nga_lead2.add_2015ntl.mask,timezone.shp,VBD_platforms-recurring_2015_r20170330.shp,999999,VBD_bridges_c20160811.shp,12.299009;10.465369;8.053330;3.222632;-1.624558;-6.485719;-11.365778;-9.508825;-7.103047;-2.272809;2.567765;7.425798,132.350113;146.298813;159.967957;158.737823;157.618271;156.600800;155.690308;141.820541;128.022095;129.257599;130.390579;131.419846,npp_d20151003_t1549228_e1555014_b20377,161.21,125.529,54.0269,99.9562,65.6585,66.1849
6,VBD_npp_d20151003_t1554434_x1338340E_y069921S_l2897_s0807_v23,2017-06-01 16:04:58,-6.992107,133.834030,17.1453,2015-10-03 15:54:43,2015-10-04 00:54:43,2897,807,0.229569,2,2465,0.189418,0.113332,0.565922,0.4,0.507923,0.75,0.0127935,0.0001,1.61044e-30,999999,2.371421e-01,3,Indonesian Exclusive Economic Zone,WPP718,,SVDNB_npp_d20151003_t1549228_e1555014_b20377_c20151003215503254871_noaa_ops.h5,GDNBO_npp_d20151003_t1549228_e1555014_b20377_c20151003215503254574_noaa_ops.h5,SVI04_npp_d20151003_t1549228_e1555014_b20377_c20151003215503327858_noaa_ops.dspace_rad,VNFF_npp_d20151003_t1549228_e1555014_b20377_v21.csv,World_EEZ_v8_2014.shp,WPP_BFAR_merge.shp,KKP_IDN_merge_20161208.shp,VNF-VBD_npp_20120301-20151231_global_asia-enhanced_c201607211230.bitmask,NCEI_NGA.union.nga_lead2.add_2015ntl.mask,timezone.shp,VBD_platforms-recurring_2015_r20170330.shp,999999,VBD_bridges_c20160811.shp,12.299009;10.465369;8.053330;3.222632;-1.624558;-6.485719;-11.365778;-9.508825;-7.103047;-2.272809;2.567765;7.425798,132.350113;146.298813;159.967957;158.737823;157.618271;156.600800;155.690308;141.820541;128.022095;129.257599;130.390579;131.419846,npp_d20151003_t1549228_e1555014_b20377,161.221,125.408,53.9996,100.237,65.6295,66.1975
7,VBD_npp_d20151003_t1554434_x1338658E_y070118S_l2899_s0812_v23,2017-06-01 16:04:58,-7.011795,133.865799,182.877,2015-10-03 15:54:43,2015-10-04 00:54:43,2899,812,0.261578,8,18849,0.664179,0.116679,0.604172,0.4,0.708161,0.75,0.0128075,0.0001,2.37421e-30,999999,2.008271e-01,3,Indonesian Exclusive Economic Zone,WPP718,,SVDNB_npp_d20151003_t1549228_e1555014_b20377_c20151003215503254871_noaa_ops.h5,GDNBO_npp_d20151003_t1549228_e1555014_b20377_c20151003215503254574_noaa_ops.h5,SVI04_npp_d20151003_t1549228_e1555014_b20377_c20151003215503327858_noaa_ops.dspace_rad,VNFF_npp_d20151003_t1549228_e1555014_b20377_v21.csv,World_EEZ_v8_2014.shp,WPP_BFAR_merge.shp,KKP_IDN_merge_20161208.shp,VNF-VBD_npp_20120301-20151231_global_asia-enhanced_c201607211230.bitmask,NCEI_NGA.union.nga_lead2.add_2015ntl.mask,timezone.shp,VBD_platforms-recurring_2015_r20170330.shp,0.561159,VBD_bridges_c20160811.shp,12.299009;10.465369;8.053330;3.222632;-1.624558;-6.485719;-11.365778;-9.508825;-7.103047;-2.272809;2.567765;7.425798,132.350113;146.298813;159.967957;158.737823;157.618271;156.600800;155.690308;141.820541;128.022095;129.257599;130.390579;131.419846,npp_d20151003_t1549228_e1555014_b20377,161.184,125.398,53.8641,100.139,65.6084,66.1791
8,VBD_npp_d20151003_t1554434_x1338931E_y070166S_l2899_s0816_v23,2017-06-01 16:04:58,-7.016645,133.893051,16.2303,2015-10-03 15:54:43,2015-10-04 00:54:43,2899,816,0.251762,7,2209,0.142109,0.113781,0.602857,0.4,0.365754,0.75,0.012823,0.0001,3.36694e-30,999999,2.322670e-01,3,,,,SVDNB_npp_d20151003_t1549228_e1555014_b20377_c20151003215503254871_noaa_ops.h5,GDNBO_npp_d20151003_t1549228_e1555014_b20377_c20151003215503254574_noaa_ops.h5,SVI04_npp_d20151003_t1549228_e1555014_b20377_c20151003215503327858_noaa_ops.dspace_rad,VNFF_npp_d20151003_t1549228_e1555014_b20377_v21.csv,World_EEZ_v8_2014.shp,WPP_BFAR_merge.shp,KKP_IDN_merge_20161208.shp,VNF-VBD_npp_20120301-20151231_global_asia-enhanced_c201607211230.bitmask,NCEI_NGA.union.nga_lead2.add_2015ntl.mask,timezone.shp,VBD_platforms-recurring_2015_r20170330.shp,999999,VBD_bridges_c20160811.shp,12.299009;10.465369;8.053330;3.222632;-1.624558;-6.485719;-11.365778;-9.508825;-7.103047;-2.272809;2.567765;7.425798,132.350113;146.298813;159.967957;158.737823;157.618271;156.600800;155.690308;141.820541;128.022095;129.257599;130.390579;131.419846,npp_d20151003_t1549228_e1555014_b20377,161.159,125.36,53.7559,100.136,65.5855,66.1686
9,VBD_npp_d20151003_t1554434_x1338901E_y070720S_l2907_s0817_v23,2017-06-01 16:04:58,-7.071961,133.890076,7.47259,2015-10-03 15:54:43,2015-10-04 00:54:43,2907,817,0.243795,7,2209,0.155702,0.110279,0.695809,0.4,0.525071,0.75,0.0128048,0.0001,2.97742e-30,999999,2.702551e-01,3,,,,SVDNB_npp_d20151003_t1549228_e1555014_b20377_c20151003215503254871_noaa_ops.h5,GDNBO_npp_d20151003_t1549228_e1555014_b20377_c20151003215503254574_noaa_ops.h5,SVI04_npp_d20151003_t1549228_e1555014_b20377_c20151003215503327858_noaa_ops.dspace_rad,VNFF_npp_d20151003_t1549228_e1555014_b20377_v21.csv,World_EEZ_v8_2014.shp,WPP_BFAR_merge.shp,KKP_IDN_merge_20161208.shp,VNF-VBD_npp_20120301-20151231_global_asia-enhanced_c201607211230.bitmask,NCEI_NGA.union.nga_lead2.add_2015ntl.mask,timezone.shp,VBD_platforms-recurring_2015_r20170330.shp,999999,VBD_bridges_c20160811.shp,12.299009;10.465369;8.053330;3.222632;-1.624558;-6.485719;-11.365778;-9.508825;-7.103047;-2.272809;2.567765;7.425798,132.350113;146.298813;159.967957;158.737823;157.618271;156.600800;155.690308;141.820541;128.022095;129.257599;130.390579;131.419846,npp_d20151003_t1549228_e1555014_b20377,161.13,125.498,53.7297,99.7585,65.6107,66.1456
10,VBD_npp_d20151003_t1554434_x1339037E_y070743S_l2907_s0819_v23,2017-06-01 16:04:58,-7.074327,133.903671,25.405,2015-10-03 15:54:43,2015-10-04 00:54:43,2907,819,0.256457,8,18913,0.584369,0.110785,0.733226,0.4,0.851005,0.75,0.0128126,0.0001,3.54286e-30,999999,2.647681e-01,3,Indonesian Exclusive Economic Zone,WPP718,,SVDNB_npp_d20151003_t1549228_e1555014_b20377_c20151003215503254871_noaa_ops.h5,GDNBO_npp_d20151003_t1549228_e1555014_b20377_c20151003215503254574_noaa_ops.h5,SVI04_npp_d20151003_t1549228_e1555014_b20377_c20151003215503327858_noaa_ops.dspace_rad,VNFF_npp_d20151003_t1549228_e1555014_b20377_v21.csv,World_EEZ_v8_2014.shp,WPP_BFAR_merge.shp,KKP_IDN_merge_20161208.shp,VNF-VBD_npp_20120301-20151231_global_asia-enhanced_c201607211230.bitmask,NCEI_NGA.union.nga_lead2.add_2015ntl.mask,timezone.shp,VBD_platforms-recurring_2015_r20170330.shp,0.0927826,VBD_bridges_c20160811.shp,12.299009;10.465369;8.053330;3.222632;-1.624558;-6.485719;-11.365778;-9.508825;-7.103047;-2.272809;2.567765;7.425798,132.350113;146.298813;159.967957;158.737823;157.618271;156.600800;155.690308;141.820541;128.022095;129.257599;130.390579;131.419846,npp_d20151003_t1549228_e1555014_b20377,161.117,125.479,53.6757,99.7567,65.5992,66.1403
11,VBD_npp_d20151003_t1554505_x1338574E_y074409S_l2963_s0826_v23,2017-06-01 16:04:58,-7.440930,133.857407,16.1773,2015-10-03 15:54:50,2015-10-04 00:54:50,2963,826,0.226582,2,2465,0.422252,0.107943,0.75697,0.4,0.67155,0.75,0.012685,0.0001,4.59769e-30,999999,2.956042e-01,3,Indonesian Exclusive Economic Zone,WPP718,,SVDNB_npp_d20151003_t1549228_e1555014_b20377_c20151003215503254871_noaa_ops.h5,GDNBO_npp_d20151003_t1549228_e1555014_b20377_c20151003215503254574_noaa_ops.h5,SVI04_npp_d20151003_t1549228_e1555014_b20377_c20151003215503327858_noaa_ops.dspace_rad,VNFF_npp_d20151003_t1549228_e1555014_b20377_v21.csv,World_EEZ_v8_2014.shp,WPP_BFAR_merge.shp,KKP_IDN_merge_20161208.shp,VNF-VBD_npp_20120301-20151231_global_asia-enhanced_c201607211230.bitmask,NCEI_NGA.union.nga_lead2.add_2015ntl.mask,timezone.shp,VBD_platforms-recurring_2015_r20170330.shp,999999,VBD_bridges_c20160811.shp,12.299009;10.465369;8.053330;3.222632;-1.624558;-6.485719;-11.365778;-9.508825;-7.103047;-2.272809;2.567765;7.425798,132.350113;146.298813;159.967957;158.737823;157.618271;156.600800;155.690308;141.820541;128.022095;129.257599;130.390579;131.419846,npp_d20151003_t1549228_e1555014_b20377,160.916,126.372,53.4878,100.199,65.7652,65.9883
12,VBD_npp_d20151003_t1554487_x1338824E_y074143S_l2958_s0828_v23,2017-06-01 16:04:58,-7.414311,133.882370,29.0886,2015-10-03 15:54:48,2015-10-04 00:54:48,2958,828,0.262289,1,2529,0.526806,0.120044,0.824112,0.4,0.779081,0.75,0.0127066,0.0001,4.63892e-30,999999,1.643203e-01,3,Indonesian Exclusive Economic Zone,WPP718,,SVDNB_npp_d20151003_t1549228_e1555014_b20377_c20151003215503254871_noaa_ops.h5,GDNBO_npp_d20151003_t1549228_e1555014_b20377_c20151003215503254574_noaa_ops.h5,SVI04_npp_d20151003_t1549228_e1555014_b20377_c20151003215503327858_noaa_ops.dspace_rad,VNFF_npp_d20151003_t1549228_e1555014_b20377_v21.csv,World_EEZ_v8_2014.shp,WPP_BFAR_merge.shp,KKP_IDN_merge_20161208.shp,VNF-VBD_npp_20120301-20151231_global_asia-enhanced_c201607211230.bitmask,NCEI_NGA.union.nga_lead2.add_2015ntl.mask,timezone.shp,VBD_platforms-recurring_2015_r20170330.shp,999999,VBD_bridges_c20160811.shp,12.299009;10.465369;8.053330;3.222632;-1.624558;-6.485719;-11.365778;-9.508825;-7.103047;-2.272809;2.567765;7.425798,132.350113;146.298813;159.967957;158.737823;157.618271;156.600800;155.690308;141.820541;128.022095;129.257599;130.390579;131.419846,npp_d20151003_t1549228_e1555014_b20377,160.917,126.278,53.4386,99.6579,65.738,65.994
13,VBD_npp_d20151003_t1554452_x1339563E_y071289S_l2914_s0829_v23,2017-06-01 16:04:58,-7.128899,133.956268,5.67407,2015-10-03 15:54:45,2015-10-04 00:54:45,2914,829,0.180133,2,2465,0.215784,0.126473,0.590233,0.4,0.580788,0.75,0.0128321,0.0001,9.20178e-30,999999,9.457375e-02,3,Indonesian Exclusive Economic Zone,WPP718,,SVDNB_npp_d20151003_t1549228_e1555014_b20377_c20151003215503254871_noaa_ops.h5,GDNBO_npp_d20151003_t1549228_e1555014_b20377_c20151003215503254574_noaa_ops.h5,SVI04_npp_d20151003_t1549228_e1555014_b20377_c20151003215503327858_noaa_ops.dspace_rad,VNFF_npp_d20151003_t1549228_e1555014_b20377_v21.csv,World_EEZ_v8_2014.shp,WPP_BFAR_merge.shp,KKP_IDN_merge_20161208.shp,VNF-VBD_npp_20120301-20151231_global_asia-enhanced_c201607211230.bitmask,NCEI_NGA.union.nga_lead2.add_2015ntl.mask,timezone.shp,VBD_platforms-recurring_2015_r20170330.shp,999999,VBD_bridges_c20160811.shp,12.299009;10.465369;8.053330;3.222632;-1.624558;-6.485719;-11.365778;-9.508825;-7.103047;-2.272809;2.567765;7.425798,132.350113;146.298813;159.967957;158.737823;157.618271;156.600800;155.690308;141.820541;128.022095;129.257599;130.390579;131.419846,npp_d20151003_t1549228_e1555014_b20377,161.037,125.5,53.405,100.189,65.5669,66.098
14,VBD_npp_d20151003_t1554487_x1338982E_y074032S_l2956_s0830_v23,2017-06-01 16:04:58,-7.403195,133.898239,11.4978,2015-10-03 15:54:48,2015-10-04 00:54:48,2956,830,0.251051,7,2465,0.283072,0.116124,0.824112,0.4,0.46961,0.75,0.0127199,0.0001,5.8059e-30,999999,2.068515e-01,3,,,,SVDNB_npp_d20151003_t1549228_e1555014_b20377_c20151003215503254871_noaa_ops.h5,GDNBO_npp_d20151003_t1549228_e1555014_b20377_c20151003215503254574_noaa_ops.h5,SVI04_npp_d20151003_t1549228_e1555014_b20377_c20151003215503327858_noaa_ops.dspace_rad,VNFF_npp_d20151003_t1549228_e1555014_b20377_v21.csv,World_EEZ_v8_2014.shp,WPP_BFAR_merge.shp,KKP_IDN_merge_20161208.shp,VNF-VBD_npp_20120301-20151231_global_asia-enhanced_c201607211230.bitmask,NCEI_NGA.union.nga_lead2.add_2015ntl.mask,timezone.shp,VBD_platforms-recurring_2015_r20170330.shp,999999,VBD_bridges_c20160811.shp,12.299009;10.465369;8.053330;3.222632;-1.624558;-6.485719;-11.365778;-9.508825;-7.103047;-2.272809;2.567765;7.425798,132.350113;146.298813;159.967957;158.737823;157.618271;156.600800;155.690308;141.820541;128.022095;129.257599;130.390579;131.419846,npp_d20151003_t1549228_e1555014_b20377,160.911,126.223,53.3841,99.7506,65.719,65.9937
15,VBD_npp_d20151003_t1554487_x1339159E_y073439S_l2947_s0831_v23,2017-06-01 16:04:58,-7.343897,133.915894,11.783,2015-10-03 15:54:48,2015-10-04 00:54:48,2947,831,0.258591,2,2465,0.342662,0.103924,0.824416,0.4,0.686759,0.75,0.0127486,0.0001,7.99754e-30,999999,3.392080e-01,3,Indonesian Exclusive Economic Zone,WPP718,,SVDNB_npp_d20151003_t1549228_e1555014_b20377_c20151003215503254871_noaa_ops.h5,GDNBO_npp_d20151003_t1549228_e1555014_b20377_c20151003215503254574_noaa_ops.h5,SVI04_npp_d20151003_t1549228_e1555014_b20377_c20151003215503327858_noaa_ops.dspace_rad,VNFF_npp_d20151003_t1549228_e1555014_b20377_v21.csv,World_EEZ_v8_2014.shp,WPP_BFAR_merge.shp,KKP_IDN_merge_20161208.shp,VNF-VBD_npp_20120301-20151231_global_asia-enhanced_c201607211230.bitmask,NCEI_NGA.union.nga_lead2.add_2015ntl.mask,timezone.shp,VBD_platforms-recurring_2015_r20170330.shp,999999,VBD_bridges_c20160811.shp,12.299009;10.465369;8.053330;3.222632;-1.624558;-6.485719;-11.365778;-9.508825;-7.103047;-2.272809;2.567765;7.425798,132.350113;146.298813;159.967957;158.737823;157.618271;156.600800;155.690308;141.820541;128.022095;129.257599;130.390579;131.419846,npp_d20151003_t1549228_e1555014_b20377,160.932,126.052,53.356,100.176,65.6786,66.0136
16,VBD_npp_d20151003_t1554487_x1339153E_y073854S_l2953_s0832_v23,2017-06-01 16:04:58,-7.385384,133.915298,31.19,2015-10-03 15:54:48,2015-10-04 00:54:48,2953,832,0.321186,1,2529,0.676368,0.116478,0.852436,0.4,0.871503,0.75,0.0127359,0.0001,7.45027e-30,999999,2.030132e-01,3,Indonesian Exclusive Economic Zone,WPP718,,SVDNB_npp_d20151003_t1549228_e1555014_b20377_c20151003215503254871_noaa_ops.h5,GDNBO_npp_d20151003_t1549228_e1555014_b20377_c20151003215503254574_noaa_ops.h5,SVI04_npp_d20151003_t1549228_e1555014_b20377_c20151003215503327858_noaa_ops.dspace_rad,VNFF_npp_d20151003_t1549228_e1555014_b20377_v21.csv,World_EEZ_v8_2014.shp,WPP_BFAR_merge.shp,KKP_IDN_merge_20161208.shp,VNF-VBD_npp_20120301-20151231_global_asia-enhanced_c201607211230.bitmask,NCEI_NGA.union.nga_lead2.add_2015ntl.mask,timezone.shp,VBD_platforms-recurring_2015_r20170330.shp,999999,VBD_bridges_c20160811.shp,12.299009;10.465369;8.053330;3.222632;-1.624558;-6.485719;-11.365778;-9.508825;-7.103047;-2.272809;2.567765;7.425798,132.350113;146.298813;159.967957;158.737823;157.618271;156.600800;155.690308;141.820541;128.022095;129.257599;130.390579;131.419846,npp_d20151003_t1549228_e1555014_b20377,160.908,126.151,53.3296,99.8908,65.6961,65.996
17,VBD_npp_d20151003_t1554505_x1338988E_y074414S_l2962_s0832_v23,2017-06-01 16:04:58,-7.441407,133.898804,22.6967,2015-10-03 15:54:50,2015-10-04 00:54:50,2962,832,0.286616,1,2529,0.504266,0.124771,0.863572,0.4,0.771816,0.75,0.012711,0.0001,7.87999e-30,999999,1.130341e-01,3,Indonesian Exclusive Economic Zone,WPP718,,SVDNB_npp_d20151003_t1549228_e1555014_b20377_c20151003215503254871_noaa_ops.h5,GDNBO_npp_d20151003_t1549228_e1555014_b20377_c20151003215503254574_noaa_ops.h5,SVI04_npp_d20151003_t1549228_e1555014_b20377_c20151003215503327858_noaa_ops.dspace_rad,VNFF_npp_d20151003_t1549228_e1555014_b20377_v21.csv,World_EEZ_v8_2014.shp,WPP_BFAR_merge.shp,KKP_IDN_merge_20161208.shp,VNF-VBD_npp_20120301-20151231_global_asia-enhanced_c201607211230.bitmask,NCEI_NGA.union.nga_lead2.add_2015ntl.mask,timezone.shp,VBD_platforms-recurring_2015_r20170330.shp,999999,VBD_bridges_c20160811.shp,12.299009;10.465369;8.053330;3.222632;-1.624558;-6.485719;-11.365778;-9.508825;-7.103047;-2.272809;2.567765;7.425798,132.350113;146.298813;159.967957;158.737823;157.618271;156.600800;155.690308;141.820541;128.022095;129.257599;130.390579;131.419846,npp_d20151003_t1549228_e1555014_b20377,160.882,126.298,53.3262,100.241,65.7276,65.9749
18,VBD_npp_d20151003_t1554505_x1338964E_y074548S_l2964_s0832_v23,2017-06-01 16:04:58,-7.454839,133.896393,108.65,2015-10-03 15:54:50,2015-10-04 00:54:50,2964,832,0.301696,1,2529,1.10848,0.129925,0.854502,0.4,0.930202,0.75,0.0127055,0.0001,7.48267e-30,999999,5.712345e-02,3,Indonesian Exclusive Economic Zone,WPP718,,SVDNB_npp_d20151003_t1549228_e1555014_b20377_c20151003215503254871_noaa_ops.h5,GDNBO_npp_d20151003_t1549228_e1555014_b20377_c20151003215503254574_noaa_ops.h5,SVI04_npp_d20151003_t1549228_e1555014_b20377_c20151003215503327858_noaa_ops.dspace_rad,VNFF_npp_d20151003_t1549228_e1555014_b20377_v21.csv,World_EEZ_v8_2014.shp,WPP_BFAR_merge.shp,KKP_IDN_merge_20161208.shp,VNF-VBD_npp_20120301-20151231_global_asia-enhanced_c201607211230.bitmask,NCEI_NGA.union.nga_lead2.add_2015ntl.mask,timezone.shp,VBD_platforms-recurring_2015_r20170330.shp,999999,VBD_bridges_c20160811.shp,12.299009;10.465369;8.053330;3.222632;-1.624558;-6.485719;-11.365778;-9.508825;-7.103047;-2.272809;2.567765;7.425798,132.350113;146.298813;159.967957;158.737823;157.618271;156.600800;155.690308;141.820541;128.022095;129.257599;130.390579;131.419846,npp_d20151003_t1549228_e1555014_b20377,160.876,126.333,53.3262,100.146,65.7353,65.9699
19,VBD_npp_d20151003_t1554487_x1339201E_y074347S_l2960_s0834_v23,2017-06-01 16:04:58,-7.434688,133.920105,36.0889,2015-10-03 15:54:48,2015-10-04 00:54:48,2960,834,0.335981,1,2529,0.691655,0.118144,0.863572,0.4,0.755015,0.75,0.0127243,0.0001,7.34353e-30,999999,1.849383e-01,3,Indonesian Exclusive Economic Zone,WPP718,,SVDNB_npp_d20151003_t1549228_e1555014_b20377_c20151003215503254871_noaa_ops.h5,GDNBO_npp_d20151003_t1549228_e1555014_b20377_c20151003215503254574_noaa_ops.h5,SVI04_npp_d20151003_t1549228_e1555014_b20377_c20151003215503327858_noaa_ops.dspace_rad,VNFF_npp_d20151003_t1549228_e1555014_b20377_v21.csv,World_EEZ_v8_2014.shp,WPP_BFAR_merge.shp,KKP_IDN_merge_20161208.shp,VNF-VBD_npp_20120301-20151231_global_asia-enhanced_c201607211230.bitmask,NCEI_NGA.union.nga_lead2.add_2015ntl.mask,timezone.shp,VBD_platforms-recurring_2015_r20170330.shp,999999,VBD_bridges_c20160811.shp,12.299009;10.465369;8.053330;3.222632;-1.624558;-6.485719;-11.365778;-9.508825;-7.103047;-2.272809;2.567765;7.425798,132.350113;146.298813;159.967957;158.737823;157.618271;156.600800;155.690308;141.820541;128.022095;129.257599;130.390579;131.419846,npp_d20151003_t1549228_e1555014_b20377,160.875,126.257,53.2776,99.5572,65.7119,65.9733
20,VBD_npp_d20151003_t1554434_x1340160E_y070662S_l2903_s0835_v23,2017-06-01 16:04:58,-7.066196,134.016006,9.08059,2015-10-03 15:54:43,2015-10-04 00:54:43,2903,835,0.267126,2,2465,0.349951,0.131755,0.594146,0.4,0.73196,0.75,0.0128859,0.0001,1.53627e-29,999999,3.726407e-02,3,Indonesian Exclusive Economic Zone,WPP718,,SVDNB_npp_d20151003_t1549228_e1555014_b20377_c20151003215503254871_noaa_ops.h5,GDNBO_npp_d20151003_t1549228_e1555014_b20377_c20151003215503254574_noaa_ops.h5,SVI04_npp_d20151003_t1549228_e1555014_b20377_c20151003215503327858_noaa_ops.dspace_rad,VNFF_npp_d20151003_t1549228_e1555014_b20377_v21.csv,World_EEZ_v8_2014.shp,WPP_BFAR_merge.shp,KKP_IDN_merge_20161208.shp,VNF-VBD_npp_20120301-20151231_global_asia-enhanced_c201607211230.bitmask,NCEI_NGA.union.nga_lead2.add_2015ntl.mask,timezone.shp,VBD_platforms-recurring_2015_r20170330.shp,999999,VBD_bridges_c20160811.shp,12.299009;10.465369;8.053330;3.222632;-1.624558;-6.485719;-11.365778;-9.508825;-7.103047;-2.272809;2.567765;7.425798,132.350113;146.298813;159.967957;158.737823;157.618271;156.600800;155.690308;141.820541;128.022095;129.257599;130.390579;131.419846,npp_d20151003_t1549228_e1555014_b20377,161.031,125.257,53.2436,99.9321,65.4933,66.1087
21,VBD_npp_d20151003_t1554505_x1339201E_y074383S_l2961_s0835_v23,2017-06-01 16:04:58,-7.438291,133.920059,14.1399,2015-10-03 15:54:50,2015-10-04 00:54:50,2961,835,0.335981,7,2465,0.348161,0.133859,0.874151,0.4,0.70014,0.75,0.0127255,0.0001,1.04245e-29,999999,1.444648e-02,3,,,,SVDNB_npp_d20151003_t1549228_e1555014_b20377_c20151003215503254871_noaa_ops.h5,GDNBO_npp_d20151003_t1549228_e1555014_b20377_c20151003215503254574_noaa_ops.h5,SVI04_npp_d20151003_t1549228_e1555014_b20377_c20151003215503327858_noaa_ops.dspace_rad,VNFF_npp_d20151003_t1549228_e1555014_b20377_v21.csv,World_EEZ_v8_2014.shp,WPP_BFAR_merge.shp,KKP_IDN_merge_20161208.shp,VNF-VBD_npp_20120301-20151231_global_asia-enhanced_c201607211230.bitmask,NCEI_NGA.union.nga_lead2.add_2015ntl.mask,timezone.shp,VBD_platforms-recurring_2015_r20170330.shp,999999,VBD_bridges_c20160811.shp,12.299009;10.465369;8.053330;3.222632;-1.624558;-6.485719;-11.365778;-9.508825;-7.103047;-2.272809;2.567765;7.425798,132.350113;146.298813;159.967957;158.737823;157.618271;156.600800;155.690308;141.820541;128.022095;129.257599;130.390579;131.419846,npp_d20151003_t1549228_e1555014_b20377,160.867,126.252,53.2454,100.286,65.7069,65.9695
22,VBD_npp_d20151003_t1554487_x1339511E_y073778S_l2951_s0837_v23,2017-06-01 16:04:58,-7.377838,133.951065,29.9957,2015-10-03 15:54:48,2015-10-04 00:54:48,2951,837,0.233126,1,2529,0.625561,0.13095,0.877794,0.4,0.833629,0.75,0.0127609,0.0001,1.19749e-29,999999,4.600176e-02,3,Indonesian Exclusive Economic Zone,WPP718,,SVDNB_npp_d20151003_t1549228_e1555014_b20377_c20151003215503254871_noaa_ops.h5,GDNBO_npp_d20151003_t1549228_e1555014_b20377_c20151003215503254574_noaa_ops.h5,SVI04_npp_d20151003_t1549228_e1555014_b20377_c20151003215503327858_noaa_ops.dspace_rad,VNFF_npp_d20151003_t1549228_e1555014_b20377_v21.csv,World_EEZ_v8_2014.shp,WPP_BFAR_merge.shp,KKP_IDN_merge_20161208.shp,VNF-VBD_npp_20120301-20151231_global_asia-enhanced_c201607211230.bitmask,NCEI_NGA.union.nga_lead2.add_2015ntl.mask,timezone.shp,VBD_platforms-recurring_2015_r20170330.shp,999999,VBD_bridges_c20160811.shp,12.299009;10.465369;8.053330;3.222632;-1.624558;-6.485719;-11.365778;-9.508825;-7.103047;-2.272809;2.567765;7.425798,132.350113;146.298813;159.967957;158.737823;157.618271;156.600800;155.690308;141.820541;128.022095;129.257599;130.390579;131.419846,npp_d20151003_t1549228_e1555014_b20377,160.884,126.068,53.1948,99.9813,65.6604,65.9878
23,VBD_npp_d20151003_t1554487_x1339401E_y074381S_l2960_s0837_v23,2017-06-01 16:04:58,-7.438127,133.940094,92.067,2015-10-03 15:54:48,2015-10-04 00:54:48,2960,837,0.333918,1,2529,1.1153,0.125521,0.874151,0.4,0.958612,0.75,0.012736,0.0001,9.46551e-30,999999,1.049036e-01,3,Indonesian Exclusive Economic Zone,WPP718,,SVDNB_npp_d20151003_t1549228_e1555014_b20377_c20151003215503254871_noaa_ops.h5,GDNBO_npp_d20151003_t1549228_e1555014_b20377_c20151003215503254574_noaa_ops.h5,SVI04_npp_d20151003_t1549228_e1555014_b20377_c20151003215503327858_noaa_ops.dspace_rad,VNFF_npp_d20151003_t1549228_e1555014_b20377_v21.csv,World_EEZ_v8_2014.shp,WPP_BFAR_merge.shp,KKP_IDN_merge_20161208.shp,VNF-VBD_npp_20120301-20151231_global_asia-enhanced_c201607211230.bitmask,NCEI_NGA.union.nga_lead2.add_2015ntl.mask,timezone.shp,VBD_platforms-recurring_2015_r20170330.shp,999999,VBD_bridges_c20160811.shp,12.299009;10.465369;8.053330;3.222632;-1.624558;-6.485719;-11.365778;-9.508825;-7.103047;-2.272809;2.567765;7.425798,132.350113;146.298813;159.967957;158.737823;157.618271;156.600800;155.690308;141.820541;128.022095;129.257599;130.390579;131.419846,npp_d20151003_t1549228_e1555014_b20377,160.857,126.228,53.1969,99.5541,65.6951,65.9654
24,VBD_npp_d20151003_t1554487_x1339553E_y073924S_l2953_s0838_v23,2017-06-01 16:04:58,-7.392403,133.955261,41.424,2015-10-03 15:54:48,2015-10-04 00:54:48,2953,838,0.306675,1,2529,0.777909,0.161859,0.877794,0.4,0.91146,0.75,0.0127592,0.0001,1.23668e-29,999999,-2.893267e-01,3,Indonesian Exclusive Economic Zone,WPP718,,SVDNB_npp_d20151003_t1549228_e1555014_b20377_c20151003215503254871_noaa_ops.h5,GDNBO_npp_d20151003_t1549228_e1555014_b20377_c20151003215503254574_noaa_ops.h5,SVI04_npp_d20151003_t1549228_e1555014_b20377_c20151003215503327858_noaa_ops.dspace_rad,VNFF_npp_d20151003_t1549228_e1555014_b20377_v21.csv,World_EEZ_v8_2014.shp,WPP_BFAR_merge.shp,KKP_IDN_merge_20161208.shp,VNF-VBD_npp_20120301-20151231_global_asia-enhanced_c201607211230.bitmask,NCEI_NGA.union.nga_lead2.add_2015ntl.mask,timezone.shp,VBD_platforms-recurring_2015_r20170330.shp,999999,VBD_bridges_c20160811.shp,12.299009;10.465369;8.053330;3.222632;-1.624558;-6.485719;-11.365778;-9.508825;-7.103047;-2.272809;2.567765;7.425798,132.350113;146.298813;159.967957;158.737823;157.618271;156.600800;155.690308;141.820541;128.022095;129.257599;130.390579;131.419846,npp_d20151003_t1549228_e1555014_b20377,160.872,126.094,53.1682,99.8855,65.6625,65.9802
25,VBD_npp_d20151003_t1554505_x1339400E_y074419S_l2961_s0838_v23,2017-06-01 16:04:58,-7.441877,133.940002,83.11,2015-10-03 15:54:50,2015-10-04 00:54:50,2961,838,0.333918,1,2529,1.07268,0.129822,0.874151,0.4,0.952311,0.75,0.0127371,0.0001,1.34178e-29,999999,5.824068e-02,3,Indonesian Exclusive Economic Zone,WPP718,,SVDNB_npp_d20151003_t1549228_e1555014_b20377_c20151003215503254871_noaa_ops.h5,GDNBO_npp_d20151003_t1549228_e1555014_b20377_c20151003215503254574_noaa_ops.h5,SVI04_npp_d20151003_t1549228_e1555014_b20377_c20151003215503327858_noaa_ops.dspace_rad,VNFF_npp_d20151003_t1549228_e1555014_b20377_v21.csv,World_EEZ_v8_2014.shp,WPP_BFAR_merge.shp,KKP_IDN_merge_20161208.shp,VNF-VBD_npp_20120301-20151231_global_asia-enhanced_c201607211230.bitmask,NCEI_NGA.union.nga_lead2.add_2015ntl.mask,timezone.shp,VBD_platforms-recurring_2015_r20170330.shp,999999,VBD_bridges_c20160811.shp,12.299009;10.465369;8.053330;3.222632;-1.624558;-6.485719;-11.365778;-9.508825;-7.103047;-2.272809;2.567765;7.425798,132.350113;146.298813;159.967957;158.737823;157.618271;156.600800;155.690308;141.820541;128.022095;129.257599;130.390579;131.419846,npp_d20151003_t1549228_e1555014_b20377,160.849,126.224,53.1647,100.284,65.6902,65.9615
26,VBD_npp_d20151003_t1554469_x1339960E_y072918S_l2937_s0840_v23,2017-06-01 16:04:58,-7.291770,133.996033,13.0638,2015-10-03 15:54:46,2015-10-04 00:54:46,2937,840,0.202326,2,2465,0.275821,0.107154,0.601951,0.4,0.602569,0.75,0.0128113,0.0001,1.70938e-29,999999,3.041620e-01,3,Indonesian Exclusive Economic Zone,WPP718,,SVDNB_npp_d20151003_t1549228_e1555014_b20377_c20151003215503254871_noaa_ops.h5,GDNBO_npp_d20151003_t1549228_e1555014_b20377_c20151003215503254574_noaa_ops.h5,SVI04_npp_d20151003_t1549228_e1555014_b20377_c20151003215503327858_noaa_ops.dspace_rad,VNFF_npp_d20151003_t1549228_e1555014_b20377_v21.csv,World_EEZ_v8_2014.shp,WPP_BFAR_merge.shp,KKP_IDN_merge_20161208.shp,VNF-VBD_npp_20120301-20151231_global_asia-enhanced_c201607211230.bitmask,NCEI_NGA.union.nga_lead2.add_2015ntl.mask,timezone.shp,VBD_platforms-recurring_2015_r20170330.shp,999999,VBD_bridges_c20160811.shp,12.299009;10.465369;8.053330;3.222632;-1.624558;-6.485719;-11.365778;-9.508825;-7.103047;-2.272809;2.567765;7.425798,132.350113;146.298813;159.967957;158.737823;157.618271;156.600800;155.690308;141.820541;128.022095;129.257599;130.390579;131.419846,npp_d20151003_t1549228_e1555014_b20377,160.904,125.799,53.1073,99.8672,65.5906,66.0129
27,VBD_npp_d20151003_t1554487_x1339722E_y073747S_l2950_s0840_v23,2017-06-01 16:04:58,-7.374663,133.972198,39.0904,2015-10-03 15:54:48,2015-10-04 00:54:48,2950,840,0.264708,1,2529,0.73354,0.131847,0.868353,0.4,0.877475,0.75,0.0127753,0.0001,1.57975e-29,999999,3.627201e-02,3,Indonesian Exclusive Economic Zone,WPP718,,SVDNB_npp_d20151003_t1549228_e1555014_b20377_c20151003215503254871_noaa_ops.h5,GDNBO_npp_d20151003_t1549228_e1555014_b20377_c20151003215503254574_noaa_ops.h5,SVI04_npp_d20151003_t1549228_e1555014_b20377_c20151003215503327858_noaa_ops.dspace_rad,VNFF_npp_d20151003_t1549228_e1555014_b20377_v21.csv,World_EEZ_v8_2014.shp,WPP_BFAR_merge.shp,KKP_IDN_merge_20161208.shp,VNF-VBD_npp_20120301-20151231_global_asia-enhanced_c201607211230.bitmask,NCEI_NGA.union.nga_lead2.add_2015ntl.mask,timezone.shp,VBD_platforms-recurring_2015_r20170330.shp,999999,VBD_bridges_c20160811.shp,12.299009;10.465369;8.053330;3.222632;-1.624558;-6.485719;-11.365778;-9.508825;-7.103047;-2.272809;2.567765;7.425798,132.350113;146.298813;159.967957;158.737823;157.618271;156.600800;155.690308;141.820541;128.022095;129.257599;130.390579;131.419846,npp_d20151003_t1549228_e1555014_b20377,160.869,126.022,53.114,100.026,65.6398,65.9825
28,VBD_npp_d20151003_t1554487_x1339673E_y074014S_l2954_s0840_v23,2017-06-01 16:04:58,-7.401423,133.967346,32.5292,2015-10-03 15:54:48,2015-10-04 00:54:48,2954,840,0.292876,1,2529,0.751325,0.157979,0.88366,0.4,0.894176,0.75,0.0127642,0.0001,1.42479e-29,999999,-2.472274e-01,3,Indonesian Exclusive Economic Zone,WPP718,,SVDNB_npp_d20151003_t1549228_e1555014_b20377_c20151003215503254871_noaa_ops.h5,GDNBO_npp_d20151003_t1549228_e1555014_b20377_c20151003215503254574_noaa_ops.h5,SVI04_npp_d20151003_t1549228_e1555014_b20377_c20151003215503327858_noaa_ops.dspace_rad,VNFF_npp_d20151003_t1549228_e1555014_b20377_v21.csv,World_EEZ_v8_2014.shp,WPP_BFAR_merge.shp,KKP_IDN_merge_20161208.shp,VNF-VBD_npp_20120301-20151231_global_asia-enhanced_c201607211230.bitmask,NCEI_NGA.union.nga_lead2.add_2015ntl.mask,timezone.shp,VBD_platforms-recurring_2015_r20170330.shp,999999,VBD_bridges_c20160811.shp,12.299009;10.465369;8.053330;3.222632;-1.624558;-6.485719;-11.365778;-9.508825;-7.103047;-2.272809;2.567765;7.425798,132.350113;146.298813;159.967957;158.737823;157.618271;156.600800;155.690308;141.820541;128.022095;129.257599;130.390579;131.419846,npp_d20151003_t1549228_e1555014_b20377,160.857,126.093,53.1146,99.8362,65.6552,65.9725
29,VBD_npp_d20151003_t1554487_x1339932E_y073715S_l2949_s0843_v23,2017-06-01 16:04:58,-7.371492,133.993240,14.1665,2015-10-03 15:54:48,2015-10-04 00:54:48,2949,843,0.226724,7,2465,0.330336,0.123688,0.863842,0.4,0.660832,0.75,0.0127897,0.0001,2.08017e-29,999999,1.247869e-01,3,,,,SVDNB_npp_d20151003_t1549228_e1555014_b20377_c20151003215503254871_noaa_ops.h5,GDNBO_npp_d20151003_t1549228_e1555014_b20377_c20151003215503254574_noaa_ops.h5,SVI04_npp_d20151003_t1549228_e1555014_b20377_c20151003215503327858_noaa_ops.dspace_rad,VNFF_npp_d20151003_t1549228_e1555014_b20377_v21.csv,World_EEZ_v8_2014.shp,WPP_BFAR_merge.shp,KKP_IDN_merge_20161208.shp,VNF-VBD_npp_20120301-20151231_global_asia-enhanced_c201607211230.bitmask,NCEI_NGA.union.nga_lead2.add_2015ntl.mask,timezone.shp,VBD_platforms-recurring_2015_r20170330.shp,999999,VBD_bridges_c20160811.shp,12.299009;10.465369;8.053330;3.222632;-1.624558;-6.485719;-11.365778;-9.508825;-7.103047;-2.272809;2.567765;7.425798,132.350113;146.298813;159.967957;158.737823;157.618271;156.600800;155.690308;141.820541;128.022095;129.257599;130.390579;131.419846,npp_d20151003_t1549228_e1555014_b20377,160.854,125.977,53.0334,100.071,65.6193,65.9771
30,VBD_npp_d20151003_t1554487_x1339836E_y074249S_l2957_s0843_v23,2017-06-01 16:04:58,-7.424936,133.983551,22.1095,2015-10-03 15:54:48,2015-10-04 00:54:48,2957,843,0.336906,1,2529,0.694189,0.156445,0.876593,0.4,0.914417,0.75,0.0127676,0.0001,1.69272e-29,999999,-2.305877e-01,3,Indonesian Exclusive Economic Zone,WPP718,,SVDNB_npp_d20151003_t1549228_e1555014_b20377_c20151003215503254871_noaa_ops.h5,GDNBO_npp_d20151003_t1549228_e1555014_b20377_c20151003215503254574_noaa_ops.h5,SVI04_npp_d20151003_t1549228_e1555014_b20377_c20151003215503327858_noaa_ops.dspace_rad,VNFF_npp_d20151003_t1549228_e1555014_b20377_v21.csv,World_EEZ_v8_2014.shp,WPP_BFAR_merge.shp,KKP_IDN_merge_20161208.shp,VNF-VBD_npp_20120301-20151231_global_asia-enhanced_c201607211230.bitmask,NCEI_NGA.union.nga_lead2.add_2015ntl.mask,timezone.shp,VBD_platforms-recurring_2015_r20170330.shp,999999,VBD_bridges_c20160811.shp,12.299009;10.465369;8.053330;3.222632;-1.624558;-6.485719;-11.365778;-9.508825;-7.103047;-2.272809;2.567765;7.425798,132.350113;146.298813;159.967957;158.737823;157.618271;156.600800;155.690308;141.820541;128.022095;129.257599;130.390579;131.419846,npp_d20151003_t1549228_e1555014_b20377,160.83,126.119,53.0348,99.6908,65.6501,65.9572
31,VBD_npp_d20151003_t1554469_x1340164E_y073298S_l2942_s0844_v23,2017-06-01 16:04:58,-7.329782,134.016418,10.744,2015-10-03 15:54:46,2015-10-04 00:54:46,2942,844,0.214845,2,2465,0.23693,0.121702,0.751756,0.4,0.56433,0.75,0.012813,0.0001,2.09436e-29,999999,1.463320e-01,3,Indonesian Exclusive Economic Zone,WPP718,,SVDNB_npp_d20151003_t1549228_e1555014_b20377_c20151003215503254871_noaa_ops.h5,GDNBO_npp_d20151003_t1549228_e1555014_b20377_c20151003215503254574_noaa_ops.h5,SVI04_npp_d20151003_t1549228_e1555014_b20377_c20151003215503327858_noaa_ops.dspace_rad,VNFF_npp_d20151003_t1549228_e1555014_b20377_v21.csv,World_EEZ_v8_2014.shp,WPP_BFAR_merge.shp,KKP_IDN_merge_20161208.shp,VNF-VBD_npp_20120301-20151231_global_asia-enhanced_c201607211230.bitmask,NCEI_NGA.union.nga_lead2.add_2015ntl.mask,timezone.shp,VBD_platforms-recurring_2015_r20170330.shp,999999,VBD_bridges_c20160811.shp,12.299009;10.465369;8.053330;3.222632;-1.624558;-6.485719;-11.365778;-9.508825;-7.103047;-2.272809;2.567765;7.425798,132.350113;146.298813;159.967957;158.737823;157.618271;156.600800;155.690308;141.820541;128.022095;129.257599;130.390579;131.419846,npp_d20151003_t1549228_e1555014_b20377,160.866,125.851,53.0012,99.6258,65.5876,65.99
32,VBD_npp_d20151003_t1554487_x1340046E_y073459S_l2945_s0844_v23,2017-06-01 16:04:58,-7.345950,134.004639,11.5924,2015-10-03 15:54:48,2015-10-04 00:54:48,2945,844,0.227293,2,2465,0.277354,0.117473,0.824774,0.4,0.623272,0.75,0.0128047,0.0001,2.50121e-29,999999,1.922130e-01,3,Indonesian Exclusive Economic Zone,WPP718,,SVDNB_npp_d20151003_t1549228_e1555014_b20377_c20151003215503254871_noaa_ops.h5,GDNBO_npp_d20151003_t1549228_e1555014_b20377_c20151003215503254574_noaa_ops.h5,SVI04_npp_d20151003_t1549228_e1555014_b20377_c20151003215503327858_noaa_ops.dspace_rad,VNFF_npp_d20151003_t1549228_e1555014_b20377_v21.csv,World_EEZ_v8_2014.shp,WPP_BFAR_merge.shp,KKP_IDN_merge_20161208.shp,VNF-VBD_npp_20120301-20151231_global_asia-enhanced_c201607211230.bitmask,NCEI_NGA.union.nga_lead2.add_2015ntl.mask,timezone.shp,VBD_platforms-recurring_2015_r20170330.shp,999999,VBD_bridges_c20160811.shp,12.299009;10.465369;8.053330;3.222632;-1.624558;-6.485719;-11.365778;-9.508825;-7.103047;-2.272809;2.567765;7.425798,132.350113;146.298813;159.967957;158.737823;157.618271;156.600800;155.690308;141.820541;128.022095;129.257599;130.390579;131.419846,npp_d20151003_t1549228_e1555014_b20377,160.86,125.897,53.0065,100.261,65.5984,65.9845
33,VBD_npp_d20151003_t1554487_x1340094E_y073950S_l2952_s0846_v23,2017-06-01 16:04:58,-7.395014,134.009384,31.3955,2015-10-03 15:54:48,2015-10-04 00:54:48,2952,846,0.299064,1,2529,0.753534,0.150111,0.876173,0.4,0.880554,0.75,0.0127931,0.0001,2.46931e-29,999999,-1.618687e-01,3,Indonesian Exclusive Economic Zone,WPP718,,SVDNB_npp_d20151003_t1549228_e1555014_b20377_c20151003215503254871_noaa_ops.h5,GDNBO_npp_d20151003_t1549228_e1555014_b20377_c20151003215503254574_noaa_ops.h5,SVI04_npp_d20151003_t1549228_e1555014_b20377_c20151003215503327858_noaa_ops.dspace_rad,VNFF_npp_d20151003_t1549228_e1555014_b20377_v21.csv,World_EEZ_v8_2014.shp,WPP_BFAR_merge.shp,KKP_IDN_merge_20161208.shp,VNF-VBD_npp_20120301-20151231_global_asia-enhanced_c201607211230.bitmask,NCEI_NGA.union.nga_lead2.add_2015ntl.mask,timezone.shp,VBD_platforms-recurring_2015_r20170330.shp,999999,VBD_bridges_c20160811.shp,12.299009;10.465369;8.053330;3.222632;-1.624558;-6.485719;-11.365778;-9.508825;-7.103047;-2.272809;2.567765;7.425798,132.350113;146.298813;159.967957;158.737823;157.618271;156.600800;155.690308;141.820541;128.022095;129.257599;130.390579;131.419846,npp_d20151003_t1549228_e1555014_b20377,160.827,126.002,52.9533,99.926,65.6142,65.9618
34,VBD_npp_d20151003_t1554469_x1340337E_y073465S_l2944_s0847_v23,2017-06-01 16:04:58,-7.346530,134.033737,13.2575,2015-10-03 15:54:46,2015-10-04 00:54:46,2944,847,0.284198,7,2465,0.354085,0.133653,0.795793,0.4,0.681161,0.75,0.0128191,0.0001,2.54764e-29,999999,1.667423e-02,3,,,,SVDNB_npp_d20151003_t1549228_e1555014_b20377_c20151003215503254871_noaa_ops.h5,GDNBO_npp_d20151003_t1549228_e1555014_b20377_c20151003215503254574_noaa_ops.h5,SVI04_npp_d20151003_t1549228_e1555014_b20377_c20151003215503327858_noaa_ops.dspace_rad,VNFF_npp_d20151003_t1549228_e1555014_b20377_v21.csv,World_EEZ_v8_2014.shp,WPP_BFAR_merge.shp,KKP_IDN_merge_20161208.shp,VNF-VBD_npp_20120301-20151231_global_asia-enhanced_c201607211230.bitmask,NCEI_NGA.union.nga_lead2.add_2015ntl.mask,timezone.shp,VBD_platforms-recurring_2015_r20170330.shp,999999,VBD_bridges_c20160811.shp,12.299009;10.465369;8.053330;3.222632;-1.624558;-6.485719;-11.365778;-9.508825;-7.103047;-2.272809;2.567765;7.425798,132.350113;146.298813;159.967957;158.737823;157.618271;156.600800;155.690308;141.820541;128.022095;129.257599;130.390579;131.419846,npp_d20151003_t1549228_e1555014_b20377,160.842,125.859,52.9214,99.5277,65.5786,65.9772
35,VBD_npp_d20151003_t1554487_x1340220E_y073628S_l2947_s0847_v23,2017-06-01 16:04:58,-7.362828,134.021988,16.2918,2015-10-03 15:54:48,2015-10-04 00:54:48,2947,847,0.253042,7,2465,0.412577,0.149157,0.834224,0.4,0.715642,0.75,0.0128108,0.0001,3.04491e-29,999999,-1.515205e-01,3,,,,SVDNB_npp_d20151003_t1549228_e1555014_b20377_c20151003215503254871_noaa_ops.h5,GDNBO_npp_d20151003_t1549228_e1555014_b20377_c20151003215503254574_noaa_ops.h5,SVI04_npp_d20151003_t1549228_e1555014_b20377_c20151003215503327858_noaa_ops.dspace_rad,VNFF_npp_d20151003_t1549228_e1555014_b20377_v21.csv,World_EEZ_v8_2014.shp,WPP_BFAR_merge.shp,KKP_IDN_merge_20161208.shp,VNF-VBD_npp_20120301-20151231_global_asia-enhanced_c201607211230.bitmask,NCEI_NGA.union.nga_lead2.add_2015ntl.mask,timezone.shp,VBD_platforms-recurring_2015_r20170330.shp,999999,VBD_bridges_c20160811.shp,12.299009;10.465369;8.053330;3.222632;-1.624558;-6.485719;-11.365778;-9.508825;-7.103047;-2.272809;2.567765;7.425798,132.350113;146.298813;159.967957;158.737823;157.618271;156.600800;155.690308;141.820541;128.022095;129.257599;130.390579;131.419846,npp_d20151003_t1549228_e1555014_b20377,160.836,125.905,52.926,100.163,65.5895,65.9717
36,VBD_npp_d20151003_t1554487_x1340310E_y073507S_l2945_s0848_v23,2017-06-01 16:04:58,-7.350668,134.030960,27.1954,2015-10-03 15:54:48,2015-10-04 00:54:48,2945,848,0.262289,1,2529,0.606608,0.134991,0.795793,0.4,0.840458,0.75,0.0128202,0.0001,3.47614e-29,999999,2.157163e-03,3,Indonesian Exclusive Economic Zone,WPP718,,SVDNB_npp_d20151003_t1549228_e1555014_b20377_c20151003215503254871_noaa_ops.h5,GDNBO_npp_d20151003_t1549228_e1555014_b20377_c20151003215503254574_noaa_ops.h5,SVI04_npp_d20151003_t1549228_e1555014_b20377_c20151003215503327858_noaa_ops.dspace_rad,VNFF_npp_d20151003_t1549228_e1555014_b20377_v21.csv,World_EEZ_v8_2014.shp,WPP_BFAR_merge.shp,KKP_IDN_merge_20161208.shp,VNF-VBD_npp_20120301-20151231_global_asia-enhanced_c201607211230.bitmask,NCEI_NGA.union.nga_lead2.add_2015ntl.mask,timezone.shp,VBD_platforms-recurring_2015_r20170330.shp,999999,VBD_bridges_c20160811.shp,12.299009;10.465369;8.053330;3.222632;-1.624558;-6.485719;-11.365778;-9.508825;-7.103047;-2.272809;2.567765;7.425798,132.350113;146.298813;159.967957;158.737823;157.618271;156.600800;155.690308;141.820541;128.022095;129.257599;130.390579;131.419846,npp_d20151003_t1549228_e1555014_b20377,160.836,125.86,52.8993,100.258,65.5764,65.9741
37,VBD_npp_d20151003_t1554452_x1340911E_y072148S_l2923_s0851_v23,2017-06-01 16:04:58,-7.214778,134.091095,47.4097,2015-10-03 15:54:45,2015-10-04 00:54:45,2923,851,0.319621,1,2529,0.966932,0.118757,0.828096,0.4,0.949164,0.75,0.0128928,0.0001,4.54777e-29,999999,1.782780e-01,3,Indonesian Exclusive Economic Zone,WPP718,,SVDNB_npp_d20151003_t1549228_e1555014_b20377_c20151003215503254871_noaa_ops.h5,GDNBO_npp_d20151003_t1549228_e1555014_b20377_c20151003215503254574_noaa_ops.h5,SVI04_npp_d20151003_t1549228_e1555014_b20377_c20151003215503327858_noaa_ops.dspace_rad,VNFF_npp_d20151003_t1549228_e1555014_b20377_v21.csv,World_EEZ_v8_2014.shp,WPP_BFAR_merge.shp,KKP_IDN_merge_20161208.shp,VNF-VBD_npp_20120301-20151231_global_asia-enhanced_c201607211230.bitmask,NCEI_NGA.union.nga_lead2.add_2015ntl.mask,timezone.shp,VBD_platforms-recurring_2015_r20170330.shp,999999,VBD_bridges_c20160811.shp,12.299009;10.465369;8.053330;3.222632;-1.624558;-6.485719;-11.365778;-9.508825;-7.103047;-2.272809;2.567765;7.425798,132.350113;146.298813;159.967957;158.737823;157.618271;156.600800;155.690308;141.820541;128.022095;129.257599;130.390579;131.419846,npp_d20151003_t1549228_e1555014_b20377,160.878,125.461,52.815,99.7434,65.4789,66.0183
38,VBD_npp_d20151003_t1554469_x1340827E_y073001S_l2936_s0853_v23,2017-06-01 16:04:58,-7.300093,134.082718,17.1967,2015-10-03 15:54:46,2015-10-04 00:54:46,2936,853,0.173162,2,2465,0.355417,0.140344,0.627404,0.4,0.666545,0.75,0.0128646,0.0001,5.10541e-29,999999,-5.590773e-02,3,Indonesian Exclusive Economic Zone,WPP718,,SVDNB_npp_d20151003_t1549228_e1555014_b20377_c20151003215503254871_noaa_ops.h5,GDNBO_npp_d20151003_t1549228_e1555014_b20377_c20151003215503254574_noaa_ops.h5,SVI04_npp_d20151003_t1549228_e1555014_b20377_c20151003215503327858_noaa_ops.dspace_rad,VNFF_npp_d20151003_t1549228_e1555014_b20377_v21.csv,World_EEZ_v8_2014.shp,WPP_BFAR_merge.shp,KKP_IDN_merge_20161208.shp,VNF-VBD_npp_20120301-20151231_global_asia-enhanced_c201607211230.bitmask,NCEI_NGA.union.nga_lead2.add_2015ntl.mask,timezone.shp,VBD_platforms-recurring_2015_r20170330.shp,999999,VBD_bridges_c20160811.shp,12.299009;10.465369;8.053330;3.222632;-1.624558;-6.485719;-11.365778;-9.508825;-7.103047;-2.272809;2.567765;7.425798,132.350113;146.298813;159.967957;158.737823;157.618271;156.600800;155.690308;141.820541;128.022095;129.257599;130.390579;131.419846,npp_d20151003_t1549228_e1555014_b20377,160.83,125.663,52.7586,99.9037,65.5149,65.9817
39,VBD_npp_d20151003_t1554469_x1341041E_y072559S_l2929_s0855_v23,2017-06-01 16:04:58,-7.255877,134.104126,21.5897,2015-10-03 15:54:46,2015-10-04 00:54:46,2929,855,0.28562,1,2529,0.463552,0.120334,0.740691,0.4,0.784074,0.75,0.0128917,0.0001,7.14875e-29,999999,1.611726e-01,3,Indonesian Exclusive Economic Zone,WPP718,,SVDNB_npp_d20151003_t1549228_e1555014_b20377_c20151003215503254871_noaa_ops.h5,GDNBO_npp_d20151003_t1549228_e1555014_b20377_c20151003215503254574_noaa_ops.h5,SVI04_npp_d20151003_t1549228_e1555014_b20377_c20151003215503327858_noaa_ops.dspace_rad,VNFF_npp_d20151003_t1549228_e1555014_b20377_v21.csv,World_EEZ_v8_2014.shp,WPP_BFAR_merge.shp,KKP_IDN_merge_20161208.shp,VNF-VBD_npp_20120301-20151231_global_asia-enhanced_c201607211230.bitmask,NCEI_NGA.union.nga_lead2.add_2015ntl.mask,timezone.shp,VBD_platforms-recurring_2015_r20170330.shp,999999,VBD_bridges_c20160811.shp,12.299009;10.465369;8.053330;3.222632;-1.624558;-6.485719;-11.365778;-9.508825;-7.103047;-2.272809;2.567765;7.425798,132.350113;146.298813;159.967957;158.737823;157.618271;156.600800;155.690308;141.820541;128.022095;129.257599;130.390579;131.419846,npp_d20151003_t1549228_e1555014_b20377,160.838,125.521,52.7048,100.236,65.4773,65.9941
40,VBD_npp_d20151003_t1554452_x1341312E_y072578S_l2928_s0858_v23,2017-06-01 16:04:58,-7.257771,134.131180,11.7479,2015-10-03 15:54:45,2015-10-04 00:54:45,2928,858,0.262858,7,2465,0.304517,0.105065,0.740691,0.4,0.625071,0.75,0.0129061,0.0001,7.07225e-29,999999,3.268267e-01,3,,,,SVDNB_npp_d20151003_t1549228_e1555014_b20377_c20151003215503254871_noaa_ops.h5,GDNBO_npp_d20151003_t1549228_e1555014_b20377_c20151003215503254574_noaa_ops.h5,SVI04_npp_d20151003_t1549228_e1555014_b20377_c20151003215503327858_noaa_ops.dspace_rad,VNFF_npp_d20151003_t1549228_e1555014_b20377_v21.csv,World_EEZ_v8_2014.shp,WPP_BFAR_merge.shp,KKP_IDN_merge_20161208.shp,VNF-VBD_npp_20120301-20151231_global_asia-enhanced_c201607211230.bitmask,NCEI_NGA.union.nga_lead2.add_2015ntl.mask,timezone.shp,VBD_platforms-recurring_2015_r20170330.shp,999999,VBD_bridges_c20160811.shp,12.299009;10.465369;8.053330;3.222632;-1.624558;-6.485719;-11.365778;-9.508825;-7.103047;-2.272809;2.567765;7.425798,132.350113;146.298813;159.967957;158.737823;157.618271;156.600800;155.690308;141.820541;128.022095;129.257599;130.390579;131.419846,npp_d20151003_t1549228_e1555014_b20377,160.821,125.49,52.6261,99.4851,65.4599,65.9869
41,VBD_npp_d20151003_t1554469_x1341317E_y072590S_l2929_s0859_v23,2017-06-01 16:04:58,-7.258987,134.131683,8.27455,2015-10-03 15:54:46,2015-10-04 00:54:46,2929,859,0.262858,7,2465,0.216855,0.117929,0.710015,0.4,0.546594,0.75,0.0129073,0.0001,1.00718e-28,999999,1.872671e-01,3,,,,SVDNB_npp_d20151003_t1549228_e1555014_b20377_c20151003215503254871_noaa_ops.h5,GDNBO_npp_d20151003_t1549228_e1555014_b20377_c20151003215503254574_noaa_ops.h5,SVI04_npp_d20151003_t1549228_e1555014_b20377_c20151003215503327858_noaa_ops.dspace_rad,VNFF_npp_d20151003_t1549228_e1555014_b20377_v21.csv,World_EEZ_v8_2014.shp,WPP_BFAR_merge.shp,KKP_IDN_merge_20161208.shp,VNF-VBD_npp_20120301-20151231_global_asia-enhanced_c201607211230.bitmask,NCEI_NGA.union.nga_lead2.add_2015ntl.mask,timezone.shp,VBD_platforms-recurring_2015_r20170330.shp,999999,VBD_bridges_c20160811.shp,12.299009;10.465369;8.053330;3.222632;-1.624558;-6.485719;-11.365778;-9.508825;-7.103047;-2.272809;2.567765;7.425798,132.350113;146.298813;159.967957;158.737823;157.618271;156.600800;155.690308;141.820541;128.022095;129.257599;130.390579;131.419846,npp_d20151003_t1549228_e1555014_b20377,160.814,125.479,52.5927,100.246,65.4534,65.9839
42,VBD_npp_d20151003_t1554452_x1341951E_y072617S_l2927_s0867_v23,2017-06-01 16:04:58,-7.261659,134.195084,26.4787,2015-10-03 15:54:45,2015-10-04 00:54:45,2927,867,0.275875,1,2529,0.616933,0.144879,0.82797,0.4,0.838522,0.75,0.0129439,0.0001,1.56979e-28,999999,-1.051088e-01,3,Indonesian Exclusive Economic Zone,WPP718,,SVDNB_npp_d20151003_t1549228_e1555014_b20377_c20151003215503254871_noaa_ops.h5,GDNBO_npp_d20151003_t1549228_e1555014_b20377_c20151003215503254574_noaa_ops.h5,SVI04_npp_d20151003_t1549228_e1555014_b20377_c20151003215503327858_noaa_ops.dspace_rad,VNFF_npp_d20151003_t1549228_e1555014_b20377_v21.csv,World_EEZ_v8_2014.shp,WPP_BFAR_merge.shp,KKP_IDN_merge_20161208.shp,VNF-VBD_npp_20120301-20151231_global_asia-enhanced_c201607211230.bitmask,NCEI_NGA.union.nga_lead2.add_2015ntl.mask,timezone.shp,VBD_platforms-recurring_2015_r20170330.shp,999999,VBD_bridges_c20160811.shp,12.299009;10.465369;8.053330;3.222632;-1.624558;-6.485719;-11.365778;-9.508825;-7.103047;-2.272809;2.567765;7.425798,132.350113;146.298813;159.967957;158.737823;157.618271;156.600800;155.690308;141.820541;128.022095;129.257599;130.390579;131.419846,npp_d20151003_t1549228_e1555014_b20377,160.767,125.386,52.367,99.5254,65.4031,65.9649
43,VBD_npp_d20151003_t1554469_x1341861E_y072758S_l2930_s0867_v23,2017-06-01 16:04:58,-7.275774,134.186050,7.19371,2015-10-03 15:54:46,2015-10-04 00:54:46,2930,867,0.252402,7,2209,0.13073,0.1259,0.82797,0.4,0.405301,0.75,0.0129356,0.0001,1.94263e-28,999999,1.007903e-01,3,,,,SVDNB_npp_d20151003_t1549228_e1555014_b20377_c20151003215503254871_noaa_ops.h5,GDNBO_npp_d20151003_t1549228_e1555014_b20377_c20151003215503254574_noaa_ops.h5,SVI04_npp_d20151003_t1549228_e1555014_b20377_c20151003215503327858_noaa_ops.dspace_rad,VNFF_npp_d20151003_t1549228_e1555014_b20377_v21.csv,World_EEZ_v8_2014.shp,WPP_BFAR_merge.shp,KKP_IDN_merge_20161208.shp,VNF-VBD_npp_20120301-20151231_global_asia-enhanced_c201607211230.bitmask,NCEI_NGA.union.nga_lead2.add_2015ntl.mask,timezone.shp,VBD_platforms-recurring_2015_r20170330.shp,999999,VBD_bridges_c20160811.shp,12.299009;10.465369;8.053330;3.222632;-1.624558;-6.485719;-11.365778;-9.508825;-7.103047;-2.272809;2.567765;7.425798,132.350113;146.298813;159.967957;158.737823;157.618271;156.600800;155.690308;141.820541;128.022095;129.257599;130.390579;131.419846,npp_d20151003_t1549228_e1555014_b20377,160.76,125.422,52.3627,100.19,65.4107,65.9593
44,VBD_npp_d20151003_t1554452_x1342156E_y071877S_l2916_s0868_v23,2017-06-01 16:04:58,-7.187660,134.215561,61.8259,2015-10-03 15:54:45,2015-10-04 00:54:45,2916,868,0.307458,1,2529,0.974643,0.127308,0.855298,0.4,0.933865,0.75,0.0129782,0.0001,2.2644e-28,999999,8.551087e-02,3,Indonesian Exclusive Economic Zone,WPP718,,SVDNB_npp_d20151003_t1549228_e1555014_b20377_c20151003215503254871_noaa_ops.h5,GDNBO_npp_d20151003_t1549228_e1555014_b20377_c20151003215503254574_noaa_ops.h5,SVI04_npp_d20151003_t1549228_e1555014_b20377_c20151003215503327858_noaa_ops.dspace_rad,VNFF_npp_d20151003_t1549228_e1555014_b20377_v21.csv,World_EEZ_v8_2014.shp,WPP_BFAR_merge.shp,KKP_IDN_merge_20161208.shp,VNF-VBD_npp_20120301-20151231_global_asia-enhanced_c201607211230.bitmask,NCEI_NGA.union.nga_lead2.add_2015ntl.mask,timezone.shp,VBD_platforms-recurring_2015_r20170330.shp,999999,VBD_bridges_c20160811.shp,12.299009;10.465369;8.053330;3.222632;-1.624558;-6.485719;-11.365778;-9.508825;-7.103047;-2.272809;2.567765;7.425798,132.350113;146.298813;159.967957;158.737823;157.618271;156.600800;155.690308;141.820541;128.022095;129.257599;130.390579;131.419846,npp_d20151003_t1549228_e1555014_b20377,160.793,125.176,52.3361,100.071,65.3541,65.9906
45,VBD_npp_d20151003_t1554452_x1342089E_y072640S_l2927_s0869_v23,2017-06-01 16:04:58,-7.264032,134.208923,24.7062,2015-10-03 15:54:45,2015-10-04 00:54:45,2927,869,0.262218,2,2465,0.517245,0.161531,0.82797,0.4,0.749142,0.75,0.0129517,0.0001,1.85938e-28,999999,-2.857631e-01,3,Indonesian Exclusive Economic Zone,WPP718,,SVDNB_npp_d20151003_t1549228_e1555014_b20377_c20151003215503254871_noaa_ops.h5,GDNBO_npp_d20151003_t1549228_e1555014_b20377_c20151003215503254574_noaa_ops.h5,SVI04_npp_d20151003_t1549228_e1555014_b20377_c20151003215503327858_noaa_ops.dspace_rad,VNFF_npp_d20151003_t1549228_e1555014_b20377_v21.csv,World_EEZ_v8_2014.shp,WPP_BFAR_merge.shp,KKP_IDN_merge_20161208.shp,VNF-VBD_npp_20120301-20151231_global_asia-enhanced_c201607211230.bitmask,NCEI_NGA.union.nga_lead2.add_2015ntl.mask,timezone.shp,VBD_platforms-recurring_2015_r20170330.shp,999999,VBD_bridges_c20160811.shp,12.299009;10.465369;8.053330;3.222632;-1.624558;-6.485719;-11.365778;-9.508825;-7.103047;-2.272809;2.567765;7.425798,132.350113;146.298813;159.967957;158.737823;157.618271;156.600800;155.690308;141.820541;128.022095;129.257599;130.390579;131.419846,npp_d20151003_t1549228_e1555014_b20377,160.755,125.367,52.3096,99.5233,65.3915,65.9594
46,VBD_npp_d20151003_t1554469_x1341999E_y072782S_l2930_s0869_v23,2017-06-01 16:04:58,-7.278240,134.199875,22.7519,2015-10-03 15:54:46,2015-10-04 00:54:46,2930,869,0.29757,1,2529,0.544868,0.138955,0.82797,0.4,0.81975,0.75,0.0129434,0.0001,2.2999e-28,999999,-4.084177e-02,3,Indonesian Exclusive Economic Zone,WPP718,,SVDNB_npp_d20151003_t1549228_e1555014_b20377_c20151003215503254871_noaa_ops.h5,GDNBO_npp_d20151003_t1549228_e1555014_b20377_c20151003215503254574_noaa_ops.h5,SVI04_npp_d20151003_t1549228_e1555014_b20377_c20151003215503327858_noaa_ops.dspace_rad,VNFF_npp_d20151003_t1549228_e1555014_b20377_v21.csv,World_EEZ_v8_2014.shp,WPP_BFAR_merge.shp,KKP_IDN_merge_20161208.shp,VNF-VBD_npp_20120301-20151231_global_asia-enhanced_c201607211230.bitmask,NCEI_NGA.union.nga_lead2.add_2015ntl.mask,timezone.shp,VBD_platforms-recurring_2015_r20170330.shp,999999,VBD_bridges_c20160811.shp,12.299009;10.465369;8.053330;3.222632;-1.624558;-6.485719;-11.365778;-9.508825;-7.103047;-2.272809;2.567765;7.425798,132.350113;146.298813;159.967957;158.737823;157.618271;156.600800;155.690308;141.820541;128.022095;129.257599;130.390579;131.419846,npp_d20151003_t1549228_e1555014_b20377,160.748,125.403,52.3053,100.189,65.3991,65.9538
47,VBD_npp_d20151003_t1554434_x1342484E_y071629S_l2911_s0871_v23,2017-06-01 16:04:58,-7.162948,134.248413,10.108,2015-10-03 15:54:43,2015-10-04 00:54:43,2911,871,0.253611,2,2465,0.340203,0.172953,0.792191,0.4,0.689471,0.75,0.0130038,0.0001,2.50052e-28,999999,-4.096814e-01,3,Indonesian Exclusive Economic Zone,WPP718,,SVDNB_npp_d20151003_t1549228_e1555014_b20377_c20151003215503254871_noaa_ops.h5,GDNBO_npp_d20151003_t1549228_e1555014_b20377_c20151003215503254574_noaa_ops.h5,SVI04_npp_d20151003_t1549228_e1555014_b20377_c20151003215503327858_noaa_ops.dspace_rad,VNFF_npp_d20151003_t1549228_e1555014_b20377_v21.csv,World_EEZ_v8_2014.shp,WPP_BFAR_merge.shp,KKP_IDN_merge_20161208.shp,VNF-VBD_npp_20120301-20151231_global_asia-enhanced_c201607211230.bitmask,NCEI_NGA.union.nga_lead2.add_2015ntl.mask,timezone.shp,VBD_platforms-recurring_2015_r20170330.shp,999999,VBD_bridges_c20160811.shp,12.299009;10.465369;8.053330;3.222632;-1.624558;-6.485719;-11.365778;-9.508825;-7.103047;-2.272809;2.567765;7.425798,132.350113;146.298813;159.967957;158.737823;157.618271;156.600800;155.690308;141.820541;128.022095;129.257599;130.390579;131.419846,npp_d20151003_t1549228_e1555014_b20377,160.787,125.073,52.2521,99.5063,65.3206,65.9932
48,VBD_npp_d20151003_t1554469_x1342124E_y072875S_l2931_s0871_v23,2017-06-01 16:04:58,-7.287523,134.212433,27.2576,2015-10-03 15:54:46,2015-10-04 00:54:46,2931,871,0.293658,1,2529,0.652885,0.141966,0.828733,0.4,0.850664,0.75,0.0129484,0.0001,2.65326e-28,999999,-7.351194e-02,3,Indonesian Exclusive Economic Zone,WPP718,,SVDNB_npp_d20151003_t1549228_e1555014_b20377_c20151003215503254871_noaa_ops.h5,GDNBO_npp_d20151003_t1549228_e1555014_b20377_c20151003215503254574_noaa_ops.h5,SVI04_npp_d20151003_t1549228_e1555014_b20377_c20151003215503327858_noaa_ops.dspace_rad,VNFF_npp_d20151003_t1549228_e1555014_b20377_v21.csv,World_EEZ_v8_2014.shp,WPP_BFAR_merge.shp,KKP_IDN_merge_20161208.shp,VNF-VBD_npp_20120301-20151231_global_asia-enhanced_c201607211230.bitmask,NCEI_NGA.union.nga_lead2.add_2015ntl.mask,timezone.shp,VBD_platforms-recurring_2015_r20170330.shp,999999,VBD_bridges_c20160811.shp,12.299009;10.465369;8.053330;3.222632;-1.624558;-6.485719;-11.365778;-9.508825;-7.103047;-2.272809;2.567765;7.425798,132.350113;146.298813;159.967957;158.737823;157.618271;156.600800;155.690308;141.820541;128.022095;129.257599;130.390579;131.419846,npp_d20151003_t1549228_e1555014_b20377,160.732,125.402,52.2479,100.137,65.3914,65.9458
49,VBD_npp_d20151003_t1554452_x1342407E_y072062S_l2918_s0872_v23,2017-06-01 16:04:58,-7.206188,134.240707,37.6198,2015-10-03 15:54:45,2015-10-04 00:54:45,2918,872,0.294298,1,2529,0.853067,0.143853,0.83796,0.4,0.900883,0.75,0.0129883,0.0001,3.01183e-28,999999,-9.398096e-02,3,Indonesian Exclusive Economic Zone,WPP718,,SVDNB_npp_d20151003_t1549228_e1555014_b20377_c20151003215503254871_noaa_ops.h5,GDNBO_npp_d20151003_t1549228_e1555014_b20377_c20151003215503254574_noaa_ops.h5,SVI04_npp_d20151003_t1549228_e1555014_b20377_c20151003215503327858_noaa_ops.dspace_rad,VNFF_npp_d20151003_t1549228_e1555014_b20377_v21.csv,World_EEZ_v8_2014.shp,WPP_BFAR_merge.shp,KKP_IDN_merge_20161208.shp,VNF-VBD_npp_20120301-20151231_global_asia-enhanced_c201607211230.bitmask,NCEI_NGA.union.nga_lead2.add_2015ntl.mask,timezone.shp,VBD_platforms-recurring_2015_r20170330.shp,999999,VBD_bridges_c20160811.shp,12.299009;10.465369;8.053330;3.222632;-1.624558;-6.485719;-11.365778;-9.508825;-7.103047;-2.272809;2.567765;7.425798,132.350113;146.298813;159.967957;158.737823;157.618271;156.600800;155.690308;141.820541;128.022095;129.257599;130.390579;131.419846,npp_d20151003_t1549228_e1555014_b20377,160.762,125.175,52.2215,99.9686,65.3388,65.9745
50,VBD_npp_d20151003_t1554452_x1342365E_y072688S_l2927_s0873_v23,2017-06-01 16:04:58,-7.268763,134.236511,27.9882,2015-10-03 15:54:45,2015-10-04 00:54:45,2927,873,0.336621,2,2465,0.68085,0.144351,0.844018,0.4,0.715468,0.75,0.0129672,0.0001,2.60295e-28,999999,-9.938615e-02,3,Indonesian Exclusive Economic Zone,WPP718,,SVDNB_npp_d20151003_t1549228_e1555014_b20377_c20151003215503254871_noaa_ops.h5,GDNBO_npp_d20151003_t1549228_e1555014_b20377_c20151003215503254574_noaa_ops.h5,SVI04_npp_d20151003_t1549228_e1555014_b20377_c20151003215503327858_noaa_ops.dspace_rad,VNFF_npp_d20151003_t1549228_e1555014_b20377_v21.csv,World_EEZ_v8_2014.shp,WPP_BFAR_merge.shp,KKP_IDN_merge_20161208.shp,VNF-VBD_npp_20120301-20151231_global_asia-enhanced_c201607211230.bitmask,NCEI_NGA.union.nga_lead2.add_2015ntl.mask,timezone.shp,VBD_platforms-recurring_2015_r20170330.shp,999999,VBD_bridges_c20160811.shp,12.299009;10.465369;8.053330;3.222632;-1.624558;-6.485719;-11.365778;-9.508825;-7.103047;-2.272809;2.567765;7.425798,132.350113;146.298813;159.967957;158.737823;157.618271;156.600800;155.690308;141.820541;128.022095;129.257599;130.390579;131.419846,npp_d20151003_t1549228_e1555014_b20377,160.73,125.329,52.1948,99.5192,65.3683,65.9485
51,VBD_npp_d20151003_t1554469_x1342319E_y072980S_l2932_s0874_v23,2017-06-01 16:04:58,-7.298005,134.231857,22.2858,2015-10-03 15:54:46,2015-10-04 00:54:46,2932,874,0.266273,1,2529,0.60891,0.146179,0.828733,0.4,0.853736,0.75,0.0129572,0.0001,3.32502e-28,999999,-1.192110e-01,3,Indonesian Exclusive Economic Zone,WPP718,,SVDNB_npp_d20151003_t1549228_e1555014_b20377_c20151003215503254871_noaa_ops.h5,GDNBO_npp_d20151003_t1549228_e1555014_b20377_c20151003215503254574_noaa_ops.h5,SVI04_npp_d20151003_t1549228_e1555014_b20377_c20151003215503327858_noaa_ops.dspace_rad,VNFF_npp_d20151003_t1549228_e1555014_b20377_v21.csv,World_EEZ_v8_2014.shp,WPP_BFAR_merge.shp,KKP_IDN_merge_20161208.shp,VNF-VBD_npp_20120301-20151231_global_asia-enhanced_c201607211230.bitmask,NCEI_NGA.union.nga_lead2.add_2015ntl.mask,timezone.shp,VBD_platforms-recurring_2015_r20170330.shp,999999,VBD_bridges_c20160811.shp,12.299009;10.465369;8.053330;3.222632;-1.624558;-6.485719;-11.365778;-9.508825;-7.103047;-2.272809;2.567765;7.425798,132.350113;146.298813;159.967957;158.737823;157.618271;156.600800;155.690308;141.820541;128.022095;129.257599;130.390579;131.419846,npp_d20151003_t1549228_e1555014_b20377,160.71,125.392,52.1619,100.085,65.378,65.935
52,VBD_npp_d20151003_t1554452_x1342589E_y072234S_l2920_s0875_v23,2017-06-01 16:04:58,-7.223439,134.258865,19.7807,2015-10-03 15:54:45,2015-10-04 00:54:45,2920,875,0.333349,1,2529,0.638614,0.16734,0.848576,0.4,0.880416,0.75,0.0129944,0.0001,3.6775e-28,999999,-3.487894e-01,3,Indonesian Exclusive Economic Zone,WPP718,,SVDNB_npp_d20151003_t1549228_e1555014_b20377_c20151003215503254871_noaa_ops.h5,GDNBO_npp_d20151003_t1549228_e1555014_b20377_c20151003215503254574_noaa_ops.h5,SVI04_npp_d20151003_t1549228_e1555014_b20377_c20151003215503327858_noaa_ops.dspace_rad,VNFF_npp_d20151003_t1549228_e1555014_b20377_v21.csv,World_EEZ_v8_2014.shp,WPP_BFAR_merge.shp,KKP_IDN_merge_20161208.shp,VNF-VBD_npp_20120301-20151231_global_asia-enhanced_c201607211230.bitmask,NCEI_NGA.union.nga_lead2.add_2015ntl.mask,timezone.shp,VBD_platforms-recurring_2015_r20170330.shp,999999,VBD_bridges_c20160811.shp,12.299009;10.465369;8.053330;3.222632;-1.624558;-6.485719;-11.365778;-9.508825;-7.103047;-2.272809;2.567765;7.425798,132.350113;146.298813;159.967957;158.737823;157.618271;156.600800;155.690308;141.820541;128.022095;129.257599;130.390579;131.419846,npp_d20151003_t1549228_e1555014_b20377,160.738,125.184,52.1357,99.8663,65.3293,65.9612
53,VBD_npp_d20151003_t1554452_x1342855E_y071930S_l2915_s0878_v23,2017-06-01 16:04:58,-7.193021,134.285507,69.4845,2015-10-03 15:54:45,2015-10-04 00:54:45,2915,878,0.295721,1,2529,0.825797,0.154473,0.81056,0.4,0.860042,0.75,0.0130199,0.0001,5.344e-28,999999,-2.092005e-01,3,Indonesian Exclusive Economic Zone,WPP718,,SVDNB_npp_d20151003_t1549228_e1555014_b20377_c20151003215503254871_noaa_ops.h5,GDNBO_npp_d20151003_t1549228_e1555014_b20377_c20151003215503254574_noaa_ops.h5,SVI04_npp_d20151003_t1549228_e1555014_b20377_c20151003215503327858_noaa_ops.dspace_rad,VNFF_npp_d20151003_t1549228_e1555014_b20377_v21.csv,World_EEZ_v8_2014.shp,WPP_BFAR_merge.shp,KKP_IDN_merge_20161208.shp,VNF-VBD_npp_20120301-20151231_global_asia-enhanced_c201607211230.bitmask,NCEI_NGA.union.nga_lead2.add_2015ntl.mask,timezone.shp,VBD_platforms-recurring_2015_r20170330.shp,999999,VBD_bridges_c20160811.shp,12.299009;10.465369;8.053330;3.222632;-1.624558;-6.485719;-11.365778;-9.508825;-7.103047;-2.272809;2.567765;7.425798,132.350113;146.298813;159.967957;158.737823;157.618271;156.600800;155.690308;141.820541;128.022095;129.257599;130.390579;131.419846,npp_d20151003_t1549228_e1555014_b20377,160.734,125.066,52.0494,100.113,65.2925,65.966
54,VBD_npp_d20151003_t1554452_x1342757E_y072474S_l2923_s0878_v23,2017-06-01 16:04:58,-7.247438,134.275726,52.8902,2015-10-03 15:54:45,2015-10-04 00:54:45,2923,878,0.307884,1,2529,0.833709,0.134688,0.856421,0.4,0.880628,0.75,0.0129977,0.0001,4.37189e-28,999999,5.449685e-03,3,Indonesian Exclusive Economic Zone,WPP718,,SVDNB_npp_d20151003_t1549228_e1555014_b20377_c20151003215503254871_noaa_ops.h5,GDNBO_npp_d20151003_t1549228_e1555014_b20377_c20151003215503254574_noaa_ops.h5,SVI04_npp_d20151003_t1549228_e1555014_b20377_c20151003215503327858_noaa_ops.dspace_rad,VNFF_npp_d20151003_t1549228_e1555014_b20377_v21.csv,World_EEZ_v8_2014.shp,WPP_BFAR_merge.shp,KKP_IDN_merge_20161208.shp,VNF-VBD_npp_20120301-20151231_global_asia-enhanced_c201607211230.bitmask,NCEI_NGA.union.nga_lead2.add_2015ntl.mask,timezone.shp,VBD_platforms-recurring_2015_r20170330.shp,999999,VBD_bridges_c20160811.shp,12.299009;10.465369;8.053330;3.222632;-1.624558;-6.485719;-11.365778;-9.508825;-7.103047;-2.272809;2.567765;7.425798,132.350113;146.298813;159.967957;158.737823;157.618271;156.600800;155.690308;141.820541;128.022095;129.257599;130.390579;131.419846,npp_d20151003_t1549228_e1555014_b20377,160.71,125.21,52.0504,99.7138,65.3237,65.9453
55,VBD_npp_d20151003_t1554434_x1343021E_y071791S_l2912_s0879_v23,2017-06-01 16:04:58,-7.179145,134.302078,12.8032,2015-10-03 15:54:43,2015-10-04 00:54:43,2912,879,0.214347,7,2209,0.149697,0.110399,0.698846,0.4,0.375631,0.75,0.0130321,0.0001,4.74272e-28,999999,2.689606e-01,3,,,,SVDNB_npp_d20151003_t1549228_e1555014_b20377_c20151003215503254871_noaa_ops.h5,GDNBO_npp_d20151003_t1549228_e1555014_b20377_c20151003215503254574_noaa_ops.h5,SVI04_npp_d20151003_t1549228_e1555014_b20377_c20151003215503327858_noaa_ops.dspace_rad,VNFF_npp_d20151003_t1549228_e1555014_b20377_v21.csv,World_EEZ_v8_2014.shp,WPP_BFAR_merge.shp,KKP_IDN_merge_20161208.shp,VNF-VBD_npp_20120301-20151231_global_asia-enhanced_c201607211230.bitmask,NCEI_NGA.union.nga_lead2.add_2015ntl.mask,timezone.shp,VBD_platforms-recurring_2015_r20170330.shp,999999,VBD_bridges_c20160811.shp,12.299009;10.465369;8.053330;3.222632;-1.624558;-6.485719;-11.365778;-9.508825;-7.103047;-2.272809;2.567765;7.425798,132.350113;146.298813;159.967957;158.737823;157.618271;156.600800;155.690308;141.820541;128.022095;129.257599;130.390579;131.419846,npp_d20151003_t1549228_e1555014_b20377,160.734,125.017,52.0232,99.4483,65.2782,65.969
56,VBD_npp_d20151003_t1554434_x1343150E_y071463S_l2907_s0880_v23,2017-06-01 16:04:58,-7.146335,134.315033,18.0588,2015-10-03 15:54:43,2015-10-04 00:54:43,2907,880,0.248063,2,2465,0.243805,0.127449,0.604091,0.4,0.552424,0.75,0.0130499,0.0001,5.84503e-28,999999,8.398213e-02,3,Indonesian Exclusive Economic Zone,WPP718,,SVDNB_npp_d20151003_t1549228_e1555014_b20377_c20151003215503254871_noaa_ops.h5,GDNBO_npp_d20151003_t1549228_e1555014_b20377_c20151003215503254574_noaa_ops.h5,SVI04_npp_d20151003_t1549228_e1555014_b20377_c20151003215503327858_noaa_ops.dspace_rad,VNFF_npp_d20151003_t1549228_e1555014_b20377_v21.csv,World_EEZ_v8_2014.shp,WPP_BFAR_merge.shp,KKP_IDN_merge_20161208.shp,VNF-VBD_npp_20120301-20151231_global_asia-enhanced_c201607211230.bitmask,NCEI_NGA.union.nga_lead2.add_2015ntl.mask,timezone.shp,VBD_platforms-recurring_2015_r20170330.shp,999999,VBD_bridges_c20160811.shp,12.299009;10.465369;8.053330;3.222632;-1.624558;-6.485719;-11.365778;-9.508825;-7.103047;-2.272809;2.567765;7.425798,132.350113;146.298813;159.967957;158.737823;157.618271;156.600800;155.690308;141.820541;128.022095;129.257599;130.390579;131.419846,npp_d20151003_t1549228_e1555014_b20377,160.742,124.917,51.9931,99.6972,65.2529,65.9793
57,VBD_npp_d20151003_t1554452_x1343016E_y071818S_l2913_s0880_v23,2017-06-01 16:04:58,-7.181850,134.301605,16.4985,2015-10-03 15:54:45,2015-10-04 00:54:45,2913,880,0.226226,7,2209,0.137445,0.11178,0.698846,0.4,0.271769,0.75,0.0130332,0.0001,6.61934e-28,999999,2.539810e-01,3,,,,SVDNB_npp_d20151003_t1549228_e1555014_b20377_c20151003215503254871_noaa_ops.h5,GDNBO_npp_d20151003_t1549228_e1555014_b20377_c20151003215503254574_noaa_ops.h5,SVI04_npp_d20151003_t1549228_e1555014_b20377_c20151003215503327858_noaa_ops.dspace_rad,VNFF_npp_d20151003_t1549228_e1555014_b20377_v21.csv,World_EEZ_v8_2014.shp,WPP_BFAR_merge.shp,KKP_IDN_merge_20161208.shp,VNF-VBD_npp_20120301-20151231_global_asia-enhanced_c201607211230.bitmask,NCEI_NGA.union.nga_lead2.add_2015ntl.mask,timezone.shp,VBD_platforms-recurring_2015_r20170330.shp,999999,VBD_bridges_c20160811.shp,12.299009;10.465369;8.053330;3.222632;-1.624558;-6.485719;-11.365778;-9.508825;-7.103047;-2.272809;2.567765;7.425798,132.350113;146.298813;159.967957;158.737823;157.618271;156.600800;155.690308;141.820541;128.022095;129.257599;130.390579;131.419846,npp_d20151003_t1549228_e1555014_b20377,160.727,125.011,51.9922,100.212,65.2732,65.9657
58,VBD_npp_d20151003_t1554452_x1342882E_y072566S_l2924_s0880_v23,2017-06-01 16:04:58,-7.256603,134.288177,58.0605,2015-10-03 15:54:45,2015-10-04 00:54:45,2924,880,0.328512,1,2529,0.785772,0.128523,0.856774,0.4,0.88392,0.75,0.0130027,0.0001,5.02796e-28,999999,7.233441e-02,3,Indonesian Exclusive Economic Zone,WPP718,,SVDNB_npp_d20151003_t1549228_e1555014_b20377_c20151003215503254871_noaa_ops.h5,GDNBO_npp_d20151003_t1549228_e1555014_b20377_c20151003215503254574_noaa_ops.h5,SVI04_npp_d20151003_t1549228_e1555014_b20377_c20151003215503327858_noaa_ops.dspace_rad,VNFF_npp_d20151003_t1549228_e1555014_b20377_v21.csv,World_EEZ_v8_2014.shp,WPP_BFAR_merge.shp,KKP_IDN_merge_20161208.shp,VNF-VBD_npp_20120301-20151231_global_asia-enhanced_c201607211230.bitmask,NCEI_NGA.union.nga_lead2.add_2015ntl.mask,timezone.shp,VBD_platforms-recurring_2015_r20170330.shp,999999,VBD_bridges_c20160811.shp,12.299009;10.465369;8.053330;3.222632;-1.624558;-6.485719;-11.365778;-9.508825;-7.103047;-2.272809;2.567765;7.425798,132.350113;146.298813;159.967957;158.737823;157.618271;156.600800;155.690308;141.820541;128.022095;129.257599;130.390579;131.419846,npp_d20151003_t1549228_e1555014_b20377,160.695,125.21,51.9934,99.662,65.3161,65.9373
59,VBD_npp_d20151003_t1554452_x1342845E_y072770S_l2927_s0880_v23,2017-06-01 16:04:58,-7.276988,134.284485,72.5617,2015-10-03 15:54:45,2015-10-04 00:54:45,2927,880,0.324814,1,2529,0.92455,0.137604,0.851663,0.4,0.809576,0.75,0.0129944,0.0001,4.65869e-28,999999,-2.618395e-02,3,Indonesian Exclusive Economic Zone,WPP718,,SVDNB_npp_d20151003_t1549228_e1555014_b20377_c20151003215503254871_noaa_ops.h5,GDNBO_npp_d20151003_t1549228_e1555014_b20377_c20151003215503254574_noaa_ops.h5,SVI04_npp_d20151003_t1549228_e1555014_b20377_c20151003215503327858_noaa_ops.dspace_rad,VNFF_npp_d20151003_t1549228_e1555014_b20377_v21.csv,World_EEZ_v8_2014.shp,WPP_BFAR_merge.shp,KKP_IDN_merge_20161208.shp,VNF-VBD_npp_20120301-20151231_global_asia-enhanced_c201607211230.bitmask,NCEI_NGA.union.nga_lead2.add_2015ntl.mask,timezone.shp,VBD_platforms-recurring_2015_r20170330.shp,999999,VBD_bridges_c20160811.shp,12.299009;10.465369;8.053330;3.222632;-1.624558;-6.485719;-11.365778;-9.508825;-7.103047;-2.272809;2.567765;7.425798,132.350113;146.298813;159.967957;158.737823;157.618271;156.600800;155.690308;141.820541;128.022095;129.257599;130.390579;131.419846,npp_d20151003_t1549228_e1555014_b20377,160.686,125.264,51.9943,99.512,65.3279,65.9296
60,VBD_npp_d20151003_t1554452_x1342925E_y072714S_l2926_s0881_v23,2017-06-01 16:04:58,-7.271365,134.292542,58.3149,2015-10-03 15:54:45,2015-10-04 00:54:45,2926,881,0.307884,7,2465,0.582562,0.139648,0.856774,0.4,0.684923,0.75,0.0130011,0.0001,5.18939e-28,999999,-4.836396e-02,3,,,,SVDNB_npp_d20151003_t1549228_e1555014_b20377_c20151003215503254871_noaa_ops.h5,GDNBO_npp_d20151003_t1549228_e1555014_b20377_c20151003215503254574_noaa_ops.h5,SVI04_npp_d20151003_t1549228_e1555014_b20377_c20151003215503327858_noaa_ops.dspace_rad,VNFF_npp_d20151003_t1549228_e1555014_b20377_v21.csv,World_EEZ_v8_2014.shp,WPP_BFAR_merge.shp,KKP_IDN_merge_20161208.shp,VNF-VBD_npp_20120301-20151231_global_asia-enhanced_c201607211230.bitmask,NCEI_NGA.union.nga_lead2.add_2015ntl.mask,timezone.shp,VBD_platforms-recurring_2015_r20170330.shp,999999,VBD_bridges_c20160811.shp,12.299009;10.465369;8.053330;3.222632;-1.624558;-6.485719;-11.365778;-9.508825;-7.103047;-2.272809;2.567765;7.425798,132.350113;146.298813;159.967957;158.737823;157.618271;156.600800;155.690308;141.820541;128.022095;129.257599;130.390579;131.419846,npp_d20151003_t1549228_e1555014_b20377,160.683,125.236,51.9654,99.561,65.3182,65.9295
61,VBD_npp_d20151003_t1554452_x1343116E_y072046S_l2916_s0882_v23,2017-06-01 16:04:58,-7.204648,134.311569,13.542,2015-10-03 15:54:45,2015-10-04 00:54:45,2916,882,0.235686,7,2465,0.241368,0.146901,0.784508,0.4,0.514832,0.75,0.0130327,0.0001,7.24012e-28,999999,-1.270490e-01,3,,,,SVDNB_npp_d20151003_t1549228_e1555014_b20377_c20151003215503254871_noaa_ops.h5,GDNBO_npp_d20151003_t1549228_e1555014_b20377_c20151003215503254574_noaa_ops.h5,SVI04_npp_d20151003_t1549228_e1555014_b20377_c20151003215503327858_noaa_ops.dspace_rad,VNFF_npp_d20151003_t1549228_e1555014_b20377_v21.csv,World_EEZ_v8_2014.shp,WPP_BFAR_merge.shp,KKP_IDN_merge_20161208.shp,VNF-VBD_npp_20120301-20151231_global_asia-enhanced_c201607211230.bitmask,NCEI_NGA.union.nga_lead2.add_2015ntl.mask,timezone.shp,VBD_platforms-recurring_2015_r20170330.shp,999999,VBD_bridges_c20160811.shp,12.299009;10.465369;8.053330;3.222632;-1.624558;-6.485719;-11.365778;-9.508825;-7.103047;-2.272809;2.567765;7.425798,132.350113;146.298813;159.967957;158.737823;157.618271;156.600800;155.690308;141.820541;128.022095;129.257599;130.390579;131.419846,npp_d20151003_t1549228_e1555014_b20377,160.706,125.047,51.935,100.06,65.2735,65.9526
62,VBD_npp_d20151003_t1554452_x1343123E_y072398S_l2921_s0883_v23,2017-06-01 16:04:58,-7.239779,134.312271,23.1094,2015-10-03 15:54:45,2015-10-04 00:54:45,2921,883,0.268122,1,2529,0.44772,0.107691,0.825877,0.4,0.759739,0.75,0.0130227,0.0001,6.93687e-28,999999,2.983384e-01,3,Indonesian Exclusive Economic Zone,WPP718,,SVDNB_npp_d20151003_t1549228_e1555014_b20377_c20151003215503254871_noaa_ops.h5,GDNBO_npp_d20151003_t1549228_e1555014_b20377_c20151003215503254574_noaa_ops.h5,SVI04_npp_d20151003_t1549228_e1555014_b20377_c20151003215503327858_noaa_ops.dspace_rad,VNFF_npp_d20151003_t1549228_e1555014_b20377_v21.csv,World_EEZ_v8_2014.shp,WPP_BFAR_merge.shp,KKP_IDN_merge_20161208.shp,VNF-VBD_npp_20120301-20151231_global_asia-enhanced_c201607211230.bitmask,NCEI_NGA.union.nga_lead2.add_2015ntl.mask,timezone.shp,VBD_platforms-recurring_2015_r20170330.shp,999999,VBD_bridges_c20160811.shp,12.299009;10.465369;8.053330;3.222632;-1.624558;-6.485719;-11.365778;-9.508825;-7.103047;-2.272809;2.567765;7.425798,132.350113;146.298813;159.967957;158.737823;157.618271;156.600800;155.690308;141.820541;128.022095;129.257599;130.390579;131.419846,npp_d20151003_t1549228_e1555014_b20377,160.685,125.128,51.9069,99.8092,65.2873,65.937
63,VBD_npp_d20151003_t1554452_x1343086E_y072601S_l2924_s0883_v23,2017-06-01 16:04:58,-7.260135,134.308609,33.6855,2015-10-03 15:54:45,2015-10-04 00:54:45,2924,883,0.329366,1,2529,0.642909,0.111344,0.852582,0.4,0.852922,0.75,0.0130144,0.0001,6.43297e-28,999999,2.587047e-01,3,Indonesian Exclusive Economic Zone,WPP718,,SVDNB_npp_d20151003_t1549228_e1555014_b20377_c20151003215503254871_noaa_ops.h5,GDNBO_npp_d20151003_t1549228_e1555014_b20377_c20151003215503254574_noaa_ops.h5,SVI04_npp_d20151003_t1549228_e1555014_b20377_c20151003215503327858_noaa_ops.dspace_rad,VNFF_npp_d20151003_t1549228_e1555014_b20377_v21.csv,World_EEZ_v8_2014.shp,WPP_BFAR_merge.shp,KKP_IDN_merge_20161208.shp,VNF-VBD_npp_20120301-20151231_global_asia-enhanced_c201607211230.bitmask,NCEI_NGA.union.nga_lead2.add_2015ntl.mask,timezone.shp,VBD_platforms-recurring_2015_r20170330.shp,999999,VBD_bridges_c20160811.shp,12.299009;10.465369;8.053330;3.222632;-1.624558;-6.485719;-11.365778;-9.508825;-7.103047;-2.272809;2.567765;7.425798,132.350113;146.298813;159.967957;158.737823;157.618271;156.600800;155.690308;141.820541;128.022095;129.257599;130.390579;131.419846,npp_d20151003_t1549228_e1555014_b20377,160.676,125.182,51.9076,99.6591,65.299,65.9293
64,VBD_npp_d20151003_t1554345_x1344657E_y066554S_l2830_s0884_v23,2017-06-01 16:04:58,-6.655393,134.465698,4.36647,2015-10-03 15:54:34,2015-10-04 00:54:34,2830,884,0.361019,1,2529,0.255423,0.134627,0.641363,0.4,0.770179,0.75,0.0132776,0.0001,1.37701e-27,999999,6.108526e-03,3,,WPP718,,SVDNB_npp_d20151003_t1549228_e1555014_b20377_c20151003215503254871_noaa_ops.h5,GDNBO_npp_d20151003_t1549228_e1555014_b20377_c20151003215503254574_noaa_ops.h5,SVI04_npp_d20151003_t1549228_e1555014_b20377_c20151003215503327858_noaa_ops.dspace_rad,VNFF_npp_d20151003_t1549228_e1555014_b20377_v21.csv,World_EEZ_v8_2014.shp,WPP_BFAR_merge.shp,KKP_IDN_merge_20161208.shp,VNF-VBD_npp_20120301-20151231_global_asia-enhanced_c201607211230.bitmask,NCEI_NGA.union.nga_lead2.add_2015ntl.mask,timezone.shp,VBD_platforms-recurring_2015_r20170330.shp,999999,VBD_bridges_c20160811.shp,12.299009;10.465369;8.053330;3.222632;-1.624558;-6.485719;-11.365778;-9.508825;-7.103047;-2.272809;2.567765;7.425798,132.350113;146.298813;159.967957;158.737823;157.618271;156.600800;155.690308;141.820541;128.022095;129.257599;130.390579;131.419846,npp_d20151003_t1549228_e1555014_b20377,160.925,123.554,51.8811,99.4588,64.9474,66.1598
65,VBD_npp_d20151003_t1554452_x1343215E_y072274S_l2919_s0884_v23,2017-06-01 16:04:58,-7.227399,134.321503,8.92273,2015-10-03 15:54:45,2015-10-04 00:54:45,2919,884,0.231205,7,2209,0.150366,0.14544,0.825877,0.4,0.412644,0.75,0.0130322,0.0001,7.91262e-28,999999,-1.111984e-01,3,,,,SVDNB_npp_d20151003_t1549228_e1555014_b20377_c20151003215503254871_noaa_ops.h5,GDNBO_npp_d20151003_t1549228_e1555014_b20377_c20151003215503254574_noaa_ops.h5,SVI04_npp_d20151003_t1549228_e1555014_b20377_c20151003215503327858_noaa_ops.dspace_rad,VNFF_npp_d20151003_t1549228_e1555014_b20377_v21.csv,World_EEZ_v8_2014.shp,WPP_BFAR_merge.shp,KKP_IDN_merge_20161208.shp,VNF-VBD_npp_20120301-20151231_global_asia-enhanced_c201607211230.bitmask,NCEI_NGA.union.nga_lead2.add_2015ntl.mask,timezone.shp,VBD_platforms-recurring_2015_r20170330.shp,999999,VBD_bridges_c20160811.shp,12.299009;10.465369;8.053330;3.222632;-1.624558;-6.485719;-11.365778;-9.508825;-7.103047;-2.272809;2.567765;7.425798,132.350113;146.298813;159.967957;158.737823;157.618271;156.600800;155.690308;141.820541;128.022095;129.257599;130.390579;131.419846,npp_d20151003_t1549228_e1555014_b20377,160.685,125.083,51.878,99.9084,65.2737,65.9394
66,VBD_npp_d20151003_t1554434_x1343466E_y071658S_l2909_s0885_v23,2017-06-01 16:04:58,-7.165780,134.346603,8.03027,2015-10-03 15:54:43,2015-10-04 00:54:43,2909,885,0.225017,2,2209,0.137287,0.135971,0.551648,0.4,0.431483,0.75,0.0130638,0.0001,8.36569e-28,999999,-8.468533e-03,3,Indonesian Exclusive Economic Zone,WPP718,,SVDNB_npp_d20151003_t1549228_e1555014_b20377_c20151003215503254871_noaa_ops.h5,GDNBO_npp_d20151003_t1549228_e1555014_b20377_c20151003215503254574_noaa_ops.h5,SVI04_npp_d20151003_t1549228_e1555014_b20377_c20151003215503327858_noaa_ops.dspace_rad,VNFF_npp_d20151003_t1549228_e1555014_b20377_v21.csv,World_EEZ_v8_2014.shp,WPP_BFAR_merge.shp,KKP_IDN_merge_20161208.shp,VNF-VBD_npp_20120301-20151231_global_asia-enhanced_c201607211230.bitmask,NCEI_NGA.union.nga_lead2.add_2015ntl.mask,timezone.shp,VBD_platforms-recurring_2015_r20170330.shp,999999,VBD_bridges_c20160811.shp,12.299009;10.465369;8.053330;3.222632;-1.624558;-6.485719;-11.365778;-9.508825;-7.103047;-2.272809;2.567765;7.425798,132.350113;146.298813;159.967957;158.737823;157.618271;156.600800;155.690308;141.820541;128.022095;129.257599;130.390579;131.419846,npp_d20151003_t1549228_e1555014_b20377,160.706,124.908,51.8506,99.5924,65.2321,65.9607
67,VBD_npp_d20151003_t1554452_x1343253E_y072840S_l2927_s0886_v23,2017-06-01 16:04:58,-7.283981,134.325302,110.891,2015-10-03 15:54:45,2015-10-04 00:54:45,2927,886,0.33022,1,2529,1.1567,0.123585,0.851866,0.4,0.958954,0.75,0.0130177,0.0001,7.61918e-28,999999,1.259055e-01,3,Indonesian Exclusive Economic Zone,WPP718,,SVDNB_npp_d20151003_t1549228_e1555014_b20377_c20151003215503254871_noaa_ops.h5,GDNBO_npp_d20151003_t1549228_e1555014_b20377_c20151003215503254574_noaa_ops.h5,SVI04_npp_d20151003_t1549228_e1555014_b20377_c20151003215503327858_noaa_ops.dspace_rad,VNFF_npp_d20151003_t1549228_e1555014_b20377_v21.csv,World_EEZ_v8_2014.shp,WPP_BFAR_merge.shp,KKP_IDN_merge_20161208.shp,VNF-VBD_npp_20120301-20151231_global_asia-enhanced_c201607211230.bitmask,NCEI_NGA.union.nga_lead2.add_2015ntl.mask,timezone.shp,VBD_platforms-recurring_2015_r20170330.shp,999999,VBD_bridges_c20160811.shp,12.299009;10.465369;8.053330;3.222632;-1.624558;-6.485719;-11.365778;-9.508825;-7.103047;-2.272809;2.567765;7.425798,132.350113;146.298813;159.967957;158.737823;157.618271;156.600800;155.690308;141.820541;128.022095;129.257599;130.390579;131.419846,npp_d20151003_t1549228_e1555014_b20377,160.649,125.208,51.8228,99.5059,65.2935,65.9135
68,VBD_npp_d20151003_t1554434_x1343725E_y071772S_l2910_s0889_v23,2017-06-01 16:04:58,-7.177203,134.372452,10.2409,2015-10-03 15:54:43,2015-10-04 00:54:43,2910,889,0.224234,2,2465,0.282421,0.1602,0.490097,0.4,0.61319,0.75,0.0130765,0.0001,1.12814e-27,999999,-2.713231e-01,3,Indonesian Exclusive Economic Zone,WPP718,,SVDNB_npp_d20151003_t1549228_e1555014_b20377_c20151003215503254871_noaa_ops.h5,GDNBO_npp_d20151003_t1549228_e1555014_b20377_c20151003215503254574_noaa_ops.h5,SVI04_npp_d20151003_t1549228_e1555014_b20377_c20151003215503327858_noaa_ops.dspace_rad,VNFF_npp_d20151003_t1549228_e1555014_b20377_v21.csv,World_EEZ_v8_2014.shp,WPP_BFAR_merge.shp,KKP_IDN_merge_20161208.shp,VNF-VBD_npp_20120301-20151231_global_asia-enhanced_c201607211230.bitmask,NCEI_NGA.union.nga_lead2.add_2015ntl.mask,timezone.shp,VBD_platforms-recurring_2015_r20170330.shp,999999,VBD_bridges_c20160811.shp,12.299009;10.465369;8.053330;3.222632;-1.624558;-6.485719;-11.365778;-9.508825;-7.103047;-2.272809;2.567765;7.425798,132.350113;146.298813;159.967957;158.737823;157.618271;156.600800;155.690308;141.820541;128.022095;129.257599;130.390579;131.419846,npp_d20151003_t1549228_e1555014_b20377,160.678,124.889,51.7367,99.5384,65.2132,65.9474
69,VBD_npp_d20151003_t1554469_x1343450E_y073320S_l2934_s0891_v23,2017-06-01 16:04:58,-7.331997,134.345016,33.6345,2015-10-03 15:54:46,2015-10-04 00:54:46,2934,891,0.259658,1,2529,0.744794,0.138987,0.801987,0.4,0.896801,0.75,0.0130178,0.0001,1.27373e-27,999999,-4.119373e-02,3,Indonesian Exclusive Economic Zone,WPP718,,SVDNB_npp_d20151003_t1549228_e1555014_b20377_c20151003215503254871_noaa_ops.h5,GDNBO_npp_d20151003_t1549228_e1555014_b20377_c20151003215503254574_noaa_ops.h5,SVI04_npp_d20151003_t1549228_e1555014_b20377_c20151003215503327858_noaa_ops.dspace_rad,VNFF_npp_d20151003_t1549228_e1555014_b20377_v21.csv,World_EEZ_v8_2014.shp,WPP_BFAR_merge.shp,KKP_IDN_merge_20161208.shp,VNF-VBD_npp_20120301-20151231_global_asia-enhanced_c201607211230.bitmask,NCEI_NGA.union.nga_lead2.add_2015ntl.mask,timezone.shp,VBD_platforms-recurring_2015_r20170330.shp,999999,VBD_bridges_c20160811.shp,12.299009;10.465369;8.053330;3.222632;-1.624558;-6.485719;-11.365778;-9.508825;-7.103047;-2.272809;2.567765;7.425798,132.350113;146.298813;159.967957;158.737823;157.618271;156.600800;155.690308;141.820541;128.022095;129.257599;130.390579;131.419846,npp_d20151003_t1549228_e1555014_b20377,160.599,125.272,51.6759,99.9711,65.2888,65.8839
70,VBD_npp_d20151003_t1554469_x1343779E_y073030S_l2929_s0895_v23,2017-06-01 16:04:58,-7.302990,134.377914,7.80506,2015-10-03 15:54:46,2015-10-04 00:54:46,2929,895,0.258448,2,2465,0.206505,0.11764,0.698909,0.4,0.594608,0.75,0.013047,0.0001,1.9829e-27,999999,1.903976e-01,3,Indonesian Exclusive Economic Zone,WPP718,,SVDNB_npp_d20151003_t1549228_e1555014_b20377_c20151003215503254871_noaa_ops.h5,GDNBO_npp_d20151003_t1549228_e1555014_b20377_c20151003215503254574_noaa_ops.h5,SVI04_npp_d20151003_t1549228_e1555014_b20377_c20151003215503327858_noaa_ops.dspace_rad,VNFF_npp_d20151003_t1549228_e1555014_b20377_v21.csv,World_EEZ_v8_2014.shp,WPP_BFAR_merge.shp,KKP_IDN_merge_20161208.shp,VNF-VBD_npp_20120301-20151231_global_asia-enhanced_c201607211230.bitmask,NCEI_NGA.union.nga_lead2.add_2015ntl.mask,timezone.shp,VBD_platforms-recurring_2015_r20170330.shp,999999,VBD_bridges_c20160811.shp,12.299009;10.465369;8.053330;3.222632;-1.624558;-6.485719;-11.365778;-9.508825;-7.103047;-2.272809;2.567765;7.425798,132.350113;146.298813;159.967957;158.737823;157.618271;156.600800;155.690308;141.820541;128.022095;129.257599;130.390579;131.419846,npp_d20151003_t1549228_e1555014_b20377,160.589,125.147,51.5618,100.219,65.2468,65.886
71,VBD_npp_d20151003_t1554452_x1344000E_y072551S_l2921_s0896_v23,2017-06-01 16:04:58,-7.255067,134.400009,5.25131,2015-10-03 15:54:45,2015-10-04 00:54:45,2921,896,0.242657,2,2209,0.13372,0.117924,0.529833,0.4,0.479273,0.75,0.0130729,0.0001,1.97992e-27,999999,1.873220e-01,3,Indonesian Exclusive Economic Zone,WPP718,,SVDNB_npp_d20151003_t1549228_e1555014_b20377_c20151003215503254871_noaa_ops.h5,GDNBO_npp_d20151003_t1549228_e1555014_b20377_c20151003215503254574_noaa_ops.h5,SVI04_npp_d20151003_t1549228_e1555014_b20377_c20151003215503327858_noaa_ops.dspace_rad,VNFF_npp_d20151003_t1549228_e1555014_b20377_v21.csv,World_EEZ_v8_2014.shp,WPP_BFAR_merge.shp,KKP_IDN_merge_20161208.shp,VNF-VBD_npp_20120301-20151231_global_asia-enhanced_c201607211230.bitmask,NCEI_NGA.union.nga_lead2.add_2015ntl.mask,timezone.shp,VBD_platforms-recurring_2015_r20170330.shp,999999,VBD_bridges_c20160811.shp,12.299009;10.465369;8.053330;3.222632;-1.624558;-6.485719;-11.365778;-9.508825;-7.103047;-2.272809;2.567765;7.425798,132.350113;146.298813;159.967957;158.737823;157.618271;156.600800;155.690308;141.820541;128.022095;129.257599;130.390579;131.419846,npp_d20151003_t1549228_e1555014_b20377,160.605,125.01,51.5359,99.7976,65.2135,65.9022
72,VBD_npp_d20151003_t1554469_x1344029E_y073561S_l2936_s0900_v23,2017-06-01 16:04:58,-7.356072,134.402939,9.22546,2015-10-03 15:54:46,2015-10-04 00:54:46,2936,900,0.171882,2,2465,0.302428,0.125017,0.57885,0.4,0.676549,0.75,0.0130464,0.0001,2.48618e-27,999999,1.103652e-01,3,Indonesian Exclusive Economic Zone,WPP718,,SVDNB_npp_d20151003_t1549228_e1555014_b20377_c20151003215503254871_noaa_ops.h5,GDNBO_npp_d20151003_t1549228_e1555014_b20377_c20151003215503254574_noaa_ops.h5,SVI04_npp_d20151003_t1549228_e1555014_b20377_c20151003215503327858_noaa_ops.dspace_rad,VNFF_npp_d20151003_t1549228_e1555014_b20377_v21.csv,World_EEZ_v8_2014.shp,WPP_BFAR_merge.shp,KKP_IDN_merge_20161208.shp,VNF-VBD_npp_20120301-20151231_global_asia-enhanced_c201607211230.bitmask,NCEI_NGA.union.nga_lead2.add_2015ntl.mask,timezone.shp,VBD_platforms-recurring_2015_r20170330.shp,999999,VBD_bridges_c20160811.shp,12.299009;10.465369;8.053330;3.222632;-1.624558;-6.485719;-11.365778;-9.508825;-7.103047;-2.272809;2.567765;7.425798,132.350113;146.298813;159.967957;158.737823;157.618271;156.600800;155.690308;141.820541;128.022095;129.257599;130.390579;131.419846,npp_d20151003_t1549228_e1555014_b20377,160.538,125.226,51.4197,99.8628,65.2459,65.8547
73,VBD_npp_d20151003_t1554452_x1345949E_y072684S_l2918_s0925_v23,2017-06-01 16:04:58,-7.268382,134.594894,19.6082,2015-10-03 15:54:45,2015-10-04 00:54:45,2918,925,0.236398,1,2529,0.591873,0.134147,0.752076,0.4,0.838175,0.75,0.0131905,0.0001,1.9966e-26,999999,1.132196e-02,3,Indonesian Exclusive Economic Zone,WPP718,,SVDNB_npp_d20151003_t1549228_e1555014_b20377_c20151003215503254871_noaa_ops.h5,GDNBO_npp_d20151003_t1549228_e1555014_b20377_c20151003215503254574_noaa_ops.h5,SVI04_npp_d20151003_t1549228_e1555014_b20377_c20151003215503327858_noaa_ops.dspace_rad,VNFF_npp_d20151003_t1549228_e1555014_b20377_v21.csv,World_EEZ_v8_2014.shp,WPP_BFAR_merge.shp,KKP_IDN_merge_20161208.shp,VNF-VBD_npp_20120301-20151231_global_asia-enhanced_c201607211230.bitmask,NCEI_NGA.union.nga_lead2.add_2015ntl.mask,timezone.shp,VBD_platforms-recurring_2015_r20170330.shp,999999,VBD_bridges_c20160811.shp,12.299009;10.465369;8.053330;3.222632;-1.624558;-6.485719;-11.365778;-9.508825;-7.103047;-2.272809;2.567765;7.425798,132.350113;146.298813;159.967957;158.737823;157.618271;156.600800;155.690308;141.820541;128.022095;129.257599;130.390579;131.419846,npp_d20151003_t1549228_e1555014_b20377,160.439,124.704,50.7124,99.9249,65.0413,65.8336
74,VBD_npp_d20151003_t1554452_x1346613E_y072865S_l2919_s0935_v23,2017-06-01 16:04:58,-7.286493,134.661301,14.9678,2015-10-03 15:54:45,2015-10-04 00:54:45,2919,935,0.265704,1,2529,0.483595,0.134055,0.807643,0.4,0.811972,0.75,0.0132254,0.0001,4.24109e-26,999999,1.231396e-02,3,Indonesian Exclusive Economic Zone,WPP718,,SVDNB_npp_d20151003_t1549228_e1555014_b20377_c20151003215503254871_noaa_ops.h5,GDNBO_npp_d20151003_t1549228_e1555014_b20377_c20151003215503254574_noaa_ops.h5,SVI04_npp_d20151003_t1549228_e1555014_b20377_c20151003215503327858_noaa_ops.dspace_rad,VNFF_npp_d20151003_t1549228_e1555014_b20377_v21.csv,World_EEZ_v8_2014.shp,WPP_BFAR_merge.shp,KKP_IDN_merge_20161208.shp,VNF-VBD_npp_20120301-20151231_global_asia-enhanced_c201607211230.bitmask,NCEI_NGA.union.nga_lead2.add_2015ntl.mask,timezone.shp,VBD_platforms-recurring_2015_r20170330.shp,999999,VBD_bridges_c20160811.shp,12.299009;10.465369;8.053330;3.222632;-1.624558;-6.485719;-11.365778;-9.508825;-7.103047;-2.272809;2.567765;7.425798,132.350113;146.298813;159.967957;158.737823;157.618271;156.600800;155.690308;141.820541;128.022095;129.257599;130.390579;131.419846,npp_d20151003_t1549228_e1555014_b20377,160.374,124.632,50.417,99.8681,64.9882,65.8041
75,VBD_npp_d20151003_t1554452_x1346814E_y073323S_l2925_s0939_v23,2017-06-01 16:04:58,-7.332288,134.681427,5.89984,2015-10-03 15:54:45,2015-10-04 00:54:45,2925,939,0.216908,7,2465,0.227003,0.152968,0.820312,0.4,0.529341,0.75,0.0132238,0.0001,5.0196e-26,999999,-1.928672e-01,3,,,,SVDNB_npp_d20151003_t1549228_e1555014_b20377_c20151003215503254871_noaa_ops.h5,GDNBO_npp_d20151003_t1549228_e1555014_b20377_c20151003215503254574_noaa_ops.h5,SVI04_npp_d20151003_t1549228_e1555014_b20377_c20151003215503327858_noaa_ops.dspace_rad,VNFF_npp_d20151003_t1549228_e1555014_b20377_v21.csv,World_EEZ_v8_2014.shp,WPP_BFAR_merge.shp,KKP_IDN_merge_20161208.shp,VNF-VBD_npp_20120301-20151231_global_asia-enhanced_c201607211230.bitmask,NCEI_NGA.union.nga_lead2.add_2015ntl.mask,timezone.shp,VBD_platforms-recurring_2015_r20170330.shp,999999,VBD_bridges_c20160811.shp,12.299009;10.465369;8.053330;3.222632;-1.624558;-6.485719;-11.365778;-9.508825;-7.103047;-2.272809;2.567765;7.425798,132.350113;146.298813;159.967957;158.737823;157.618271;156.600800;155.690308;141.820541;128.022095;129.257599;130.390579;131.419846,npp_d20151003_t1549228_e1555014_b20377,160.332,124.703,50.2974,99.5467,64.9888,65.7773
76,VBD_npp_d20151003_t1554505_x1346222E_y075816S_l2964_s0940_v23,2017-06-01 16:04:58,-7.581571,134.622238,41.6358,2015-10-03 15:54:50,2015-10-04 00:54:50,2964,940,0.332709,1,2529,0.88368,0.129357,0.823422,0.4,0.914186,0.75,0.0131192,0.0001,4.7797e-26,999999,6.328157e-02,3,Indonesian Exclusive Economic Zone,WPP718,,SVDNB_npp_d20151003_t1549228_e1555014_b20377_c20151003215503254871_noaa_ops.h5,GDNBO_npp_d20151003_t1549228_e1555014_b20377_c20151003215503254574_noaa_ops.h5,SVI04_npp_d20151003_t1549228_e1555014_b20377_c20151003215503327858_noaa_ops.dspace_rad,VNFF_npp_d20151003_t1549228_e1555014_b20377_v21.csv,World_EEZ_v8_2014.shp,WPP_BFAR_merge.shp,KKP_IDN_merge_20161208.shp,VNF-VBD_npp_20120301-20151231_global_asia-enhanced_c201607211230.bitmask,NCEI_NGA.union.nga_lead2.add_2015ntl.mask,timezone.shp,VBD_platforms-recurring_2015_r20170330.shp,999999,VBD_bridges_c20160811.shp,12.299009;10.465369;8.053330;3.222632;-1.624558;-6.485719;-11.365778;-9.508825;-7.103047;-2.272809;2.567765;7.425798,132.350113;146.298813;159.967957;158.737823;157.618271;156.600800;155.690308;141.820541;128.022095;129.257599;130.390579;131.419846,npp_d20151003_t1549228_e1555014_b20377,160.219,125.336,50.2676,100.073,65.1264,65.6797
77,VBD_npp_d20151003_t1554452_x1347069E_y073085S_l2921_s0942_v23,2017-06-01 16:04:58,-7.308515,134.706863,58.2027,2015-10-03 15:54:45,2015-10-04 00:54:45,2921,942,0.220038,1,2529,0.96351,0.130124,0.832944,0.4,0.926181,0.75,0.0132462,0.0001,6.98114e-26,999999,5.496544e-02,3,Indonesian Exclusive Economic Zone,WPP718,,SVDNB_npp_d20151003_t1549228_e1555014_b20377_c20151003215503254871_noaa_ops.h5,GDNBO_npp_d20151003_t1549228_e1555014_b20377_c20151003215503254574_noaa_ops.h5,SVI04_npp_d20151003_t1549228_e1555014_b20377_c20151003215503327858_noaa_ops.dspace_rad,VNFF_npp_d20151003_t1549228_e1555014_b20377_v21.csv,World_EEZ_v8_2014.shp,WPP_BFAR_merge.shp,KKP_IDN_merge_20161208.shp,VNF-VBD_npp_20120301-20151231_global_asia-enhanced_c201607211230.bitmask,NCEI_NGA.union.nga_lead2.add_2015ntl.mask,timezone.shp,VBD_platforms-recurring_2015_r20170330.shp,999999,VBD_bridges_c20160811.shp,12.299009;10.465369;8.053330;3.222632;-1.624558;-6.485719;-11.365778;-9.508825;-7.103047;-2.272809;2.567765;7.425798,132.350113;146.298813;159.967957;158.737823;157.618271;156.600800;155.690308;141.820541;128.022095;129.257599;130.390579;131.419846,npp_d20151003_t1549228_e1555014_b20377,160.324,124.605,50.2059,99.7559,64.9558,65.7795
78,VBD_npp_d20151003_t1554452_x1347974E_y073102S_l2919_s0955_v23,2017-06-01 16:04:58,-7.310232,134.797409,9.98164,2015-10-03 15:54:45,2015-10-04 00:54:45,2919,955,0.127923,1,2529,0.424283,0.16096,0.683973,0.4,0.823042,0.75,0.0133008,0.0001,1.97695e-25,999999,-2.795719e-01,3,Indonesian Exclusive Economic Zone,WPP718,,SVDNB_npp_d20151003_t1549228_e1555014_b20377_c20151003215503254871_noaa_ops.h5,GDNBO_npp_d20151003_t1549228_e1555014_b20377_c20151003215503254574_noaa_ops.h5,SVI04_npp_d20151003_t1549228_e1555014_b20377_c20151003215503327858_noaa_ops.dspace_rad,VNFF_npp_d20151003_t1549228_e1555014_b20377_v21.csv,World_EEZ_v8_2014.shp,WPP_BFAR_merge.shp,KKP_IDN_merge_20161208.shp,VNF-VBD_npp_20120301-20151231_global_asia-enhanced_c201607211230.bitmask,NCEI_NGA.union.nga_lead2.add_2015ntl.mask,timezone.shp,VBD_platforms-recurring_2015_r20170330.shp,999999,VBD_bridges_c20160811.shp,12.299009;10.465369;8.053330;3.222632;-1.624558;-6.485719;-11.365778;-9.508825;-7.103047;-2.272809;2.567765;7.425798,132.350113;146.298813;159.967957;158.737823;157.618271;156.600800;155.690308;141.820541;128.022095;129.257599;130.390579;131.419846,npp_d20151003_t1549228_e1555014_b20377,160.249,124.456,49.814,99.8508,64.874,65.7493
79,VBD_npp_d20151003_t1554380_x1350538E_y069512S_l2859_s0979_v23,2017-06-01 16:04:58,-6.951201,135.053757,66.9834,2015-10-03 15:54:38,2015-10-04 00:54:38,2859,979,0.35412,8,18913,1.09102,0.113749,0.858196,0.4,0.959135,0.75,0.0135578,0.0001,1.60505e-24,999999,2.326137e-01,3,Indonesian Exclusive Economic Zone,WPP718,,SVDNB_npp_d20151003_t1549228_e1555014_b20377_c20151003215503254871_noaa_ops.h5,GDNBO_npp_d20151003_t1549228_e1555014_b20377_c20151003215503254574_noaa_ops.h5,SVI04_npp_d20151003_t1549228_e1555014_b20377_c20151003215503327858_noaa_ops.dspace_rad,VNFF_npp_d20151003_t1549228_e1555014_b20377_v21.csv,World_EEZ_v8_2014.shp,WPP_BFAR_merge.shp,KKP_IDN_merge_20161208.shp,VNF-VBD_npp_20120301-20151231_global_asia-enhanced_c201607211230.bitmask,NCEI_NGA.union.nga_lead2.add_2015ntl.mask,timezone.shp,VBD_platforms-recurring_2015_r20170330.shp,0.141014,VBD_bridges_c20160811.shp,12.299009;10.465369;8.053330;3.222632;-1.624558;-6.485719;-11.365778;-9.508825;-7.103047;-2.272809;2.567765;7.425798,132.350113;146.298813;159.967957;158.737823;157.618271;156.600800;155.690308;141.820541;128.022095;129.257599;130.390579;131.419846,npp_d20151003_t1549228_e1555014_b20377,160.263,123.247,49.0946,99.5526,64.5181,65.8364
80,VBD_npp_d20151003_t1552548_x1380849E_y011426S_l1907_s1220_v23,2017-06-01 16:04:58,-1.142625,138.084915,3.13232,2015-10-03 15:52:54,2015-10-04 00:52:54,1907,1220,0.41892,1,2529,0.232696,0.188963,0.670925,0.4,0.839299,0.75,0.0166888,0.0001,3.71088e-16,999999,-1.121345e-01,3,Indonesian Exclusive Economic Zone,WPP717,,SVDNB_npp_d20151003_t1549228_e1555014_b20377_c20151003215503254871_noaa_ops.h5,GDNBO_npp_d20151003_t1549228_e1555014_b20377_c20151003215503254574_noaa_ops.h5,SVI04_npp_d20151003_t1549228_e1555014_b20377_c20151003215503327858_noaa_ops.dspace_rad,VNFF_npp_d20151003_t1549228_e1555014_b20377_v21.csv,World_EEZ_v8_2014.shp,WPP_BFAR_merge.shp,KKP_IDN_merge_20161208.shp,VNF-VBD_npp_20120301-20151231_global_asia-enhanced_c201607211230.bitmask,NCEI_NGA.union.nga_lead2.add_2015ntl.mask,timezone.shp,VBD_platforms-recurring_2015_r20170330.shp,999999,VBD_bridges_c20160811.shp,12.299009;10.465369;8.053330;3.222632;-1.624558;-6.485719;-11.365778;-9.508825;-7.103047;-2.272809;2.567765;7.425798,132.350113;146.298813;159.967957;158.737823;157.618271;156.600800;155.690308;141.820541;128.022095;129.257599;130.390579;131.419846,npp_d20151003_t1549228_e1555014_b20377,160.28,105.234,40.9208,99.2093,59.7992,68.0177
81,VBD_npp_d20151003_t1554309_x1391920E_y072130S_l2795_s1582_v23,2017-06-01 16:04:58,-7.213038,139.192001,4.17081,2015-10-03 15:54:30,2015-10-04 00:54:30,2795,1582,0.392886,1,2529,0.291056,0.153922,0.691882,0.4,0.805609,0.75,0.0160018,0.0001,2.09733e-10,999999,1.806345e-01,3,Indonesian Exclusive Economic Zone,WPP718,,SVDNB_npp_d20151003_t1549228_e1555014_b20377_c20151003215503254871_noaa_ops.h5,GDNBO_npp_d20151003_t1549228_e1555014_b20377_c20151003215503254574_noaa_ops.h5,SVI04_npp_d20151003_t1549228_e1555014_b20377_c20151003215503327858_noaa_ops.dspace_rad,VNFF_npp_d20151003_t1549228_e1555014_b20377_v21.csv,World_EEZ_v8_2014.shp,WPP_BFAR_merge.shp,KKP_IDN_merge_20161208.shp,VNF-VBD_npp_20120301-20151231_global_asia-enhanced_c201607211230.bitmask,NCEI_NGA.union.nga_lead2.add_2015ntl.mask,timezone.shp,VBD_platforms-recurring_2015_r20170330.shp,999999,VBD_bridges_c20160811.shp,12.299009;10.465369;8.053330;3.222632;-1.624558;-6.485719;-11.365778;-9.508825;-7.103047;-2.272809;2.567765;7.425798,132.350113;146.298813;159.967957;158.737823;157.618271;156.600800;155.690308;141.820541;128.022095;129.257599;130.390579;131.419846,npp_d20151003_t1549228_e1555014_b20377,156.618,118.046,25.1503,98.7758,60.9015,64.2819
1,VBD_npp_d20151003_t1555599_x1284241E_y106853S_l0527_s0193_v23,2017-06-01 16:07:54,-10.685262,128.424133,11.4374,2015-10-03 15:55:59,2015-10-04 00:55:59,527,193,0.361161,1,3553,0.563369,0.188335,0.827091,0.4,0.950848,0.75,0.00863952,0.0001,1.71214e-71,999999,1.866458e-01,3,Australian Exclusive Economic Zone,,,SVDNB_npp_d20151003_t1555027_e1600431_b20377_c20151003220044315450_noaa_ops.h5,GDNBO_npp_d20151003_t1555027_e1600431_b20377_c20151003220044315198_noaa_ops.h5,SVI04_npp_d20151003_t1555027_e1600431_b20377_c20151003220044398279_noaa_ops.dspace_rad,VNFF_npp_d20151003_t1555027_e1600431_b20377_v21.csv,World_EEZ_v8_2014.shp,WPP_BFAR_merge.shp,KKP_IDN_merge_20161208.shp,VNF-VBD_npp_20120301-20151231_global_asia-enhanced_c201607211230.bitmask,NCEI_NGA.union.nga_lead2.add_2015ntl.mask,timezone.shp,VBD_platforms-recurring_2015_r20170330.shp,999999,VBD_bridges_c20160811.shp,-7.100276;-9.514378;-11.364257;-16.271927;-21.181957;-26.093166;-31.003138;-29.519148;-26.172626;-21.467140;-16.716240;-11.924489,128.015396;141.812576;155.684586;154.858704;154.119720;153.473145;152.927078;136.914597;121.532394;123.428360;125.126907;126.643875,npp_d20151003_t1555027_e1600431_b20377,162.164,144.944,67.1835,101.3,71.7684,66.4298
2,VBD_npp_d20151003_t1556195_x1298051E_y120777S_l0694_s0436_v23,2017-06-01 16:07:54,-12.077680,129.805130,2.37214,2015-10-03 15:56:19,2015-10-04 00:56:19,694,436,0.21264,10,2433,0.0722816,0.0641444,0.397533,0.4,0.468089,0.75,0.00908512,0.0001,9.97851e-55,999999,-5.876141e-01,3,Australian Exclusive Economic Zone,,,SVDNB_npp_d20151003_t1555027_e1600431_b20377_c20151003220044315450_noaa_ops.h5,GDNBO_npp_d20151003_t1555027_e1600431_b20377_c20151003220044315198_noaa_ops.h5,SVI04_npp_d20151003_t1555027_e1600431_b20377_c20151003220044398279_noaa_ops.dspace_rad,VNFF_npp_d20151003_t1555027_e1600431_b20377_v21.csv,World_EEZ_v8_2014.shp,WPP_BFAR_merge.shp,KKP_IDN_merge_20161208.shp,VNF-VBD_npp_20120301-20151231_global_asia-enhanced_c201607211230.bitmask,NCEI_NGA.union.nga_lead2.add_2015ntl.mask,timezone.shp,VBD_platforms-recurring_2015_r20170330.shp,999999,VBD_bridges_c20160811.shp,-7.100276;-9.514378;-11.364257;-16.271927;-21.181957;-26.093166;-31.003138;-29.519148;-26.172626;-21.467140;-16.716240;-11.924489,128.015396;141.812576;155.684586;154.858704;154.119720;153.473145;152.927078;136.914597;121.532394;123.428360;125.126907;126.643875,npp_d20151003_t1555027_e1600431_b20377,160.196,143.624,62.6809,101.537,71.0246,65.4844
3,VBD_npp_d20151003_t1556195_x1298189E_y120805S_l0694_s0438_v23,2017-06-01 16:07:54,-12.080460,129.818939,2.56857,2015-10-03 15:56:19,2015-10-04 00:56:19,694,438,0.267624,10,2433,0.070712,0.0641444,0.397533,0.4,0.581121,0.75,0.00909255,0.0001,1.35723e-54,999999,-5.253631e-01,3,Australian Exclusive Economic Zone,,,SVDNB_npp_d20151003_t1555027_e1600431_b20377_c20151003220044315450_noaa_ops.h5,GDNBO_npp_d20151003_t1555027_e1600431_b20377_c20151003220044315198_noaa_ops.h5,SVI04_npp_d20151003_t1555027_e1600431_b20377_c20151003220044398279_noaa_ops.dspace_rad,VNFF_npp_d20151003_t1555027_e1600431_b20377_v21.csv,World_EEZ_v8_2014.shp,WPP_BFAR_merge.shp,KKP_IDN_merge_20161208.shp,VNF-VBD_npp_20120301-20151231_global_asia-enhanced_c201607211230.bitmask,NCEI_NGA.union.nga_lead2.add_2015ntl.mask,timezone.shp,VBD_platforms-recurring_2015_r20170330.shp,999999,VBD_bridges_c20160811.shp,-7.100276;-9.514378;-11.364257;-16.271927;-21.181957;-26.093166;-31.003138;-29.519148;-26.172626;-21.467140;-16.716240;-11.924489,128.015396;141.812576;155.684586;154.858704;154.119720;153.473145;152.927078;136.914597;121.532394;123.428360;125.126907;126.643875,npp_d20151003_t1555027_e1600431_b20377,160.186,143.595,62.6407,101.534,71.0134,65.4786
4,VBD_npp_d20151003_t1555474_x1304645E_y102822S_l0407_s0458_v23,2017-06-01 16:07:54,-10.282218,130.464462,5.39415,2015-10-03 15:55:47,2015-10-04 00:55:47,407,458,0.356751,1,2529,0.379624,0.0641444,0.810967,0.4,0.925249,0.75,0.0099736,0.0001,7.00532e-51,999999,-1.253453e-01,3,Australian Exclusive Economic Zone,,,SVDNB_npp_d20151003_t1555027_e1600431_b20377_c20151003220044315450_noaa_ops.h5,GDNBO_npp_d20151003_t1555027_e1600431_b20377_c20151003220044315198_noaa_ops.h5,SVI04_npp_d20151003_t1555027_e1600431_b20377_c20151003220044398279_noaa_ops.dspace_rad,VNFF_npp_d20151003_t1555027_e1600431_b20377_v21.csv,World_EEZ_v8_2014.shp,WPP_BFAR_merge.shp,KKP_IDN_merge_20161208.shp,VNF-VBD_npp_20120301-20151231_global_asia-enhanced_c201607211230.bitmask,NCEI_NGA.union.nga_lead2.add_2015ntl.mask,timezone.shp,VBD_platforms-recurring_2015_r20170330.shp,999999,VBD_bridges_c20160811.shp,-7.100276;-9.514378;-11.364257;-16.271927;-21.181957;-26.093166;-31.003138;-29.519148;-26.172626;-21.467140;-16.716240;-11.924489,128.015396;141.812576;155.684586;154.858704;154.119720;153.473145;152.927078;136.914597;121.532394;123.428360;125.126907;126.643875,npp_d20151003_t1555027_e1600431_b20377,161.278,139.161,62.2316,101.042,69.8043,65.9129
5,VBD_npp_d20151003_t1556230_x1300438E_y123830S_l0732_s0480_v23,2017-06-01 16:07:54,-12.382969,130.043808,3.26116,2015-10-03 15:56:23,2015-10-04 00:56:23,732,480,0.156589,2,2465,0.0812172,0.0641444,0.416298,0.4,0.375137,0.75,0.00919384,0.0001,3.01925e-52,999999,-4.264170e-01,3,Australian Exclusive Economic Zone,,,SVDNB_npp_d20151003_t1555027_e1600431_b20377_c20151003220044315450_noaa_ops.h5,GDNBO_npp_d20151003_t1555027_e1600431_b20377_c20151003220044315198_noaa_ops.h5,SVI04_npp_d20151003_t1555027_e1600431_b20377_c20151003220044398279_noaa_ops.dspace_rad,VNFF_npp_d20151003_t1555027_e1600431_b20377_v21.csv,World_EEZ_v8_2014.shp,WPP_BFAR_merge.shp,KKP_IDN_merge_20161208.shp,VNF-VBD_npp_20120301-20151231_global_asia-enhanced_c201607211230.bitmask,NCEI_NGA.union.nga_lead2.add_2015ntl.mask,timezone.shp,VBD_platforms-recurring_2015_r20170330.shp,999999,VBD_bridges_c20160811.shp,-7.100276;-9.514378;-11.364257;-16.271927;-21.181957;-26.093166;-31.003138;-29.519148;-26.172626;-21.467140;-16.716240;-11.924489,128.015396;141.812576;155.684586;154.858704;154.119720;153.473145;152.927078;136.914597;121.532394;123.428360;125.126907;126.643875,npp_d20151003_t1555027_e1600431_b20377,159.804,143.52,61.7818,101.302,70.9264,65.2928
6,VBD_npp_d20151003_t1556248_x1302544E_y124682S_l0739_s0513_v23,2017-06-01 16:07:54,-12.468224,130.254410,2.37102,2015-10-03 15:56:24,2015-10-04 00:56:24,739,513,0.207945,2,2465,0.10252,0.0641444,0.465786,0.4,0.6806,0.75,0.00930636,0.0001,3.91164e-50,999999,-4.951046e-01,3,Australian Exclusive Economic Zone,,,SVDNB_npp_d20151003_t1555027_e1600431_b20377_c20151003220044315450_noaa_ops.h5,GDNBO_npp_d20151003_t1555027_e1600431_b20377_c20151003220044315198_noaa_ops.h5,SVI04_npp_d20151003_t1555027_e1600431_b20377_c20151003220044398279_noaa_ops.dspace_rad,VNFF_npp_d20151003_t1555027_e1600431_b20377_v21.csv,World_EEZ_v8_2014.shp,WPP_BFAR_merge.shp,KKP_IDN_merge_20161208.shp,VNF-VBD_npp_20120301-20151231_global_asia-enhanced_c201607211230.bitmask,NCEI_NGA.union.nga_lead2.add_2015ntl.mask,timezone.shp,VBD_platforms-recurring_2015_r20170330.shp,999999,VBD_bridges_c20160811.shp,-7.100276;-9.514378;-11.364257;-16.271927;-21.181957;-26.093166;-31.003138;-29.519148;-26.172626;-21.467140;-16.716240;-11.924489,128.015396;141.812576;155.684586;154.858704;154.119720;153.473145;152.927078;136.914597;121.532394;123.428360;125.126907;126.643875,npp_d20151003_t1555027_e1600431_b20377,159.608,143.149,61.0941,101.614,70.7681,65.1852
7,VBD_npp_d20151003_t1556248_x1302686E_y124711S_l0739_s0515_v23,2017-06-01 16:07:54,-12.471084,130.268585,1.85212,2015-10-03 15:56:24,2015-10-04 00:56:24,739,515,0.223167,2,2465,0.0751466,0.0641444,0.42864,0.4,0.545984,0.75,0.0093138,0.0001,5.23682e-50,999999,-5.214018e-01,3,Australian Exclusive Economic Zone,,,SVDNB_npp_d20151003_t1555027_e1600431_b20377_c20151003220044315450_noaa_ops.h5,GDNBO_npp_d20151003_t1555027_e1600431_b20377_c20151003220044315198_noaa_ops.h5,SVI04_npp_d20151003_t1555027_e1600431_b20377_c20151003220044398279_noaa_ops.dspace_rad,VNFF_npp_d20151003_t1555027_e1600431_b20377_v21.csv,World_EEZ_v8_2014.shp,WPP_BFAR_merge.shp,KKP_IDN_merge_20161208.shp,VNF-VBD_npp_20120301-20151231_global_asia-enhanced_c201607211230.bitmask,NCEI_NGA.union.nga_lead2.add_2015ntl.mask,timezone.shp,VBD_platforms-recurring_2015_r20170330.shp,999999,VBD_bridges_c20160811.shp,-7.100276;-9.514378;-11.364257;-16.271927;-21.181957;-26.093166;-31.003138;-29.519148;-26.172626;-21.467140;-16.716240;-11.924489,128.015396;141.812576;155.684586;154.858704;154.119720;153.473145;152.927078;136.914597;121.532394;123.428360;125.126907;126.643875,npp_d20151003_t1555027_e1600431_b20377,159.597,143.121,61.0505,101.611,70.7567,65.179
8,VBD_npp_d20151003_t1556177_x1304313E_y121165S_l0681_s0523_v23,2017-06-01 16:07:54,-12.116460,130.431274,22.9842,2015-10-03 15:56:17,2015-10-04 00:56:17,681,523,0.36863,11,18913,0.870719,0.0641444,0.900963,0.4,0.978334,0.75,0.00944531,0.0001,4.09777e-49,999999,-8.655630e-02,3,Australian Exclusive Economic Zone,,,SVDNB_npp_d20151003_t1555027_e1600431_b20377_c20151003220044315450_noaa_ops.h5,GDNBO_npp_d20151003_t1555027_e1600431_b20377_c20151003220044315198_noaa_ops.h5,SVI04_npp_d20151003_t1555027_e1600431_b20377_c20151003220044398279_noaa_ops.dspace_rad,VNFF_npp_d20151003_t1555027_e1600431_b20377_v21.csv,World_EEZ_v8_2014.shp,WPP_BFAR_merge.shp,KKP_IDN_merge_20161208.shp,VNF-VBD_npp_20120301-20151231_global_asia-enhanced_c201607211230.bitmask,NCEI_NGA.union.nga_lead2.add_2015ntl.mask,timezone.shp,VBD_platforms-recurring_2015_r20170330.shp,0.225296,VBD_bridges_c20160811.shp,-7.100276;-9.514378;-11.364257;-16.271927;-21.181957;-26.093166;-31.003138;-29.519148;-26.172626;-21.467140;-16.716240;-11.924489,128.015396;141.812576;155.684586;154.858704;154.119720;153.473145;152.927078;136.914597;121.532394;123.428360;125.126907;126.643875,npp_d20151003_t1555027_e1600431_b20377,159.801,142.232,60.8743,101.275,70.4876,65.2492
9,VBD_npp_d20151003_t1556230_x1304426E_y124412S_l0729_s0537_v23,2017-06-01 16:07:54,-12.441187,130.442642,4.05142,2015-10-03 15:56:23,2015-10-04 00:56:23,729,537,0.125718,10,2433,0.0659244,0.0641444,0.384121,0.4,0.280392,0.75,0.00940984,0.0001,1.21779e-48,999999,-5.140677e-01,3,Australian Exclusive Economic Zone,,,SVDNB_npp_d20151003_t1555027_e1600431_b20377_c20151003220044315450_noaa_ops.h5,GDNBO_npp_d20151003_t1555027_e1600431_b20377_c20151003220044315198_noaa_ops.h5,SVI04_npp_d20151003_t1555027_e1600431_b20377_c20151003220044398279_noaa_ops.dspace_rad,VNFF_npp_d20151003_t1555027_e1600431_b20377_v21.csv,World_EEZ_v8_2014.shp,WPP_BFAR_merge.shp,KKP_IDN_merge_20161208.shp,VNF-VBD_npp_20120301-20151231_global_asia-enhanced_c201607211230.bitmask,NCEI_NGA.union.nga_lead2.add_2015ntl.mask,timezone.shp,VBD_platforms-recurring_2015_r20170330.shp,999999,VBD_bridges_c20160811.shp,-7.100276;-9.514378;-11.364257;-16.271927;-21.181957;-26.093166;-31.003138;-29.519148;-26.172626;-21.467140;-16.716240;-11.924489,128.015396;141.812576;155.684586;154.858704;154.119720;153.473145;152.927078;136.914597;121.532394;123.428360;125.126907;126.643875,npp_d20151003_t1555027_e1600431_b20377,159.523,142.689,60.5725,101.325,70.5953,65.1278
10,VBD_npp_d20151003_t1556212_x1305627E_y123860S_l0717_s0551_v23,2017-06-01 16:07:54,-12.386027,130.562653,3.68864,2015-10-03 15:56:21,2015-10-04 00:56:21,717,551,0.178213,2,2465,0.113204,0.0641444,0.439829,0.4,0.609861,0.75,0.00947908,0.0001,9.3125e-48,999999,-4.588276e-01,3,Australian Exclusive Economic Zone,,,SVDNB_npp_d20151003_t1555027_e1600431_b20377_c20151003220044315450_noaa_ops.h5,GDNBO_npp_d20151003_t1555027_e1600431_b20377_c20151003220044315198_noaa_ops.h5,SVI04_npp_d20151003_t1555027_e1600431_b20377_c20151003220044398279_noaa_ops.dspace_rad,VNFF_npp_d20151003_t1555027_e1600431_b20377_v21.csv,World_EEZ_v8_2014.shp,WPP_BFAR_merge.shp,KKP_IDN_merge_20161208.shp,VNF-VBD_npp_20120301-20151231_global_asia-enhanced_c201607211230.bitmask,NCEI_NGA.union.nga_lead2.add_2015ntl.mask,timezone.shp,VBD_platforms-recurring_2015_r20170330.shp,999999,VBD_bridges_c20160811.shp,-7.100276;-9.514378;-11.364257;-16.271927;-21.181957;-26.093166;-31.003138;-29.519148;-26.172626;-21.467140;-16.716240;-11.924489,128.015396;141.812576;155.684586;154.858704;154.119720;153.473145;152.927078;136.914597;121.532394;123.428360;125.126907;126.643875,npp_d20151003_t1555027_e1600431_b20377,159.5,142.341,60.267,101.124,70.4714,65.1049
11,VBD_npp_d20151003_t1556195_x1307031E_y122773S_l0697_s0566_v23,2017-06-01 16:07:54,-12.277328,130.703079,8.63407,2015-10-03 15:56:19,2015-10-04 01:26:19,697,566,0.377166,1,2529,0.513116,0.0641444,0.832759,0.4,0.950122,0.75,0.00956359,0.0001,1.15473e-46,999999,-3.419336e-02,3,Australian Exclusive Economic Zone,,,SVDNB_npp_d20151003_t1555027_e1600431_b20377_c20151003220044315450_noaa_ops.h5,GDNBO_npp_d20151003_t1555027_e1600431_b20377_c20151003220044315198_noaa_ops.h5,SVI04_npp_d20151003_t1555027_e1600431_b20377_c20151003220044398279_noaa_ops.dspace_rad,VNFF_npp_d20151003_t1555027_e1600431_b20377_v21.csv,World_EEZ_v8_2014.shp,WPP_BFAR_merge.shp,KKP_IDN_merge_20161208.shp,VNF-VBD_npp_20120301-20151231_global_asia-enhanced_c201607211230.bitmask,NCEI_NGA.union.nga_lead2.add_2015ntl.mask,timezone.shp,VBD_platforms-recurring_2015_r20170330.shp,999999,VBD_bridges_c20160811.shp,-7.100276;-9.514378;-11.364257;-16.271927;-21.181957;-26.093166;-31.003138;-29.519148;-26.172626;-21.467140;-16.716240;-11.924489,128.015396;141.812576;155.684586;154.858704;154.119720;153.473145;152.927078;136.914597;121.532394;123.428360;125.126907;126.643875,npp_d20151003_t1555027_e1600431_b20377,159.506,141.86,59.9283,101.234,70.3066,65.0928
12,VBD_npp_d20151003_t1556230_x1307925E_y124682S_l0723_s0586_v23,2017-06-01 16:07:54,-12.468231,130.792496,4.5937,2015-10-03 15:56:23,2015-10-04 01:26:23,723,586,0.225799,10,2433,0.0749249,0.0641444,0.367665,0.4,0.217461,0.75,0.00960071,0.0001,1.21543e-45,999999,-1.617002e-01,3,,,,SVDNB_npp_d20151003_t1555027_e1600431_b20377_c20151003220044315450_noaa_ops.h5,GDNBO_npp_d20151003_t1555027_e1600431_b20377_c20151003220044315198_noaa_ops.h5,SVI04_npp_d20151003_t1555027_e1600431_b20377_c20151003220044398279_noaa_ops.dspace_rad,VNFF_npp_d20151003_t1555027_e1600431_b20377_v21.csv,World_EEZ_v8_2014.shp,WPP_BFAR_merge.shp,KKP_IDN_merge_20161208.shp,VNF-VBD_npp_20120301-20151231_global_asia-enhanced_c201607211230.bitmask,NCEI_NGA.union.nga_lead2.add_2015ntl.mask,timezone.shp,VBD_platforms-recurring_2015_r20170330.shp,999999,VBD_bridges_c20160811.shp,-7.100276;-9.514378;-11.364257;-16.271927;-21.181957;-26.093166;-31.003138;-29.519148;-26.172626;-21.467140;-16.716240;-11.924489,128.015396;141.812576;155.684586;154.858704;154.119720;153.473145;152.927078;136.914597;121.532394;123.428360;125.126907;126.643875,npp_d20151003_t1555027_e1600431_b20377,159.293,141.938,59.4828,101.484,70.2953,64.9894
13,VBD_npp_d20151003_t1556017_x1356953E_y121280S_l0537_s1255_v23,2017-06-01 16:07:54,-12.128014,135.695343,4.00414,2015-10-03 15:56:01,2015-10-04 01:26:01,537,1255,0.386413,1,2529,0.301633,0.153337,0.841201,0.4,0.891115,0.75,0.0125752,0.0001,2.16258e-18,999999,8.220118e-02,3,,,,SVDNB_npp_d20151003_t1555027_e1600431_b20377_c20151003220044315450_noaa_ops.h5,GDNBO_npp_d20151003_t1555027_e1600431_b20377_c20151003220044315198_noaa_ops.h5,SVI04_npp_d20151003_t1555027_e1600431_b20377_c20151003220044398279_noaa_ops.dspace_rad,VNFF_npp_d20151003_t1555027_e1600431_b20377_v21.csv,World_EEZ_v8_2014.shp,WPP_BFAR_merge.shp,KKP_IDN_merge_20161208.shp,VNF-VBD_npp_20120301-20151231_global_asia-enhanced_c201607211230.bitmask,NCEI_NGA.union.nga_lead2.add_2015ntl.mask,timezone.shp,VBD_platforms-recurring_2015_r20170330.shp,999999,VBD_bridges_c20160811.shp,-7.100276;-9.514378;-11.364257;-16.271927;-21.181957;-26.093166;-31.003138;-29.519148;-26.172626;-21.467140;-16.716240;-11.924489,128.015396;141.812576;155.684586;154.858704;154.119720;153.473145;152.927078;136.914597;121.532394;123.428360;125.126907;126.643875,npp_d20151003_t1555027_e1600431_b20377,156.318,131.907,39.617,100.013,65.8842,63.2268
14,VBD_npp_d20151003_t1556017_x1357448E_y120818S_l0529_s1261_v23,2017-06-01 16:07:54,-12.081757,135.744827,49.3809,2015-10-03 15:56:01,2015-10-04 01:26:01,529,1261,0.391677,1,2529,1.12963,0.152122,0.909083,0.4,0.983116,0.75,0.0126208,0.0001,3.63348e-18,999999,9.317300e-02,3,,,,SVDNB_npp_d20151003_t1555027_e1600431_b20377_c20151003220044315450_noaa_ops.h5,GDNBO_npp_d20151003_t1555027_e1600431_b20377_c20151003220044315198_noaa_ops.h5,SVI04_npp_d20151003_t1555027_e1600431_b20377_c20151003220044398279_noaa_ops.dspace_rad,VNFF_npp_d20151003_t1555027_e1600431_b20377_v21.csv,World_EEZ_v8_2014.shp,WPP_BFAR_merge.shp,KKP_IDN_merge_20161208.shp,VNF-VBD_npp_20120301-20151231_global_asia-enhanced_c201607211230.bitmask,NCEI_NGA.union.nga_lead2.add_2015ntl.mask,timezone.shp,VBD_platforms-recurring_2015_r20170330.shp,999999,VBD_bridges_c20160811.shp,-7.100276;-9.514378;-11.364257;-16.271927;-21.181957;-26.093166;-31.003138;-29.519148;-26.172626;-21.467140;-16.716240;-11.924489,128.015396;141.812576;155.684586;154.858704;154.119720;153.473145;152.927078;136.914597;121.532394;123.428360;125.126907;126.643875,npp_d20151003_t1555027_e1600431_b20377,156.313,131.744,39.3914,100.589,65.8198,63.2256
15,VBD_npp_d20151003_t1555599_x1366380E_y121711S_l0519_s1390_v23,2017-06-01 16:07:54,-12.171052,136.638016,3.28015,2015-10-03 15:55:59,2015-10-04 01:25:59,519,1390,0.388405,8,18913,0.27016,0.160017,0.762126,0.4,0.925561,0.75,0.0131211,0.0001,4.49237e-15,999999,2.188246e-02,3,Australian Exclusive Economic Zone,,,SVDNB_npp_d20151003_t1555027_e1600431_b20377_c20151003220044315450_noaa_ops.h5,GDNBO_npp_d20151003_t1555027_e1600431_b20377_c20151003220044315198_noaa_ops.h5,SVI04_npp_d20151003_t1555027_e1600431_b20377_c20151003220044398279_noaa_ops.dspace_rad,VNFF_npp_d20151003_t1555027_e1600431_b20377_v21.csv,World_EEZ_v8_2014.shp,WPP_BFAR_merge.shp,KKP_IDN_merge_20161208.shp,VNF-VBD_npp_20120301-20151231_global_asia-enhanced_c201607211230.bitmask,NCEI_NGA.union.nga_lead2.add_2015ntl.mask,timezone.shp,VBD_platforms-recurring_2015_r20170330.shp,0.509495,VBD_bridges_c20160811.shp,-7.100276;-9.514378;-11.364257;-16.271927;-21.181957;-26.093166;-31.003138;-29.519148;-26.172626;-21.467140;-16.716240;-11.924489,128.015396;141.812576;155.684586;154.858704;154.119720;153.473145;152.927078;136.914597;121.532394;123.428360;125.126907;126.643875,npp_d20151003_t1555027_e1600431_b20377,155.602,130.433,34.1204,99.9612,65.0829,62.8147
16,VBD_npp_d20151003_t1556177_x1366502E_y132703S_l0681_s1430_v23,2017-06-01 16:07:54,-13.270308,136.650162,1.75921,2015-10-03 15:56:17,2015-10-04 01:26:17,681,1430,0.39566,1,2273,0.175021,0.145497,0.62583,0.4,0.980889,0.75,0.0127827,0.0001,1.83244e-14,999999,1.529846e-01,3,Australian Exclusive Economic Zone,,,SVDNB_npp_d20151003_t1555027_e1600431_b20377_c20151003220044315450_noaa_ops.h5,GDNBO_npp_d20151003_t1555027_e1600431_b20377_c20151003220044315198_noaa_ops.h5,SVI04_npp_d20151003_t1555027_e1600431_b20377_c20151003220044398279_noaa_ops.dspace_rad,VNFF_npp_d20151003_t1555027_e1600431_b20377_v21.csv,World_EEZ_v8_2014.shp,WPP_BFAR_merge.shp,KKP_IDN_merge_20161208.shp,VNF-VBD_npp_20120301-20151231_global_asia-enhanced_c201607211230.bitmask,NCEI_NGA.union.nga_lead2.add_2015ntl.mask,timezone.shp,VBD_platforms-recurring_2015_r20170330.shp,999999,VBD_bridges_c20160811.shp,-7.100276;-9.514378;-11.364257;-16.271927;-21.181957;-26.093166;-31.003138;-29.519148;-26.172626;-21.467140;-16.716240;-11.924489,128.015396;141.812576;155.684586;154.858704;154.119720;153.473145;152.927078;136.914597;121.532394;123.428360;125.126907;126.643875,npp_d20151003_t1555027_e1600431_b20377,154.813,132.083,32.3515,99.8381,65.5201,62.3114
309,VBD_npp_d20151003_t1731451_x1167636E_y078304N_l3071_s1520_v23,2017-06-01 16:06:37,7.830419,116.763557,110.945,2015-10-03 17:31:45,2015-10-04 01:31:45,3071,1520,0.387551,1,2529,1.11757,0.214976,0.906651,0.4,0.945322,0.75,0.0199591,0.0001,1.00663e-09,999999,999999,3,Philippines Exclusive Economic Zone,Region IV-B,,SVDNB_npp_d20151003_t1726050_e1731454_b20378_c20151003233147404209_noaa_ops.h5,GDNBO_npp_d20151003_t1726050_e1731454_b20378_c20151003233147403930_noaa_ops.h5,SVI04_npp_d20151003_t1726050_e1731454_b20378_c20151003233146487826_noaa_ops.dspace_rad,VNFF_npp_d20151003_t1726050_e1731454_b20378_v21.csv,World_EEZ_v8_2014.shp,WPP_BFAR_merge.shp,KKP_IDN_merge_20161208.shp,VNF-VBD_npp_20120301-20151231_global_asia-enhanced_c201607211230.bitmask,NCEI_NGA.union.nga_lead2.add_2015ntl.mask,timezone.shp,VBD_platforms-recurring_2015_r20170330.shp,999999,VBD_bridges_c20160811.shp,28.852583;27.346083;24.201859;19.448618;14.657623;9.834995;4.986812;7.299190;9.200964;14.102430;19.014427;23.930559,109.457336;125.021164;139.854843;138.093445;136.510788;135.086929;133.801163;120.212379;106.394905;107.309700;108.110451;108.843315,npp_d20151003_t1726050_e1731454_b20378,157.363,81.6451,28.1743,97.5262,54.4146,73.244
312,VBD_npp_d20151003_t1731451_x1167722E_y078428N_l3069_s1521_v23,2017-06-01 16:06:37,7.842786,116.772179,76.805,2015-10-03 17:31:45,2015-10-04 01:31:45,3069,1521,0.380296,1,2529,1.09026,0.165856,0.900544,0.4,0.944806,0.75,0.019963,0.0001,1.05891e-09,999999,2.651189e-02,3,Philippines Exclusive Economic Zone,Region IV-B,,SVDNB_npp_d20151003_t1726050_e1731454_b20378_c20151003233147404209_noaa_ops.h5,GDNBO_npp_d20151003_t1726050_e1731454_b20378_c20151003233147403930_noaa_ops.h5,SVI04_npp_d20151003_t1726050_e1731454_b20378_c20151003233146487826_noaa_ops.dspace_rad,VNFF_npp_d20151003_t1726050_e1731454_b20378_v21.csv,World_EEZ_v8_2014.shp,WPP_BFAR_merge.shp,KKP_IDN_merge_20161208.shp,VNF-VBD_npp_20120301-20151231_global_asia-enhanced_c201607211230.bitmask,NCEI_NGA.union.nga_lead2.add_2015ntl.mask,timezone.shp,VBD_platforms-recurring_2015_r20170330.shp,999999,VBD_bridges_c20160811.shp,28.852583;27.346083;24.201859;19.448618;14.657623;9.834995;4.986812;7.299190;9.200964;14.102430;19.014427;23.930559,109.457336;125.021164;139.854843;138.093445;136.510788;135.086929;133.801163;120.212379;106.394905;107.309700;108.110451;108.843315,npp_d20151003_t1726050_e1731454_b20378,157.353,81.6199,28.1258,97.7473,54.4027,73.2521
347,VBD_npp_d20151003_t1731434_x1175807E_y078163N_l3055_s1638_v23,2017-06-01 16:06:37,7.816268,117.580666,95.1828,2015-10-03 17:31:43,2015-10-04 01:31:43,3055,1638,0.432862,1,2529,1.21916,0.168609,0.884686,0.4,0.959998,0.75,0.0204151,0.0001,3.94423e-08,999999,2.606734e-03,3,Philippines Exclusive Economic Zone,Region IV-B,,SVDNB_npp_d20151003_t1726050_e1731454_b20378_c20151003233147404209_noaa_ops.h5,GDNBO_npp_d20151003_t1726050_e1731454_b20378_c20151003233147403930_noaa_ops.h5,SVI04_npp_d20151003_t1726050_e1731454_b20378_c20151003233146487826_noaa_ops.dspace_rad,VNFF_npp_d20151003_t1726050_e1731454_b20378_v21.csv,World_EEZ_v8_2014.shp,WPP_BFAR_merge.shp,KKP_IDN_merge_20161208.shp,VNF-VBD_npp_20120301-20151231_global_asia-enhanced_c201607211230.bitmask,NCEI_NGA.union.nga_lead2.add_2015ntl.mask,timezone.shp,VBD_platforms-recurring_2015_r20170330.shp,999999,VBD_bridges_c20160811.shp,28.852583;27.346083;24.201859;19.448618;14.657623;9.834995;4.986812;7.299190;9.200964;14.102430;19.014427;23.930559,109.457336;125.021164;139.854843;138.093445;136.510788;135.086929;133.801163;120.212379;106.394905;107.309700;108.110451;108.843315,npp_d20151003_t1726050_e1731454_b20378,156.571,82.0557,22.3093,97.3801,53.6428,73.171
351,VBD_npp_d20151003_t1731416_x1176868E_y079156N_l3038_s1650_v23,2017-06-01 16:06:37,7.915566,117.686806,149.521,2015-10-03 17:31:41,2015-10-04 01:31:41,3038,1650,0.431226,1,2529,1.19469,0.166315,0.856729,0.4,0.958742,0.75,0.0204616,0.0001,5.73056e-08,999999,2.253379e-02,3,Philippines Exclusive Economic Zone,Region IV-B,,SVDNB_npp_d20151003_t1726050_e1731454_b20378_c20151003233147404209_noaa_ops.h5,GDNBO_npp_d20151003_t1726050_e1731454_b20378_c20151003233147403930_noaa_ops.h5,SVI04_npp_d20151003_t1726050_e1731454_b20378_c20151003233146487826_noaa_ops.dspace_rad,VNFF_npp_d20151003_t1726050_e1731454_b20378_v21.csv,World_EEZ_v8_2014.shp,WPP_BFAR_merge.shp,KKP_IDN_merge_20161208.shp,VNF-VBD_npp_20120301-20151231_global_asia-enhanced_c201607211230.bitmask,NCEI_NGA.union.nga_lead2.add_2015ntl.mask,timezone.shp,VBD_platforms-recurring_2015_r20170330.shp,999999,VBD_bridges_c20160811.shp,28.852583;27.346083;24.201859;19.448618;14.657623;9.834995;4.986812;7.299190;9.200964;14.102430;19.014427;23.930559,109.457336;125.021164;139.854843;138.093445;136.510788;135.086929;133.801163;120.212379;106.394905;107.309700;108.110451;108.843315,npp_d20151003_t1726050_e1731454_b20378,156.461,81.8744,21.6764,97.5106,53.519,73.2352
352,VBD_npp_d20151003_t1731434_x1176897E_y078892N_l3042_s1652_v23,2017-06-01 16:06:37,7.889170,117.689667,101.158,2015-10-03 17:31:43,2015-10-04 01:31:43,3042,1652,0.441611,1,2529,1.20687,0.168437,0.881345,0.4,0.963608,0.75,0.0204693,0.0001,6.56027e-08,999999,4.107775e-03,3,Philippines Exclusive Economic Zone,Region IV-B,,SVDNB_npp_d20151003_t1726050_e1731454_b20378_c20151003233147404209_noaa_ops.h5,GDNBO_npp_d20151003_t1726050_e1731454_b20378_c20151003233147403930_noaa_ops.h5,SVI04_npp_d20151003_t1726050_e1731454_b20378_c20151003233146487826_noaa_ops.dspace_rad,VNFF_npp_d20151003_t1726050_e1731454_b20378_v21.csv,World_EEZ_v8_2014.shp,WPP_BFAR_merge.shp,KKP_IDN_merge_20161208.shp,VNF-VBD_npp_20120301-20151231_global_asia-enhanced_c201607211230.bitmask,NCEI_NGA.union.nga_lead2.add_2015ntl.mask,timezone.shp,VBD_platforms-recurring_2015_r20170330.shp,999999,VBD_bridges_c20160811.shp,28.852583;27.346083;24.201859;19.448618;14.657623;9.834995;4.986812;7.299190;9.200964;14.102430;19.014427;23.930559,109.457336;125.021164;139.854843;138.093445;136.510788;135.086929;133.801163;120.212379;106.394905;107.309700;108.110451;108.843315,npp_d20151003_t1726050_e1731454_b20378,156.454,81.9391,21.5688,99.3017,53.5171,73.2152
580,VBD_npp_d20151003_t1731451_x1217775E_y070847N_l3067_s2265_v23,2017-06-01 16:06:37,7.084715,121.777504,10.9512,2015-10-03 17:31:45,2015-10-04 01:31:45,3067,2265,0.219113,2,2209,0.211924,0.177815,0.439127,0.4,0.478348,0.75,0.0227607,0.0001,0.0024274,999999,-8.599303e-02,3,Philippines Exclusive Economic Zone,Region IX,,SVDNB_npp_d20151003_t1726050_e1731454_b20378_c20151003233147404209_noaa_ops.h5,GDNBO_npp_d20151003_t1726050_e1731454_b20378_c20151003233147403930_noaa_ops.h5,SVI04_npp_d20151003_t1726050_e1731454_b20378_c20151003233146487826_noaa_ops.dspace_rad,VNFF_npp_d20151003_t1726050_e1731454_b20378_v21.csv,World_EEZ_v8_2014.shp,WPP_BFAR_merge.shp,KKP_IDN_merge_20161208.shp,VNF-VBD_npp_20120301-20151231_global_asia-enhanced_c201607211230.bitmask,NCEI_NGA.union.nga_lead2.add_2015ntl.mask,timezone.shp,VBD_platforms-recurring_2015_r20170330.shp,999999,VBD_bridges_c20160811.shp,28.852583;27.346083;24.201859;19.448618;14.657623;9.834995;4.986812;7.299190;9.200964;14.102430;19.014427;23.930559,109.457336;125.021164;139.854843;138.093445;136.510788;135.086929;133.801163;120.212379;106.394905;107.309700;108.110451;108.843315,npp_d20151003_t1726050_e1731454_b20378,152.508,85.1078,13.32,-80.2016,49.8407,72.1435
601,VBD_npp_d20151003_t1731434_x1223454E_y070879N_l3053_s2346_v23,2017-06-01 16:06:37,7.087920,122.345383,7.3518,2015-10-03 17:31:43,2015-10-04 01:31:43,3053,2346,0.422405,1,2529,0.436318,0.197531,0.861706,0.4,0.915054,0.75,0.0230567,0.0001,0.00440546,999999,-2.581506e-01,3,Philippines Exclusive Economic Zone,Region IX,,SVDNB_npp_d20151003_t1726050_e1731454_b20378_c20151003233147404209_noaa_ops.h5,GDNBO_npp_d20151003_t1726050_e1731454_b20378_c20151003233147403930_noaa_ops.h5,SVI04_npp_d20151003_t1726050_e1731454_b20378_c20151003233146487826_noaa_ops.dspace_rad,VNFF_npp_d20151003_t1726050_e1731454_b20378_v21.csv,World_EEZ_v8_2014.shp,WPP_BFAR_merge.shp,KKP_IDN_merge_20161208.shp,VNF-VBD_npp_20120301-20151231_global_asia-enhanced_c201607211230.bitmask,NCEI_NGA.union.nga_lead2.add_2015ntl.mask,timezone.shp,VBD_platforms-recurring_2015_r20170330.shp,999999,VBD_bridges_c20160811.shp,28.852583;27.346083;24.201859;19.448618;14.657623;9.834995;4.986812;7.299190;9.200964;14.102430;19.014427;23.930559,109.457336;125.021164;139.854843;138.093445;136.510788;135.086929;133.801163;120.212379;106.394905;107.309700;108.110451;108.843315,npp_d20151003_t1726050_e1731454_b20378,151.954,85.2596,17.8079,-79.9691,49.3042,72.0658
602,VBD_npp_d20151003_t1731434_x1223612E_y070991N_l3051_s2348_v23,2017-06-01 16:06:37,7.099135,122.361198,24.0865,2015-10-03 17:31:43,2015-10-04 01:31:43,3051,2348,0.420983,1,2529,0.814923,0.187437,0.868781,0.4,0.93326,0.75,0.023064,0.0001,0.0045271,999999,-1.700145e-01,3,Philippines Exclusive Economic Zone,Region IX,,SVDNB_npp_d20151003_t1726050_e1731454_b20378_c20151003233147404209_noaa_ops.h5,GDNBO_npp_d20151003_t1726050_e1731454_b20378_c20151003233147403930_noaa_ops.h5,SVI04_npp_d20151003_t1726050_e1731454_b20378_c20151003233146487826_noaa_ops.dspace_rad,VNFF_npp_d20151003_t1726050_e1731454_b20378_v21.csv,World_EEZ_v8_2014.shp,WPP_BFAR_merge.shp,KKP_IDN_merge_20161208.shp,VNF-VBD_npp_20120301-20151231_global_asia-enhanced_c201607211230.bitmask,NCEI_NGA.union.nga_lead2.add_2015ntl.mask,timezone.shp,VBD_platforms-recurring_2015_r20170330.shp,999999,VBD_bridges_c20160811.shp,28.852583;27.346083;24.201859;19.448618;14.657623;9.834995;4.986812;7.299190;9.200964;14.102430;19.014427;23.930559,109.457336;125.021164;139.854843;138.093445;136.510788;135.086929;133.801163;120.212379;106.394905;107.309700;108.110451;108.843315,npp_d20151003_t1726050_e1731454_b20378,151.937,85.243,17.9167,-80.3389,49.2857,72.073
603,VBD_npp_d20151003_t1731451_x1223951E_y069648N_l3070_s2357_v23,2017-06-01 16:06:37,6.964752,122.395103,29.702,2015-10-03 17:31:45,2015-10-04 01:31:45,3070,2357,0.303617,2,2465,0.444179,0.213776,0.727901,0.4,0.707883,0.75,0.0230968,0.0001,0.0046555,999999,999999,3,Philippines Exclusive Economic Zone,Region IX,,SVDNB_npp_d20151003_t1726050_e1731454_b20378_c20151003233147404209_noaa_ops.h5,GDNBO_npp_d20151003_t1726050_e1731454_b20378_c20151003233147403930_noaa_ops.h5,SVI04_npp_d20151003_t1726050_e1731454_b20378_c20151003233146487826_noaa_ops.dspace_rad,VNFF_npp_d20151003_t1726050_e1731454_b20378_v21.csv,World_EEZ_v8_2014.shp,WPP_BFAR_merge.shp,KKP_IDN_merge_20161208.shp,VNF-VBD_npp_20120301-20151231_global_asia-enhanced_c201607211230.bitmask,NCEI_NGA.union.nga_lead2.add_2015ntl.mask,timezone.shp,VBD_platforms-recurring_2015_r20170330.shp,999999,VBD_bridges_c20160811.shp,28.852583;27.346083;24.201859;19.448618;14.657623;9.834995;4.986812;7.299190;9.200964;14.102430;19.014427;23.930559,109.457336;125.021164;139.854843;138.093445;136.510788;135.086929;133.801163;120.212379;106.394905;107.309700;108.110451;108.843315,npp_d20151003_t1726050_e1731454_b20378,151.907,85.5053,18.4106,-79.8243,49.2884,71.954
606,VBD_npp_d20151003_t1731451_x1224088E_y069625N_l3070_s2359_v23,2017-06-01 16:06:37,6.962515,122.408836,16.383,2015-10-03 17:31:45,2015-10-04 01:31:45,3070,2359,0.280783,7,2465,0.223925,0.213776,0.743163,0.4,0.526621,0.75,0.0231041,0.0001,0.00471572,999999,999999,3,,,,SVDNB_npp_d20151003_t1726050_e1731454_b20378_c20151003233147404209_noaa_ops.h5,GDNBO_npp_d20151003_t1726050_e1731454_b20378_c20151003233147403930_noaa_ops.h5,SVI04_npp_d20151003_t1726050_e1731454_b20378_c20151003233146487826_noaa_ops.dspace_rad,VNFF_npp_d20151003_t1726050_e1731454_b20378_v21.csv,World_EEZ_v8_2014.shp,WPP_BFAR_merge.shp,KKP_IDN_merge_20161208.shp,VNF-VBD_npp_20120301-20151231_global_asia-enhanced_c201607211230.bitmask,NCEI_NGA.union.nga_lead2.add_2015ntl.mask,timezone.shp,VBD_platforms-recurring_2015_r20170330.shp,999999,VBD_bridges_c20160811.shp,28.852583;27.346083;24.201859;19.448618;14.657623;9.834995;4.986812;7.299190;9.200964;14.102430;19.014427;23.930559,109.457336;125.021164;139.854843;138.093445;136.510788;135.086929;133.801163;120.212379;106.394905;107.309700;108.110451;108.843315,npp_d20151003_t1726050_e1731454_b20378,151.894,85.5132,18.5207,-79.8291,49.276,71.9501
607,VBD_npp_d20151003_t1731451_x1224179E_y069749N_l3068_s2360_v23,2017-06-01 16:06:37,6.974872,122.417892,63.7038,2015-10-03 17:31:45,2015-10-04 01:31:45,3068,2360,0.406472,1,2529,0.831628,0.18864,0.743163,0.4,0.877623,0.75,0.0231078,0.0001,0.00481374,999999,-1.805189e-01,3,Philippines Exclusive Economic Zone,Region IX,,SVDNB_npp_d20151003_t1726050_e1731454_b20378_c20151003233147404209_noaa_ops.h5,GDNBO_npp_d20151003_t1726050_e1731454_b20378_c20151003233147403930_noaa_ops.h5,SVI04_npp_d20151003_t1726050_e1731454_b20378_c20151003233146487826_noaa_ops.dspace_rad,VNFF_npp_d20151003_t1726050_e1731454_b20378_v21.csv,World_EEZ_v8_2014.shp,WPP_BFAR_merge.shp,KKP_IDN_merge_20161208.shp,VNF-VBD_npp_20120301-20151231_global_asia-enhanced_c201607211230.bitmask,NCEI_NGA.union.nga_lead2.add_2015ntl.mask,timezone.shp,VBD_platforms-recurring_2015_r20170330.shp,999999,VBD_bridges_c20160811.shp,28.852583;27.346083;24.201859;19.448618;14.657623;9.834995;4.986812;7.299190;9.200964;14.102430;19.014427;23.930559,109.457336;125.021164;139.854843;138.093445;136.510788;135.086929;133.801163;120.212379;106.394905;107.309700;108.110451;108.843315,npp_d20151003_t1726050_e1731454_b20378,151.884,85.4925,18.5742,-80.1846,49.2635,71.9591
612,VBD_npp_d20151003_t1731434_x1224993E_y071252N_l3044_s2367_v23,2017-06-01 16:06:37,7.125240,122.499306,41.8295,2015-10-03 17:31:43,2015-10-04 01:31:43,3044,2367,0.418209,8,18913,0.847258,0.160478,0.805242,0.4,0.916546,0.75,0.0231334,0.0001,0.00537044,999999,6.538594e-02,3,Philippines Exclusive Economic Zone,Region IX,,SVDNB_npp_d20151003_t1726050_e1731454_b20378_c20151003233147404209_noaa_ops.h5,GDNBO_npp_d20151003_t1726050_e1731454_b20378_c20151003233147403930_noaa_ops.h5,SVI04_npp_d20151003_t1726050_e1731454_b20378_c20151003233146487826_noaa_ops.dspace_rad,VNFF_npp_d20151003_t1726050_e1731454_b20378_v21.csv,World_EEZ_v8_2014.shp,WPP_BFAR_merge.shp,KKP_IDN_merge_20161208.shp,VNF-VBD_npp_20120301-20151231_global_asia-enhanced_c201607211230.bitmask,NCEI_NGA.union.nga_lead2.add_2015ntl.mask,timezone.shp,VBD_platforms-recurring_2015_r20170330.shp,0.580811,VBD_bridges_c20160811.shp,28.852583;27.346083;24.201859;19.448618;14.657623;9.834995;4.986812;7.299190;9.200964;14.102430;19.014427;23.930559,109.457336;125.021164;139.854843;138.093445;136.510788;135.086929;133.801163;120.212379;106.394905;107.309700;108.110451;108.843315,npp_d20151003_t1726050_e1731454_b20378,151.798,85.2327,18.9636,-81.5667,49.1457,72.0747
614,VBD_npp_d20151003_t1731451_x1224912E_y069907N_l3064_s2370_v23,2017-06-01 16:06:37,6.990698,122.491219,3.96515,2015-10-03 17:31:45,2015-10-04 01:31:45,3064,2370,0.418351,1,2529,0.259715,0.208746,0.775644,0.4,0.796776,0.75,0.0231443,0.0001,0.00527367,999999,-3.560831e-01,3,Philippines Exclusive Economic Zone,Region IX,,SVDNB_npp_d20151003_t1726050_e1731454_b20378_c20151003233147404209_noaa_ops.h5,GDNBO_npp_d20151003_t1726050_e1731454_b20378_c20151003233147403930_noaa_ops.h5,SVI04_npp_d20151003_t1726050_e1731454_b20378_c20151003233146487826_noaa_ops.dspace_rad,VNFF_npp_d20151003_t1726050_e1731454_b20378_v21.csv,World_EEZ_v8_2014.shp,WPP_BFAR_merge.shp,KKP_IDN_merge_20161208.shp,VNF-VBD_npp_20120301-20151231_global_asia-enhanced_c201607211230.bitmask,NCEI_NGA.union.nga_lead2.add_2015ntl.mask,timezone.shp,VBD_platforms-recurring_2015_r20170330.shp,999999,VBD_bridges_c20160811.shp,28.852583;27.346083;24.201859;19.448618;14.657623;9.834995;4.986812;7.299190;9.200964;14.102430;19.014427;23.930559,109.457336;125.021164;139.854843;138.093445;136.510788;135.086929;133.801163;120.212379;106.394905;107.309700;108.110451;108.843315,npp_d20151003_t1726050_e1731454_b20378,151.81,85.4827,19.1239,-80.8839,49.1886,71.9614
616,VBD_npp_d20151003_t1731398_x1225705E_y073026N_l3016_s2371_v23,2017-06-01 16:06:37,7.302649,122.570480,12.5566,2015-10-03 17:31:39,2015-10-04 01:31:39,3016,2371,0.41515,1,2529,0.463235,0.166992,0.84079,0.4,0.802721,0.75,0.023148,0.0001,0.00545369,999999,8.509185e-03,3,Philippines Exclusive Economic Zone,Region IX,,SVDNB_npp_d20151003_t1726050_e1731454_b20378_c20151003233147404209_noaa_ops.h5,GDNBO_npp_d20151003_t1726050_e1731454_b20378_c20151003233147403930_noaa_ops.h5,SVI04_npp_d20151003_t1726050_e1731454_b20378_c20151003233146487826_noaa_ops.dspace_rad,VNFF_npp_d20151003_t1726050_e1731454_b20378_v21.csv,World_EEZ_v8_2014.shp,WPP_BFAR_merge.shp,KKP_IDN_merge_20161208.shp,VNF-VBD_npp_20120301-20151231_global_asia-enhanced_c201607211230.bitmask,NCEI_NGA.union.nga_lead2.add_2015ntl.mask,timezone.shp,VBD_platforms-recurring_2015_r20170330.shp,999999,VBD_bridges_c20160811.shp,28.852583;27.346083;24.201859;19.448618;14.657623;9.834995;4.986812;7.299190;9.200964;14.102430;19.014427;23.930559,109.457336;125.021164;139.854843;138.093445;136.510788;135.086929;133.801163;120.212379;106.394905;107.309700;108.110451;108.843315,npp_d20151003_t1726050_e1731454_b20378,151.728,84.9196,19.1801,-80.8572,49.0364,72.2166
617,VBD_npp_d20151003_t1731434_x1225193E_y070735N_l3051_s2371_v23,2017-06-01 16:06:37,7.073493,122.519295,28.6127,2015-10-03 17:31:43,2015-10-04 01:31:43,3051,2371,0.41828,1,2529,0.818046,0.163178,0.851314,0.4,0.927161,0.75,0.023148,0.0001,0.00524533,999999,4.181112e-02,3,Philippines Exclusive Economic Zone,Region IX,,SVDNB_npp_d20151003_t1726050_e1731454_b20378_c20151003233147404209_noaa_ops.h5,GDNBO_npp_d20151003_t1726050_e1731454_b20378_c20151003233147403930_noaa_ops.h5,SVI04_npp_d20151003_t1726050_e1731454_b20378_c20151003233146487826_noaa_ops.dspace_rad,VNFF_npp_d20151003_t1726050_e1731454_b20378_v21.csv,World_EEZ_v8_2014.shp,WPP_BFAR_merge.shp,KKP_IDN_merge_20161208.shp,VNF-VBD_npp_20120301-20151231_global_asia-enhanced_c201607211230.bitmask,NCEI_NGA.union.nga_lead2.add_2015ntl.mask,timezone.shp,VBD_platforms-recurring_2015_r20170330.shp,999999,VBD_bridges_c20160811.shp,28.852583;27.346083;24.201859;19.448618;14.657623;9.834995;4.986812;7.299190;9.200964;14.102430;19.014427;23.930559,109.457336;125.021164;139.854843;138.093445;136.510788;135.086929;133.801163;120.212379;106.394905;107.309700;108.110451;108.843315,npp_d20151003_t1726050_e1731454_b20378,151.783,85.3344,19.1827,-80.3584,49.1427,72.0281
618,VBD_npp_d20151003_t1731416_x1225492E_y071702N_l3036_s2372_v23,2017-06-01 16:06:37,7.170240,122.549164,63.4897,2015-10-03 17:31:41,2015-10-04 01:31:41,3036,2372,0.404125,1,2529,0.850952,0.163172,0.755158,0.4,0.874851,0.75,0.0231516,0.0001,0.00529056,999999,4.186643e-02,3,Philippines Exclusive Economic Zone,Region IX,,SVDNB_npp_d20151003_t1726050_e1731454_b20378_c20151003233147404209_noaa_ops.h5,GDNBO_npp_d20151003_t1726050_e1731454_b20378_c20151003233147403930_noaa_ops.h5,SVI04_npp_d20151003_t1726050_e1731454_b20378_c20151003233146487826_noaa_ops.dspace_rad,VNFF_npp_d20151003_t1726050_e1731454_b20378_v21.csv,World_EEZ_v8_2014.shp,WPP_BFAR_merge.shp,KKP_IDN_merge_20161208.shp,VNF-VBD_npp_20120301-20151231_global_asia-enhanced_c201607211230.bitmask,NCEI_NGA.union.nga_lead2.add_2015ntl.mask,timezone.shp,VBD_platforms-recurring_2015_r20170330.shp,999999,VBD_bridges_c20160811.shp,28.852583;27.346083;24.201859;19.448618;14.657623;9.834995;4.986812;7.299190;9.200964;14.102430;19.014427;23.930559,109.457336;125.021164;139.854843;138.093445;136.510788;135.086929;133.801163;120.212379;106.394905;107.309700;108.110451;108.843315,npp_d20151003_t1726050_e1731454_b20378,151.753,85.161,19.2379,-80.1864,49.0909,72.1065
619,VBD_npp_d20151003_t1731398_x1225847E_y072587N_l3022_s2374_v23,2017-06-01 16:06:37,7.258698,122.584671,28.318,2015-10-03 17:31:39,2015-10-04 01:31:39,3022,2374,0.415434,8,18913,0.701614,0.148788,0.853712,0.4,0.894053,0.75,0.0231589,0.0001,0.00532817,999999,1.674661e-01,3,Philippines Exclusive Economic Zone,Region IX,,SVDNB_npp_d20151003_t1726050_e1731454_b20378_c20151003233147404209_noaa_ops.h5,GDNBO_npp_d20151003_t1726050_e1731454_b20378_c20151003233147403930_noaa_ops.h5,SVI04_npp_d20151003_t1726050_e1731454_b20378_c20151003233146487826_noaa_ops.dspace_rad,VNFF_npp_d20151003_t1726050_e1731454_b20378_v21.csv,World_EEZ_v8_2014.shp,WPP_BFAR_merge.shp,KKP_IDN_merge_20161208.shp,VNF-VBD_npp_20120301-20151231_global_asia-enhanced_c201607211230.bitmask,NCEI_NGA.union.nga_lead2.add_2015ntl.mask,timezone.shp,VBD_platforms-recurring_2015_r20170330.shp,0.525049,VBD_bridges_c20160811.shp,28.852583;27.346083;24.201859;19.448618;14.657623;9.834995;4.986812;7.299190;9.200964;14.102430;19.014427;23.930559,109.457336;125.021164;139.854843;138.093445;136.510788;135.086929;133.801163;120.212379;106.394905;107.309700;108.110451;108.843315,npp_d20151003_t1726050_e1731454_b20378,151.717,85.0051,19.3478,-79.8367,49.0364,72.1773
620,VBD_npp_d20151003_t1731451_x1225233E_y070133N_l3060_s2374_v23,2017-06-01 16:06:37,7.013284,122.523338,36.8183,2015-10-03 17:31:45,2015-10-04 01:31:45,3060,2374,0.419204,1,2529,0.924788,0.171033,0.856274,0.4,0.945375,0.75,0.0231589,0.0001,0.00555844,999999,-2.678068e-02,3,Philippines Exclusive Economic Zone,Region IX,,SVDNB_npp_d20151003_t1726050_e1731454_b20378_c20151003233147404209_noaa_ops.h5,GDNBO_npp_d20151003_t1726050_e1731454_b20378_c20151003233147403930_noaa_ops.h5,SVI04_npp_d20151003_t1726050_e1731454_b20378_c20151003233146487826_noaa_ops.dspace_rad,VNFF_npp_d20151003_t1726050_e1731454_b20378_v21.csv,World_EEZ_v8_2014.shp,WPP_BFAR_merge.shp,KKP_IDN_merge_20161208.shp,VNF-VBD_npp_20120301-20151231_global_asia-enhanced_c201607211230.bitmask,NCEI_NGA.union.nga_lead2.add_2015ntl.mask,timezone.shp,VBD_platforms-recurring_2015_r20170330.shp,999999,VBD_bridges_c20160811.shp,28.852583;27.346083;24.201859;19.448618;14.657623;9.834995;4.986812;7.299190;9.200964;14.102430;19.014427;23.930559,109.457336;125.021164;139.854843;138.093445;136.510788;135.086929;133.801163;120.212379;106.394905;107.309700;108.110451;108.843315,npp_d20151003_t1726050_e1731454_b20378,151.776,85.4493,19.3461,-81.5601,49.1508,71.9756
623,VBD_npp_d20151003_t1731451_x1225259E_y069851N_l3064_s2375_v23,2017-06-01 16:06:37,6.985104,122.525864,4.01355,2015-10-03 17:31:45,2015-10-04 01:31:45,3064,2375,0.415008,7,2209,0.207532,0.168956,0.844019,0.4,0.729086,0.75,0.0231626,0.0001,0.00543965,999999,-8.639492e-03,3,,,,SVDNB_npp_d20151003_t1726050_e1731454_b20378_c20151003233147404209_noaa_ops.h5,GDNBO_npp_d20151003_t1726050_e1731454_b20378_c20151003233147403930_noaa_ops.h5,SVI04_npp_d20151003_t1726050_e1731454_b20378_c20151003233146487826_noaa_ops.dspace_rad,VNFF_npp_d20151003_t1726050_e1731454_b20378_v21.csv,World_EEZ_v8_2014.shp,WPP_BFAR_merge.shp,KKP_IDN_merge_20161208.shp,VNF-VBD_npp_20120301-20151231_global_asia-enhanced_c201607211230.bitmask,NCEI_NGA.union.nga_lead2.add_2015ntl.mask,timezone.shp,VBD_platforms-recurring_2015_r20170330.shp,999999,VBD_bridges_c20160811.shp,28.852583;27.346083;24.201859;19.448618;14.657623;9.834995;4.986812;7.299190;9.200964;14.102430;19.014427;23.930559,109.457336;125.021164;139.854843;138.093445;136.510788;135.086929;133.801163;120.212379;106.394905;107.309700;108.110451;108.843315,npp_d20151003_t1726050_e1731454_b20378,151.776,85.5023,19.3995,-80.8804,49.1572,71.9515
624,VBD_npp_d20151003_t1731398_x1225997E_y072632N_l3021_s2376_v23,2017-06-01 16:06:37,7.263196,122.599655,29.8038,2015-10-03 17:31:39,2015-10-04 01:31:39,3021,2376,0.420485,1,2529,0.76515,0.155388,0.857966,0.4,0.913519,0.75,0.0231662,0.0001,0.00543208,999999,1.098378e-01,3,Philippines Exclusive Economic Zone,Region IX,,SVDNB_npp_d20151003_t1726050_e1731454_b20378_c20151003233147404209_noaa_ops.h5,GDNBO_npp_d20151003_t1726050_e1731454_b20378_c20151003233147403930_noaa_ops.h5,SVI04_npp_d20151003_t1726050_e1731454_b20378_c20151003233146487826_noaa_ops.dspace_rad,VNFF_npp_d20151003_t1726050_e1731454_b20378_v21.csv,World_EEZ_v8_2014.shp,WPP_BFAR_merge.shp,KKP_IDN_merge_20161208.shp,VNF-VBD_npp_20120301-20151231_global_asia-enhanced_c201607211230.bitmask,NCEI_NGA.union.nga_lead2.add_2015ntl.mask,timezone.shp,VBD_platforms-recurring_2015_r20170330.shp,999999,VBD_bridges_c20160811.shp,28.852583;27.346083;24.201859;19.448618;14.657623;9.834995;4.986812;7.299190;9.200964;14.102430;19.014427;23.930559,109.457336;125.021164;139.854843;138.093445;136.510788;135.086929;133.801163;120.212379;106.394905;107.309700;108.110451;108.843315,npp_d20151003_t1726050_e1731454_b20378,151.702,85.001,19.4572,-80.0096,49.0207,72.1789
625,VBD_npp_d20151003_t1731398_x1226087E_y072760N_l3019_s2377_v23,2017-06-01 16:06:37,7.276042,122.608696,25.0729,2015-10-03 17:31:39,2015-10-04 01:31:39,3019,2377,0.418422,1,2529,0.703466,0.137909,0.857966,0.4,0.910767,0.75,0.0231699,0.0001,0.00554403,999999,2.624577e-01,3,Philippines Exclusive Economic Zone,Region IX,,SVDNB_npp_d20151003_t1726050_e1731454_b20378_c20151003233147404209_noaa_ops.h5,GDNBO_npp_d20151003_t1726050_e1731454_b20378_c20151003233147403930_noaa_ops.h5,SVI04_npp_d20151003_t1726050_e1731454_b20378_c20151003233146487826_noaa_ops.dspace_rad,VNFF_npp_d20151003_t1726050_e1731454_b20378_v21.csv,World_EEZ_v8_2014.shp,WPP_BFAR_merge.shp,KKP_IDN_merge_20161208.shp,VNF-VBD_npp_20120301-20151231_global_asia-enhanced_c201607211230.bitmask,NCEI_NGA.union.nga_lead2.add_2015ntl.mask,timezone.shp,VBD_platforms-recurring_2015_r20170330.shp,999999,VBD_bridges_c20160811.shp,28.852583;27.346083;24.201859;19.448618;14.657623;9.834995;4.986812;7.299190;9.200964;14.102430;19.014427;23.930559,109.457336;125.021164;139.854843;138.093445;136.510788;135.086929;133.801163;120.212379;106.394905;107.309700;108.110451;108.843315,npp_d20151003_t1726050_e1731454_b20378,151.692,84.9799,19.5099,-80.3581,49.0081,72.1885
626,VBD_npp_d20151003_t1731451_x1225483E_y069950N_l3062_s2378_v23,2017-06-01 16:06:37,6.994957,122.548332,90.2415,2015-10-03 17:31:45,2015-10-04 01:31:45,3062,2378,0.407681,1,2529,1.11364,0.175428,0.860876,0.4,0.912477,0.75,0.0231735,0.0001,0.00561356,999999,-6.515500e-02,3,Philippines Exclusive Economic Zone,Region IX,,SVDNB_npp_d20151003_t1726050_e1731454_b20378_c20151003233147404209_noaa_ops.h5,GDNBO_npp_d20151003_t1726050_e1731454_b20378_c20151003233147403930_noaa_ops.h5,SVI04_npp_d20151003_t1726050_e1731454_b20378_c20151003233146487826_noaa_ops.dspace_rad,VNFF_npp_d20151003_t1726050_e1731454_b20378_v21.csv,World_EEZ_v8_2014.shp,WPP_BFAR_merge.shp,KKP_IDN_merge_20161208.shp,VNF-VBD_npp_20120301-20151231_global_asia-enhanced_c201607211230.bitmask,NCEI_NGA.union.nga_lead2.add_2015ntl.mask,timezone.shp,VBD_platforms-recurring_2015_r20170330.shp,999999,VBD_bridges_c20160811.shp,28.852583;27.346083;24.201859;19.448618;14.657623;9.834995;4.986812;7.299190;9.200964;14.102430;19.014427;23.930559,109.457336;125.021164;139.854843;138.093445;136.510788;135.086929;133.801163;120.212379;106.394905;107.309700;108.110451;108.843315,npp_d20151003_t1726050_e1731454_b20378,151.753,85.49,19.5614,-81.2041,49.1327,71.9564
628,VBD_npp_d20151003_t1731398_x1226253E_y072530N_l3022_s2380_v23,2017-06-01 16:06:37,7.252975,122.625320,6.74111,2015-10-03 17:31:39,2015-10-04 01:31:39,3022,2380,0.412305,7,2465,0.321783,0.151531,0.832382,0.4,0.737905,0.75,0.0231808,0.0001,0.00552639,999999,1.435122e-01,3,,,,SVDNB_npp_d20151003_t1726050_e1731454_b20378_c20151003233147404209_noaa_ops.h5,GDNBO_npp_d20151003_t1726050_e1731454_b20378_c20151003233147403930_noaa_ops.h5,SVI04_npp_d20151003_t1726050_e1731454_b20378_c20151003233146487826_noaa_ops.dspace_rad,VNFF_npp_d20151003_t1726050_e1731454_b20378_v21.csv,World_EEZ_v8_2014.shp,WPP_BFAR_merge.shp,KKP_IDN_merge_20161208.shp,VNF-VBD_npp_20120301-20151231_global_asia-enhanced_c201607211230.bitmask,NCEI_NGA.union.nga_lead2.add_2015ntl.mask,timezone.shp,VBD_platforms-recurring_2015_r20170330.shp,999999,VBD_bridges_c20160811.shp,28.852583;27.346083;24.201859;19.448618;14.657623;9.834995;4.986812;7.299190;9.200964;14.102430;19.014427;23.930559,109.457336;125.021164;139.854843;138.093445;136.510788;135.086929;133.801163;120.212379;106.394905;107.309700;108.110451;108.843315,npp_d20151003_t1726050_e1731454_b20378,151.678,85.0273,19.669,-79.8708,48.9993,72.1665
629,VBD_npp_d20151003_t1731416_x1226137E_y071400N_l3039_s2382_v23,2017-06-01 16:06:37,7.139951,122.613670,103.782,2015-10-03 17:31:41,2015-10-04 01:31:41,3039,2382,0.349211,1,2529,0.837949,0.190348,0.806367,0.4,0.874135,0.75,0.023188,0.0001,0.00550292,999999,-1.954368e-01,3,Philippines Exclusive Economic Zone,Region IX,,SVDNB_npp_d20151003_t1726050_e1731454_b20378_c20151003233147404209_noaa_ops.h5,GDNBO_npp_d20151003_t1726050_e1731454_b20378_c20151003233147403930_noaa_ops.h5,SVI04_npp_d20151003_t1726050_e1731454_b20378_c20151003233146487826_noaa_ops.dspace_rad,VNFF_npp_d20151003_t1726050_e1731454_b20378_v21.csv,World_EEZ_v8_2014.shp,WPP_BFAR_merge.shp,KKP_IDN_merge_20161208.shp,VNF-VBD_npp_20120301-20151231_global_asia-enhanced_c201607211230.bitmask,NCEI_NGA.union.nga_lead2.add_2015ntl.mask,timezone.shp,VBD_platforms-recurring_2015_r20170330.shp,999999,VBD_bridges_c20160811.shp,28.852583;27.346083;24.201859;19.448618;14.657623;9.834995;4.986812;7.299190;9.200964;14.102430;19.014427;23.930559,109.457336;125.021164;139.854843;138.093445;136.510788;135.086929;133.801163;120.212379;106.394905;107.309700;108.110451;108.843315,npp_d20151003_t1726050_e1731454_b20378,151.691,85.2351,19.7767,-79.7248,49.0387,72.0713
631,VBD_npp_d20151003_t1731416_x1226259E_y071312N_l3040_s2384_v23,2017-06-01 16:06:37,7.131156,122.625870,101.233,2015-10-03 17:31:41,2015-10-04 01:31:41,3040,2384,0.419204,1,2529,0.827547,0.168901,0.823719,0.4,0.90844,0.75,0.0231953,0.0001,0.00552762,999999,-8.156867e-03,3,Philippines Exclusive Economic Zone,Region IX,,SVDNB_npp_d20151003_t1726050_e1731454_b20378_c20151003233147404209_noaa_ops.h5,GDNBO_npp_d20151003_t1726050_e1731454_b20378_c20151003233147403930_noaa_ops.h5,SVI04_npp_d20151003_t1726050_e1731454_b20378_c20151003233146487826_noaa_ops.dspace_rad,VNFF_npp_d20151003_t1726050_e1731454_b20378_v21.csv,World_EEZ_v8_2014.shp,WPP_BFAR_merge.shp,KKP_IDN_merge_20161208.shp,VNF-VBD_npp_20120301-20151231_global_asia-enhanced_c201607211230.bitmask,NCEI_NGA.union.nga_lead2.add_2015ntl.mask,timezone.shp,VBD_platforms-recurring_2015_r20170330.shp,999999,VBD_bridges_c20160811.shp,28.852583;27.346083;24.201859;19.448618;14.657623;9.834995;4.986812;7.299190;9.200964;14.102430;19.014427;23.930559,109.457336;125.021164;139.854843;138.093445;136.510788;135.086929;133.801163;120.212379;106.394905;107.309700;108.110451;108.843315,npp_d20151003_t1726050_e1731454_b20378,151.68,85.2548,19.8826,-79.5679,49.0298,72.0621
632,VBD_npp_d20151003_t1731434_x1226169E_y071192N_l3042_s2384_v23,2017-06-01 16:06:37,7.119211,122.616898,54.8379,2015-10-03 17:31:43,2015-10-04 01:31:43,3042,2384,0.380794,1,2529,0.695689,0.165881,0.823719,0.4,0.784328,0.75,0.0231953,0.0001,0.00602524,999999,1.821219e-02,3,Philippines Exclusive Economic Zone,Region IX,,SVDNB_npp_d20151003_t1726050_e1731454_b20378_c20151003233147404209_noaa_ops.h5,GDNBO_npp_d20151003_t1726050_e1731454_b20378_c20151003233147403930_noaa_ops.h5,SVI04_npp_d20151003_t1726050_e1731454_b20378_c20151003233146487826_noaa_ops.dspace_rad,VNFF_npp_d20151003_t1726050_e1731454_b20378_v21.csv,World_EEZ_v8_2014.shp,WPP_BFAR_merge.shp,KKP_IDN_merge_20161208.shp,VNF-VBD_npp_20120301-20151231_global_asia-enhanced_c201607211230.bitmask,NCEI_NGA.union.nga_lead2.add_2015ntl.mask,timezone.shp,VBD_platforms-recurring_2015_r20170330.shp,999999,VBD_bridges_c20160811.shp,28.852583;27.346083;24.201859;19.448618;14.657623;9.834995;4.986812;7.299190;9.200964;14.102430;19.014427;23.930559,109.457336;125.021164;139.854843;138.093445;136.510788;135.086929;133.801163;120.212379;106.394905;107.309700;108.110451;108.843315,npp_d20151003_t1726050_e1731454_b20378,151.683,85.2764,19.8822,-81.829,49.0353,72.0522
633,VBD_npp_d20151003_t1731416_x1226413E_y071422N_l3038_s2386_v23,2017-06-01 16:06:37,7.142222,122.641319,53.2858,2015-10-03 17:31:41,2015-10-04 01:31:41,3038,2386,0.413443,1,2529,0.828242,0.149109,0.823361,0.4,0.907922,0.75,0.0232025,0.0001,0.00566915,999999,1.646603e-01,3,Philippines Exclusive Economic Zone,Region IX,,SVDNB_npp_d20151003_t1726050_e1731454_b20378_c20151003233147404209_noaa_ops.h5,GDNBO_npp_d20151003_t1726050_e1731454_b20378_c20151003233147403930_noaa_ops.h5,SVI04_npp_d20151003_t1726050_e1731454_b20378_c20151003233146487826_noaa_ops.dspace_rad,VNFF_npp_d20151003_t1726050_e1731454_b20378_v21.csv,World_EEZ_v8_2014.shp,WPP_BFAR_merge.shp,KKP_IDN_merge_20161208.shp,VNF-VBD_npp_20120301-20151231_global_asia-enhanced_c201607211230.bitmask,NCEI_NGA.union.nga_lead2.add_2015ntl.mask,timezone.shp,VBD_platforms-recurring_2015_r20170330.shp,999999,VBD_bridges_c20160811.shp,28.852583;27.346083;24.201859;19.448618;14.657623;9.834995;4.986812;7.299190;9.200964;14.102430;19.014427;23.930559,109.457336;125.021164;139.854843;138.093445;136.510788;135.086929;133.801163;120.212379;106.394905;107.309700;108.110451;108.843315,npp_d20151003_t1726050_e1731454_b20378,151.664,85.2386,19.9857,-79.8941,49.0116,72.0692
634,VBD_npp_d20151003_t1731451_x1225992E_y069732N_l3064_s2386_v23,2017-06-01 16:06:37,6.973166,122.599236,33.8102,2015-10-03 17:31:45,2015-10-04 01:31:45,3064,2386,0.403342,1,2529,0.778861,0.1783,0.822105,0.4,0.877635,0.75,0.0232025,0.0001,0.00579845,999999,-9.022829e-02,3,Philippines Exclusive Economic Zone,Region IX,,SVDNB_npp_d20151003_t1726050_e1731454_b20378_c20151003233147404209_noaa_ops.h5,GDNBO_npp_d20151003_t1726050_e1731454_b20378_c20151003233147403930_noaa_ops.h5,SVI04_npp_d20151003_t1726050_e1731454_b20378_c20151003233146487826_noaa_ops.dspace_rad,VNFF_npp_d20151003_t1726050_e1731454_b20378_v21.csv,World_EEZ_v8_2014.shp,WPP_BFAR_merge.shp,KKP_IDN_merge_20161208.shp,VNF-VBD_npp_20120301-20151231_global_asia-enhanced_c201607211230.bitmask,NCEI_NGA.union.nga_lead2.add_2015ntl.mask,timezone.shp,VBD_platforms-recurring_2015_r20170330.shp,999999,VBD_bridges_c20160811.shp,28.852583;27.346083;24.201859;19.448618;14.657623;9.834995;4.986812;7.299190;9.200964;14.102430;19.014427;23.930559,109.457336;125.021164;139.854843;138.093445;136.510788;135.086929;133.801163;120.212379;106.394905;107.309700;108.110451;108.843315,npp_d20151003_t1726050_e1731454_b20378,151.705,85.544,19.9807,-80.871,49.091,71.9302
635,VBD_npp_d20151003_t1731416_x1226512E_y071610N_l3035_s2387_v23,2017-06-01 16:06:37,7.161012,122.651207,6.60384,2015-10-03 17:31:41,2015-10-04 01:31:41,3035,2387,0.365074,1,2529,0.326775,0.160842,0.820472,0.4,0.788431,0.75,0.0232061,0.0001,0.00582055,999999,6.220736e-02,3,Philippines Exclusive Economic Zone,Region IX,,SVDNB_npp_d20151003_t1726050_e1731454_b20378_c20151003233147404209_noaa_ops.h5,GDNBO_npp_d20151003_t1726050_e1731454_b20378_c20151003233147403930_noaa_ops.h5,SVI04_npp_d20151003_t1726050_e1731454_b20378_c20151003233146487826_noaa_ops.dspace_rad,VNFF_npp_d20151003_t1726050_e1731454_b20378_v21.csv,World_EEZ_v8_2014.shp,WPP_BFAR_merge.shp,KKP_IDN_merge_20161208.shp,VNF-VBD_npp_20120301-20151231_global_asia-enhanced_c201607211230.bitmask,NCEI_NGA.union.nga_lead2.add_2015ntl.mask,timezone.shp,VBD_platforms-recurring_2015_r20170330.shp,999999,VBD_bridges_c20160811.shp,28.852583;27.346083;24.201859;19.448618;14.657623;9.834995;4.986812;7.299190;9.200964;14.102430;19.014427;23.930559,109.457336;125.021164;139.854843;138.093445;136.510788;135.086929;133.801163;120.212379;106.394905;107.309700;108.110451;108.843315,npp_d20151003_t1726050_e1731454_b20378,151.653,85.2066,20.0365,-80.3762,48.9963,72.0836
640,VBD_npp_d20151003_t1731362_x1232516E_y074085N_l2984_s2465_v23,2017-06-01 16:06:37,7.408501,123.251595,2.1883,2015-10-03 17:31:36,2015-10-04 01:31:36,2984,2465,0.420129,1,2273,0.167799,0.157341,0.568618,0.4,0.803662,0.75,0.023488,0.0001,0.00903658,999999,9.278305e-02,3,Philippines Exclusive Economic Zone,Region IX,,SVDNB_npp_d20151003_t1726050_e1731454_b20378_c20151003233147404209_noaa_ops.h5,GDNBO_npp_d20151003_t1726050_e1731454_b20378_c20151003233147403930_noaa_ops.h5,SVI04_npp_d20151003_t1726050_e1731454_b20378_c20151003233146487826_noaa_ops.dspace_rad,VNFF_npp_d20151003_t1726050_e1731454_b20378_v21.csv,World_EEZ_v8_2014.shp,WPP_BFAR_merge.shp,KKP_IDN_merge_20161208.shp,VNF-VBD_npp_20120301-20151231_global_asia-enhanced_c201607211230.bitmask,NCEI_NGA.union.nga_lead2.add_2015ntl.mask,timezone.shp,VBD_platforms-recurring_2015_r20170330.shp,999999,VBD_bridges_c20160811.shp,28.852583;27.346083;24.201859;19.448618;14.657623;9.834995;4.986812;7.299190;9.200964;14.102430;19.014427;23.930559,109.457336;125.021164;139.854843;138.093445;136.510788;135.086929;133.801163;120.212379;106.394905;107.309700;108.110451;108.843315,npp_d20151003_t1726050_e1731454_b20378,151.06,84.9189,24.0819,-80.7706,48.3668,72.2107
1,VBD_npp_d20151003_t1733337_x1054240E_y030125N_l0966_s0044_v23,2017-06-01 16:11:27,3.012474,105.423950,8.40548,2015-10-03 17:33:33,2015-10-04 00:33:33,966,44,0.25098,1,2529,0.320828,0.166791,0.616486,0.4,0.84942,0.75,0.012065,0.0001,2.27944e-63,999999,-1.042912e-01,3,Indonesian Exclusive Economic Zone,WPP711,Kepulauan Anambas Marine Nature Recreational Park,SVDNB_npp_d20151003_t1731466_e1737270_b20378_c20151003233728467558_noaa_ops.h5,GDNBO_npp_d20151003_t1731466_e1737270_b20378_c20151003233728467298_noaa_ops.h5,SVI04_npp_d20151003_t1731466_e1737270_b20378_c20151003233728541959_noaa_ops.dspace_rad,VNFF_npp_d20151003_t1731466_e1737270_b20378_v21.csv,World_EEZ_v8_2014.shp,WPP_BFAR_merge.shp,KKP_IDN_merge_20161208.shp,VNF-VBD_npp_20120301-20151231_global_asia-enhanced_c201607211230.bitmask,NCEI_NGA.union.nga_lead2.add_2015ntl.mask,timezone.shp,VBD_platforms-recurring_2015_r20170330.shp,999999,VBD_bridges_c20160811.shp,9.202956;7.293124;4.987635;0.117751;-4.766567;-9.662423;-14.566307;-12.781590;-10.252750;-5.421471;-0.565886;4.309883,106.389061;120.204430;133.795395;132.636734;131.583801;130.626740;129.763702;115.696312;101.762085;103.094223;104.302101;105.397919,npp_d20151003_t1731466_e1737270_b20378,168.423,95.4005,69.534,98.2927,66.3177,71.4517
2,VBD_npp_d20151003_t1733408_x1053568E_y026233N_l1027_s0047_v23,2017-06-01 16:11:27,2.623290,105.356827,25.1224,2015-10-03 17:33:40,2015-10-04 00:33:40,1027,47,0.259871,8,18913,0.687103,0.132151,0.78958,0.4,0.902296,0.75,0.0119402,0.0001,1.18841e-63,999999,2.219689e-01,3,Indonesian Exclusive Economic Zone,WPP711,Kepulauan Anambas Marine Nature Recreational Park,SVDNB_npp_d20151003_t1731466_e1737270_b20378_c20151003233728467558_noaa_ops.h5,GDNBO_npp_d20151003_t1731466_e1737270_b20378_c20151003233728467298_noaa_ops.h5,SVI04_npp_d20151003_t1731466_e1737270_b20378_c20151003233728541959_noaa_ops.dspace_rad,VNFF_npp_d20151003_t1731466_e1737270_b20378_v21.csv,World_EEZ_v8_2014.shp,WPP_BFAR_merge.shp,KKP_IDN_merge_20161208.shp,VNF-VBD_npp_20120301-20151231_global_asia-enhanced_c201607211230.bitmask,NCEI_NGA.union.nga_lead2.add_2015ntl.mask,timezone.shp,VBD_platforms-recurring_2015_r20170330.shp,0.686854,VBD_bridges_c20160811.shp,9.202956;7.293124;4.987635;0.117751;-4.766567;-9.662423;-14.566307;-12.781590;-10.252750;-5.421471;-0.565886;4.309883,106.389061;120.204430;133.795395;132.636734;131.583801;130.626740;129.763702;115.696312;101.762085;103.094223;104.302101;105.397919,npp_d20151003_t1731466_e1737270_b20378,168.417,97.3066,69.4908,98.477,66.4796,71.2875
3,VBD_npp_d20151003_t1733283_x1055648E_y032659N_l0924_s0056_v23,2017-06-01 16:11:27,3.265922,105.564751,7.44888,2015-10-03 17:33:28,2015-10-04 00:33:28,924,56,0.114906,8,18849,0.199144,0.177993,0.430391,0.4,0.623207,0.75,0.0122081,0.0001,2.719e-62,999999,-2.098036e-01,3,Indonesian Exclusive Economic Zone,WPP711,Kepulauan Anambas Marine Nature Recreational Park,SVDNB_npp_d20151003_t1731466_e1737270_b20378_c20151003233728467558_noaa_ops.h5,GDNBO_npp_d20151003_t1731466_e1737270_b20378_c20151003233728467298_noaa_ops.h5,SVI04_npp_d20151003_t1731466_e1737270_b20378_c20151003233728541959_noaa_ops.dspace_rad,VNFF_npp_d20151003_t1731466_e1737270_b20378_v21.csv,World_EEZ_v8_2014.shp,WPP_BFAR_merge.shp,KKP_IDN_merge_20161208.shp,VNF-VBD_npp_20120301-20151231_global_asia-enhanced_c201607211230.bitmask,NCEI_NGA.union.nga_lead2.add_2015ntl.mask,timezone.shp,VBD_platforms-recurring_2015_r20170330.shp,0.680325,VBD_bridges_c20160811.shp,9.202956;7.293124;4.987635;0.117751;-4.766567;-9.662423;-14.566307;-12.781590;-10.252750;-5.421471;-0.565886;4.309883,106.389061;120.204430;133.795395;132.636734;131.583801;130.626740;129.763702;115.696312;101.762085;103.094223;104.302101;105.397919,npp_d20151003_t1731466_e1737270_b20378,168.326,94.1314,69.3525,98.0556,66.1229,71.5512
4,VBD_npp_d20151003_t1733337_x1055089E_y029792N_l0969_s0057_v23,2017-06-01 16:11:27,2.979170,105.508934,16.6142,2015-10-03 17:33:33,2015-10-04 00:33:33,969,57,0.249699,1,2529,0.517905,0.15854,0.748346,0.4,0.861997,0.75,0.0121119,0.0001,1.507e-62,999999,-2.657742e-02,3,Indonesian Exclusive Economic Zone,WPP711,Kepulauan Anambas Marine Nature Recreational Park,SVDNB_npp_d20151003_t1731466_e1737270_b20378_c20151003233728467558_noaa_ops.h5,GDNBO_npp_d20151003_t1731466_e1737270_b20378_c20151003233728467298_noaa_ops.h5,SVI04_npp_d20151003_t1731466_e1737270_b20378_c20151003233728541959_noaa_ops.dspace_rad,VNFF_npp_d20151003_t1731466_e1737270_b20378_v21.csv,World_EEZ_v8_2014.shp,WPP_BFAR_merge.shp,KKP_IDN_merge_20161208.shp,VNF-VBD_npp_20120301-20151231_global_asia-enhanced_c201607211230.bitmask,NCEI_NGA.union.nga_lead2.add_2015ntl.mask,timezone.shp,VBD_platforms-recurring_2015_r20170330.shp,999999,VBD_bridges_c20160811.shp,9.202956;7.293124;4.987635;0.117751;-4.766567;-9.662423;-14.566307;-12.781590;-10.252750;-5.421471;-0.565886;4.309883,106.389061;120.204430;133.795395;132.636734;131.583801;130.626740;129.763702;115.696312;101.762085;103.094223;104.302101;105.397919,npp_d20151003_t1731466_e1737270_b20378,168.335,95.5268,69.3344,98.2115,66.2473,71.4294
5,VBD_npp_d20151003_t1732599_x1060003E_y049053N_l0665_s0068_v23,2017-06-01 16:11:27,4.905344,106.000305,104.156,2015-10-03 17:32:59,2015-10-04 01:32:59,665,68,0.492825,4,100837,0.74359,0.11375,0.642752,0.4,0.891863,0.75,0.012671,0.0001,1.54557e-59,999999,7.411993e-01,3,Indonesian Exclusive Economic Zone,WPP711,,SVDNB_npp_d20151003_t1731466_e1737270_b20378_c20151003233728467558_noaa_ops.h5,GDNBO_npp_d20151003_t1731466_e1737270_b20378_c20151003233728467298_noaa_ops.h5,SVI04_npp_d20151003_t1731466_e1737270_b20378_c20151003233728541959_noaa_ops.dspace_rad,VNFF_npp_d20151003_t1731466_e1737270_b20378_v21.csv,World_EEZ_v8_2014.shp,WPP_BFAR_merge.shp,KKP_IDN_merge_20161208.shp,VNF-VBD_npp_20120301-20151231_global_asia-enhanced_c201607211230.bitmask,NCEI_NGA.union.nga_lead2.add_2015ntl.mask,timezone.shp,VBD_platforms-recurring_2015_r20170330.shp,999999,VBD_bridges_c20160811.shp,9.202956;7.293124;4.987635;0.117751;-4.766567;-9.662423;-14.566307;-12.781590;-10.252750;-5.421471;-0.565886;4.309883,106.389061;120.204430;133.795395;132.636734;131.583801;130.626740;129.763702;115.696312;101.762085;103.094223;104.302101;105.397919,npp_d20151003_t1731466_e1737270_b20378,168.015,86.3141,69.1612,97.7709,65.3034,72.2593
6,VBD_npp_d20151003_t1733230_x1057221E_y035376N_l0879_s0070_v23,2017-06-01 16:11:27,3.537610,105.722054,6.43358,2015-10-03 17:33:23,2015-10-04 00:33:23,879,70,0.117609,8,18593,0.192862,0.170631,0.50282,0.4,0.730566,0.75,0.0123447,0.0001,4.63043e-61,999999,-1.404603e-01,3,Indonesian Exclusive Economic Zone,WPP711,Kepulauan Anambas Marine Nature Recreational Park,SVDNB_npp_d20151003_t1731466_e1737270_b20378_c20151003233728467558_noaa_ops.h5,GDNBO_npp_d20151003_t1731466_e1737270_b20378_c20151003233728467298_noaa_ops.h5,SVI04_npp_d20151003_t1731466_e1737270_b20378_c20151003233728541959_noaa_ops.dspace_rad,VNFF_npp_d20151003_t1731466_e1737270_b20378_v21.csv,World_EEZ_v8_2014.shp,WPP_BFAR_merge.shp,KKP_IDN_merge_20161208.shp,VNF-VBD_npp_20120301-20151231_global_asia-enhanced_c201607211230.bitmask,NCEI_NGA.union.nga_lead2.add_2015ntl.mask,timezone.shp,VBD_platforms-recurring_2015_r20170330.shp,0.789548,VBD_bridges_c20160811.shp,9.202956;7.293124;4.987635;0.117751;-4.766567;-9.662423;-14.566307;-12.781590;-10.252750;-5.421471;-0.565886;4.309883,106.389061;120.204430;133.795395;132.636734;131.583801;130.626740;129.763702;115.696312;101.762085;103.094223;104.302101;105.397919,npp_d20151003_t1731466_e1737270_b20378,168.208,92.7945,69.1379,97.9028,65.907,71.6589
7,VBD_npp_d20151003_t1732581_x1060938E_y049560N_l0655_s0080_v23,2017-06-01 16:11:27,4.955976,106.093773,155.906,2015-10-03 17:32:58,2015-10-04 01:32:58,655,80,0.35163,4,100837,0.968861,0.134585,0.691533,0.4,0.919644,0.75,0.0127424,0.0001,8.38417e-59,999999,1.990443e-01,3,Indonesian Exclusive Economic Zone,WPP711,,SVDNB_npp_d20151003_t1731466_e1737270_b20378_c20151003233728467558_noaa_ops.h5,GDNBO_npp_d20151003_t1731466_e1737270_b20378_c20151003233728467298_noaa_ops.h5,SVI04_npp_d20151003_t1731466_e1737270_b20378_c20151003233728541959_noaa_ops.dspace_rad,VNFF_npp_d20151003_t1731466_e1737270_b20378_v21.csv,World_EEZ_v8_2014.shp,WPP_BFAR_merge.shp,KKP_IDN_merge_20161208.shp,VNF-VBD_npp_20120301-20151231_global_asia-enhanced_c201607211230.bitmask,NCEI_NGA.union.nga_lead2.add_2015ntl.mask,timezone.shp,VBD_platforms-recurring_2015_r20170330.shp,999999,VBD_bridges_c20160811.shp,9.202956;7.293124;4.987635;0.117751;-4.766567;-9.662423;-14.566307;-12.781590;-10.252750;-5.421471;-0.565886;4.309883,106.389061;120.204430;133.795395;132.636734;131.583801;130.626740;129.763702;115.696312;101.762085;103.094223;104.302101;105.397919,npp_d20151003_t1731466_e1737270_b20378,167.926,86.1109,68.9834,97.5807,65.2054,72.2773
8,VBD_npp_d20151003_t1733248_x1057824E_y035206N_l0881_s0080_v23,2017-06-01 16:11:27,3.520577,105.782410,6.53656,2015-10-03 17:33:24,2015-10-04 00:33:24,881,80,0.177999,8,18849,0.235264,0.158053,0.558843,0.4,0.60126,0.75,0.0123847,0.0001,2.59745e-60,999999,-2.199661e-02,3,Indonesian Exclusive Economic Zone,WPP711,Kepulauan Anambas Marine Nature Recreational Park,SVDNB_npp_d20151003_t1731466_e1737270_b20378_c20151003233728467558_noaa_ops.h5,GDNBO_npp_d20151003_t1731466_e1737270_b20378_c20151003233728467298_noaa_ops.h5,SVI04_npp_d20151003_t1731466_e1737270_b20378_c20151003233728541959_noaa_ops.dspace_rad,VNFF_npp_d20151003_t1731466_e1737270_b20378_v21.csv,World_EEZ_v8_2014.shp,WPP_BFAR_merge.shp,KKP_IDN_merge_20161208.shp,VNF-VBD_npp_20120301-20151231_global_asia-enhanced_c201607211230.bitmask,NCEI_NGA.union.nga_lead2.add_2015ntl.mask,timezone.shp,VBD_platforms-recurring_2015_r20170330.shp,0.749037,VBD_bridges_c20160811.shp,9.202956;7.293124;4.987635;0.117751;-4.766567;-9.662423;-14.566307;-12.781590;-10.252750;-5.421471;-0.565886;4.309883,106.389061;120.204430;133.795395;132.636734;131.583801;130.626740;129.763702;115.696312;101.762085;103.094223;104.302101;105.397919,npp_d20151003_t1731466_e1737270_b20378,168.139,92.864,68.9793,98.3335,65.848,71.6456
9,VBD_npp_d20151003_t1734235_x1050647E_y000584N_l1423_s0088_v23,2017-06-01 16:11:27,0.058439,105.064690,40.388,2015-10-03 17:34:23,2015-10-04 00:34:23,1423,88,0.331784,8,18913,0.902384,0.160595,0.852203,0.4,0.948746,0.75,0.011251,0.0001,2.10296e-64,999999,-4.593167e-02,3,Indonesian Exclusive Economic Zone,WPP711,,SVDNB_npp_d20151003_t1731466_e1737270_b20378_c20151003233728467558_noaa_ops.h5,GDNBO_npp_d20151003_t1731466_e1737270_b20378_c20151003233728467298_noaa_ops.h5,SVI04_npp_d20151003_t1731466_e1737270_b20378_c20151003233728541959_noaa_ops.dspace_rad,VNFF_npp_d20151003_t1731466_e1737270_b20378_v21.csv,World_EEZ_v8_2014.shp,WPP_BFAR_merge.shp,KKP_IDN_merge_20161208.shp,VNF-VBD_npp_20120301-20151231_global_asia-enhanced_c201607211230.bitmask,NCEI_NGA.union.nga_lead2.add_2015ntl.mask,timezone.shp,VBD_platforms-recurring_2015_r20170330.shp,0.683263,VBD_bridges_c20160811.shp,9.202956;7.293124;4.987635;0.117751;-4.766567;-9.662423;-14.566307;-12.781590;-10.252750;-5.421471;-0.565886;4.309883,106.389061;120.204430;133.795395;132.636734;131.583801;130.626740;129.763702;115.696312;101.762085;103.094223;104.302101;105.397919,npp_d20151003_t1731466_e1737270_b20378,167.933,109.374,68.8689,98.7183,67.4453,70.2282
10,VBD_npp_d20151003_t1733461_x1056791E_y022179N_l1081_s0105_v23,2017-06-01 16:11:27,2.217947,105.679085,14.0153,2015-10-03 17:33:46,2015-10-04 00:33:46,1081,105,0.254892,8,18913,0.457014,0.169212,0.677661,0.4,0.807992,0.75,0.0120557,0.0001,2.90386e-60,999999,-1.270998e-01,3,Indonesian Exclusive Economic Zone,WPP711,,SVDNB_npp_d20151003_t1731466_e1737270_b20378_c20151003233728467558_noaa_ops.h5,GDNBO_npp_d20151003_t1731466_e1737270_b20378_c20151003233728467298_noaa_ops.h5,SVI04_npp_d20151003_t1731466_e1737270_b20378_c20151003233728541959_noaa_ops.dspace_rad,VNFF_npp_d20151003_t1731466_e1737270_b20378_v21.csv,World_EEZ_v8_2014.shp,WPP_BFAR_merge.shp,KKP_IDN_merge_20161208.shp,VNF-VBD_npp_20120301-20151231_global_asia-enhanced_c201607211230.bitmask,NCEI_NGA.union.nga_lead2.add_2015ntl.mask,timezone.shp,VBD_platforms-recurring_2015_r20170330.shp,0.493106,VBD_bridges_c20160811.shp,9.202956;7.293124;4.987635;0.117751;-4.766567;-9.662423;-14.566307;-12.781590;-10.252750;-5.421471;-0.565886;4.309883,106.389061;120.204430;133.795395;132.636734;131.583801;130.626740;129.763702;115.696312;101.762085;103.094223;104.302101;105.397919,npp_d20151003_t1731466_e1737270_b20378,168.018,99.0107,68.5776,98.3922,66.284,71.0768
11,VBD_npp_d20151003_t1733123_x1062239E_y041666N_l0773_s0122_v23,2017-06-01 16:11:27,4.166619,106.223877,47.2506,2015-10-03 17:33:12,2015-10-04 00:33:12,773,122,0.321044,4,100837,0.803377,0.124962,0.775625,0.4,0.924137,0.75,0.0126618,0.0001,6.66655e-57,999999,2.896786e-01,3,Indonesian Exclusive Economic Zone,WPP711,,SVDNB_npp_d20151003_t1731466_e1737270_b20378_c20151003233728467558_noaa_ops.h5,GDNBO_npp_d20151003_t1731466_e1737270_b20378_c20151003233728467298_noaa_ops.h5,SVI04_npp_d20151003_t1731466_e1737270_b20378_c20151003233728541959_noaa_ops.dspace_rad,VNFF_npp_d20151003_t1731466_e1737270_b20378_v21.csv,World_EEZ_v8_2014.shp,WPP_BFAR_merge.shp,KKP_IDN_merge_20161208.shp,VNF-VBD_npp_20120301-20151231_global_asia-enhanced_c201607211230.bitmask,NCEI_NGA.union.nga_lead2.add_2015ntl.mask,timezone.shp,VBD_platforms-recurring_2015_r20170330.shp,999999,VBD_bridges_c20160811.shp,9.202956;7.293124;4.987635;0.117751;-4.766567;-9.662423;-14.566307;-12.781590;-10.252750;-5.421471;-0.565886;4.309883,106.389061;120.204430;133.795395;132.636734;131.583801;130.626740;129.763702;115.696312;101.762085;103.094223;104.302101;105.397919,npp_d20151003_t1731466_e1737270_b20378,167.766,89.8207,68.2969,98.0801,65.271,71.9043
12,VBD_npp_d20151003_t1733088_x1063261E_y043271N_l0746_s0131_v23,2017-06-01 16:11:27,4.327138,106.326134,11.1358,2015-10-03 17:33:08,2015-10-04 00:33:08,746,131,0.296432,4,117221,0.382966,0.190512,0.635596,0.4,0.818594,0.75,0.0127571,0.0001,3.35965e-56,999999,-3.277198e-01,3,Indonesian Exclusive Economic Zone,WPP711,,SVDNB_npp_d20151003_t1731466_e1737270_b20378_c20151003233728467558_noaa_ops.h5,GDNBO_npp_d20151003_t1731466_e1737270_b20378_c20151003233728467298_noaa_ops.h5,SVI04_npp_d20151003_t1731466_e1737270_b20378_c20151003233728541959_noaa_ops.dspace_rad,VNFF_npp_d20151003_t1731466_e1737270_b20378_v21.csv,World_EEZ_v8_2014.shp,WPP_BFAR_merge.shp,KKP_IDN_merge_20161208.shp,VNF-VBD_npp_20120301-20151231_global_asia-enhanced_c201607211230.bitmask,NCEI_NGA.union.nga_lead2.add_2015ntl.mask,timezone.shp,VBD_platforms-recurring_2015_r20170330.shp,0.405086,VBD_bridges_c20160811.shp,9.202956;7.293124;4.987635;0.117751;-4.766567;-9.662423;-14.566307;-12.781590;-10.252750;-5.421471;-0.565886;4.309883,106.389061;120.204430;133.795395;132.636734;131.583801;130.626740;129.763702;115.696312;101.762085;103.094223;104.302101;105.397919,npp_d20151003_t1731466_e1737270_b20378,167.677,89.0935,68.1458,97.8874,65.1369,71.9711
13,VBD_npp_d20151003_t1733497_x1058168E_y019866N_l1113_s0132_v23,2017-06-01 16:11:27,1.986631,105.816841,15.4195,2015-10-03 17:33:49,2015-10-04 00:33:49,1113,132,0.314855,1,2529,0.46277,0.157997,0.667777,0.4,0.830211,0.75,0.0120922,0.0001,8.81725e-59,999999,-2.146093e-02,3,Indonesian Exclusive Economic Zone,WPP711,,SVDNB_npp_d20151003_t1731466_e1737270_b20378_c20151003233728467558_noaa_ops.h5,GDNBO_npp_d20151003_t1731466_e1737270_b20378_c20151003233728467298_noaa_ops.h5,SVI04_npp_d20151003_t1731466_e1737270_b20378_c20151003233728541959_noaa_ops.dspace_rad,VNFF_npp_d20151003_t1731466_e1737270_b20378_v21.csv,World_EEZ_v8_2014.shp,WPP_BFAR_merge.shp,KKP_IDN_merge_20161208.shp,VNF-VBD_npp_20120301-20151231_global_asia-enhanced_c201607211230.bitmask,NCEI_NGA.union.nga_lead2.add_2015ntl.mask,timezone.shp,VBD_platforms-recurring_2015_r20170330.shp,999999,VBD_bridges_c20160811.shp,9.202956;7.293124;4.987635;0.117751;-4.766567;-9.662423;-14.566307;-12.781590;-10.252750;-5.421471;-0.565886;4.309883,106.389061;120.204430;133.795395;132.636734;131.583801;130.626740;129.763702;115.696312;101.762085;103.094223;104.302101;105.397919,npp_d20151003_t1731466_e1737270_b20378,167.83,99.9652,68.1436,98.4451,66.2151,70.9594
14,VBD_npp_d20151003_t1733461_x1058833E_y021381N_l1088_s0136_v23,2017-06-01 16:11:27,2.138091,105.883270,6.30719,2015-10-03 17:33:46,2015-10-04 00:33:46,1088,136,0.234904,2,2209,0.173852,0.17297,0.698383,0.4,0.722862,0.75,0.0121654,0.0001,2.16534e-58,999999,-1.624914e-01,3,Indonesian Exclusive Economic Zone,WPP711,,SVDNB_npp_d20151003_t1731466_e1737270_b20378_c20151003233728467558_noaa_ops.h5,GDNBO_npp_d20151003_t1731466_e1737270_b20378_c20151003233728467298_noaa_ops.h5,SVI04_npp_d20151003_t1731466_e1737270_b20378_c20151003233728541959_noaa_ops.dspace_rad,VNFF_npp_d20151003_t1731466_e1737270_b20378_v21.csv,World_EEZ_v8_2014.shp,WPP_BFAR_merge.shp,KKP_IDN_merge_20161208.shp,VNF-VBD_npp_20120301-20151231_global_asia-enhanced_c201607211230.bitmask,NCEI_NGA.union.nga_lead2.add_2015ntl.mask,timezone.shp,VBD_platforms-recurring_2015_r20170330.shp,999999,VBD_bridges_c20160811.shp,9.202956;7.293124;4.987635;0.117751;-4.766567;-9.662423;-14.566307;-12.781590;-10.252750;-5.421471;-0.565886;4.309883,106.389061;120.204430;133.795395;132.636734;131.583801;130.626740;129.763702;115.696312;101.762085;103.094223;104.302101;105.397919,npp_d20151003_t1731466_e1737270_b20378,167.804,99.2355,68.0763,98.1875,66.1158,71.0194
15,VBD_npp_d20151003_t1733479_x1058825E_y021312N_l1090_s0137_v23,2017-06-01 16:11:27,2.131177,105.882500,16.2342,2015-10-03 17:33:47,2015-10-04 00:33:47,1090,137,0.230636,1,2529,0.50329,0.160133,0.698383,0.4,0.853693,0.75,0.0121649,0.0001,3.21814e-58,999999,-4.158328e-02,3,Indonesian Exclusive Economic Zone,WPP711,,SVDNB_npp_d20151003_t1731466_e1737270_b20378_c20151003233728467558_noaa_ops.h5,GDNBO_npp_d20151003_t1731466_e1737270_b20378_c20151003233728467298_noaa_ops.h5,SVI04_npp_d20151003_t1731466_e1737270_b20378_c20151003233728541959_noaa_ops.dspace_rad,VNFF_npp_d20151003_t1731466_e1737270_b20378_v21.csv,World_EEZ_v8_2014.shp,WPP_BFAR_merge.shp,KKP_IDN_merge_20161208.shp,VNF-VBD_npp_20120301-20151231_global_asia-enhanced_c201607211230.bitmask,NCEI_NGA.union.nga_lead2.add_2015ntl.mask,timezone.shp,VBD_platforms-recurring_2015_r20170330.shp,999999,VBD_bridges_c20160811.shp,9.202956;7.293124;4.987635;0.117751;-4.766567;-9.662423;-14.566307;-12.781590;-10.252750;-5.421471;-0.565886;4.309883,106.389061;120.204430;133.795395;132.636734;131.583801;130.626740;129.763702;115.696312;101.762085;103.094223;104.302101;105.397919,npp_d20151003_t1731466_e1737270_b20378,167.797,99.2624,68.0578,98.634,66.112,71.0157
16,VBD_npp_d20151003_t1733177_x1062803E_y038362N_l0822_s0140_v23,2017-06-01 16:11:27,3.836169,106.280296,5.12447,2015-10-03 17:33:17,2015-10-04 00:33:17,822,140,0.240452,2,2209,0.157447,0.152041,0.456807,0.4,0.467437,0.75,0.0126714,0.0001,3.72843e-56,999999,3.462877e-02,3,Indonesian Exclusive Economic Zone,WPP711,,SVDNB_npp_d20151003_t1731466_e1737270_b20378_c20151003233728467558_noaa_ops.h5,GDNBO_npp_d20151003_t1731466_e1737270_b20378_c20151003233728467298_noaa_ops.h5,SVI04_npp_d20151003_t1731466_e1737270_b20378_c20151003233728541959_noaa_ops.dspace_rad,VNFF_npp_d20151003_t1731466_e1737270_b20378_v21.csv,World_EEZ_v8_2014.shp,WPP_BFAR_merge.shp,KKP_IDN_merge_20161208.shp,VNF-VBD_npp_20120301-20151231_global_asia-enhanced_c201607211230.bitmask,NCEI_NGA.union.nga_lead2.add_2015ntl.mask,timezone.shp,VBD_platforms-recurring_2015_r20170330.shp,999999,VBD_bridges_c20160811.shp,9.202956;7.293124;4.987635;0.117751;-4.766567;-9.662423;-14.566307;-12.781590;-10.252750;-5.421471;-0.565886;4.309883,106.389061;120.204430;133.795395;132.636734;131.583801;130.626740;129.763702;115.696312;101.762085;103.094223;104.302101;105.397919,npp_d20151003_t1731466_e1737270_b20378,167.684,91.3413,68.0034,98.1284,65.3005,71.7478
18,VBD_npp_d20151003_t1733141_x1064600E_y040489N_l0786_s0160_v23,2017-06-01 16:11:27,4.048868,106.460022,113.25,2015-10-03 17:33:14,2015-10-04 00:33:14,786,160,0.390112,4,100845,1.03499,0.100411,0.769865,0.4,0.950058,0.75,0.0127895,0.0001,9.61015e-55,999999,5.209267e-01,3,Indonesian Exclusive Economic Zone,WPP711,,SVDNB_npp_d20151003_t1731466_e1737270_b20378_c20151003233728467558_noaa_ops.h5,GDNBO_npp_d20151003_t1731466_e1737270_b20378_c20151003233728467298_noaa_ops.h5,SVI04_npp_d20151003_t1731466_e1737270_b20378_c20151003233728541959_noaa_ops.dspace_rad,VNFF_npp_d20151003_t1731466_e1737270_b20378_v21.csv,World_EEZ_v8_2014.shp,WPP_BFAR_merge.shp,KKP_IDN_merge_20161208.shp,VNF-VBD_npp_20120301-20151231_global_asia-enhanced_c201607211230.bitmask,NCEI_NGA.union.nga_lead2.add_2015ntl.mask,timezone.shp,VBD_platforms-recurring_2015_r20170330.shp,999999,VBD_bridges_c20160811.shp,9.202956;7.293124;4.987635;0.117751;-4.766567;-9.662423;-14.566307;-12.781590;-10.252750;-5.421471;-0.565886;4.309883,106.389061;120.204430;133.795395;132.636734;131.583801;130.626740;129.763702;115.696312;101.762085;103.094223;104.302101;105.397919,npp_d20151003_t1731466_e1737270_b20378,167.522,90.3738,67.6849,98.2141,65.0756,71.8316
19,VBD_npp_d20151003_t1733461_x1060994E_y022040N_l1074_s0166_v23,2017-06-01 16:11:27,2.204030,106.099388,11.2201,2015-10-03 17:33:46,2015-10-04 00:33:46,1074,166,0.299562,1,2529,0.415862,0.129253,0.669455,0.4,0.84436,0.75,0.012319,0.0001,2.44732e-56,999999,2.492666e-01,3,Indonesian Exclusive Economic Zone,WPP711,,SVDNB_npp_d20151003_t1731466_e1737270_b20378_c20151003233728467558_noaa_ops.h5,GDNBO_npp_d20151003_t1731466_e1737270_b20378_c20151003233728467298_noaa_ops.h5,SVI04_npp_d20151003_t1731466_e1737270_b20378_c20151003233728541959_noaa_ops.dspace_rad,VNFF_npp_d20151003_t1731466_e1737270_b20378_v21.csv,World_EEZ_v8_2014.shp,WPP_BFAR_merge.shp,KKP_IDN_merge_20161208.shp,VNF-VBD_npp_20120301-20151231_global_asia-enhanced_c201607211230.bitmask,NCEI_NGA.union.nga_lead2.add_2015ntl.mask,timezone.shp,VBD_platforms-recurring_2015_r20170330.shp,999999,VBD_bridges_c20160811.shp,9.202956;7.293124;4.987635;0.117751;-4.766567;-9.662423;-14.566307;-12.781590;-10.252750;-5.421471;-0.565886;4.309883,106.389061;120.204430;133.795395;132.636734;131.583801;130.626740;129.763702;115.696312;101.762085;103.094223;104.302101;105.397919,npp_d20151003_t1731466_e1737270_b20378,167.601,98.7897,67.5872,98.6206,65.8886,71.0239
20,VBD_npp_d20151003_t1734573_x1051754E_y018838S_l1715_s0169_v23,2017-06-01 16:11:27,-1.883843,105.175392,5.21127,2015-10-03 17:34:57,2015-10-04 00:34:57,1715,169,0.346722,8,18913,0.272528,0.153362,0.685976,0.4,0.806457,0.75,0.0109727,0.0001,3.08046e-61,999999,2.218982e-02,3,Indonesian Exclusive Economic Zone,WPP711,,SVDNB_npp_d20151003_t1731466_e1737270_b20378_c20151003233728467558_noaa_ops.h5,GDNBO_npp_d20151003_t1731466_e1737270_b20378_c20151003233728467298_noaa_ops.h5,SVI04_npp_d20151003_t1731466_e1737270_b20378_c20151003233728541959_noaa_ops.dspace_rad,VNFF_npp_d20151003_t1731466_e1737270_b20378_v21.csv,World_EEZ_v8_2014.shp,WPP_BFAR_merge.shp,KKP_IDN_merge_20161208.shp,VNF-VBD_npp_20120301-20151231_global_asia-enhanced_c201607211230.bitmask,NCEI_NGA.union.nga_lead2.add_2015ntl.mask,timezone.shp,VBD_platforms-recurring_2015_r20170330.shp,0.0714524,VBD_bridges_c20160811.shp,9.202956;7.293124;4.987635;0.117751;-4.766567;-9.662423;-14.566307;-12.781590;-10.252750;-5.421471;-0.565886;4.309883,106.389061;120.204430;133.795395;132.636734;131.583801;130.626740;129.763702;115.696312;101.762085;103.094223;104.302101;105.397919,npp_d20151003_t1731466_e1737270_b20378,166.936,116.945,67.5492,99.5189,67.8869,69.4056
21,VBD_npp_d20151003_t1733070_x1066427E_y044092N_l0727_s0174_v23,2017-06-01 16:11:27,4.409204,106.642654,15.9984,2015-10-03 17:33:07,2015-10-04 00:33:07,727,174,0.312864,4,51685,0.536811,0.136335,0.753318,0.4,0.876071,0.75,0.0129748,0.0001,1.46534e-53,999999,1.825591e-01,3,Indonesian Exclusive Economic Zone,WPP711,,SVDNB_npp_d20151003_t1731466_e1737270_b20378_c20151003233728467558_noaa_ops.h5,GDNBO_npp_d20151003_t1731466_e1737270_b20378_c20151003233728467298_noaa_ops.h5,SVI04_npp_d20151003_t1731466_e1737270_b20378_c20151003233728541959_noaa_ops.dspace_rad,VNFF_npp_d20151003_t1731466_e1737270_b20378_v21.csv,World_EEZ_v8_2014.shp,WPP_BFAR_merge.shp,KKP_IDN_merge_20161208.shp,VNF-VBD_npp_20120301-20151231_global_asia-enhanced_c201607211230.bitmask,NCEI_NGA.union.nga_lead2.add_2015ntl.mask,timezone.shp,VBD_platforms-recurring_2015_r20170330.shp,0.382325,VBD_bridges_c20160811.shp,9.202956;7.293124;4.987635;0.117751;-4.766567;-9.662423;-14.566307;-12.781590;-10.252750;-5.421471;-0.565886;4.309883,106.389061;120.204430;133.795395;132.636734;131.583801;130.626740;129.763702;115.696312;101.762085;103.094223;104.302101;105.397919,npp_d20151003_t1731466_e1737270_b20378,167.367,88.7721,67.4405,97.9796,64.8159,71.9862
22,VBD_npp_d20151003_t1733426_x1062367E_y023668N_l1046_s0180_v23,2017-06-01 16:11:27,2.366786,106.236717,39.9089,2015-10-03 17:33:42,2015-10-04 00:33:42,1046,180,0.266273,8,18913,0.724534,0.144138,0.738654,0.4,0.897903,0.75,0.0124399,0.0001,2.53495e-55,999999,1.090679e-01,3,Indonesian Exclusive Economic Zone,WPP711,,SVDNB_npp_d20151003_t1731466_e1737270_b20378_c20151003233728467558_noaa_ops.h5,GDNBO_npp_d20151003_t1731466_e1737270_b20378_c20151003233728467298_noaa_ops.h5,SVI04_npp_d20151003_t1731466_e1737270_b20378_c20151003233728541959_noaa_ops.dspace_rad,VNFF_npp_d20151003_t1731466_e1737270_b20378_v21.csv,World_EEZ_v8_2014.shp,WPP_BFAR_merge.shp,KKP_IDN_merge_20161208.shp,VNF-VBD_npp_20120301-20151231_global_asia-enhanced_c201607211230.bitmask,NCEI_NGA.union.nga_lead2.add_2015ntl.mask,timezone.shp,VBD_platforms-recurring_2015_r20170330.shp,0.710554,VBD_bridges_c20160811.shp,9.202956;7.293124;4.987635;0.117751;-4.766567;-9.662423;-14.566307;-12.781590;-10.252750;-5.421471;-0.565886;4.309883,106.389061;120.204430;133.795395;132.636734;131.583801;130.626740;129.763702;115.696312;101.762085;103.094223;104.302101;105.397919,npp_d20151003_t1731466_e1737270_b20378,167.504,97.9842,67.351,98.4585,65.7183,71.0822
23,VBD_npp_d20151003_t1734502_x1054596E_y015490S_l1657_s0197_v23,2017-06-01 16:11:27,-1.549008,105.459564,4.10659,2015-10-03 17:34:50,2015-10-04 00:34:50,1657,197,0.364931,8,18593,0.154222,0.138605,0.476139,0.4,0.67113,0.75,0.0112238,0.0001,6.80703e-59,999999,1.611866e-01,3,Indonesian Exclusive Economic Zone,WPP711,,SVDNB_npp_d20151003_t1731466_e1737270_b20378_c20151003233728467558_noaa_ops.h5,GDNBO_npp_d20151003_t1731466_e1737270_b20378_c20151003233728467298_noaa_ops.h5,SVI04_npp_d20151003_t1731466_e1737270_b20378_c20151003233728541959_noaa_ops.dspace_rad,VNFF_npp_d20151003_t1731466_e1737270_b20378_v21.csv,World_EEZ_v8_2014.shp,WPP_BFAR_merge.shp,KKP_IDN_merge_20161208.shp,VNF-VBD_npp_20120301-20151231_global_asia-enhanced_c201607211230.bitmask,NCEI_NGA.union.nga_lead2.add_2015ntl.mask,timezone.shp,VBD_platforms-recurring_2015_r20170330.shp,0.480727,VBD_bridges_c20160811.shp,9.202956;7.293124;4.987635;0.117751;-4.766567;-9.662423;-14.566307;-12.781590;-10.252750;-5.421471;-0.565886;4.309883,106.389061;120.204430;133.795395;132.636734;131.583801;130.626740;129.763702;115.696312;101.762085;103.094223;104.302101;105.397919,npp_d20151003_t1731466_e1737270_b20378,166.854,115.165,67.069,99.2369,67.5279,69.4938
24,VBD_npp_d20151003_t1734502_x1055248E_y015322S_l1653_s0206_v23,2017-06-01 16:11:27,-1.532227,105.524841,4.20216,2015-10-03 17:34:50,2015-10-04 00:34:50,1653,206,0.365572,8,18657,0.165555,0.163786,0.552941,0.4,0.759645,0.75,0.0112692,0.0001,3.06141e-58,999999,-7.599177e-02,3,Indonesian Exclusive Economic Zone,WPP711,,SVDNB_npp_d20151003_t1731466_e1737270_b20378_c20151003233728467558_noaa_ops.h5,GDNBO_npp_d20151003_t1731466_e1737270_b20378_c20151003233728467298_noaa_ops.h5,SVI04_npp_d20151003_t1731466_e1737270_b20378_c20151003233728541959_noaa_ops.dspace_rad,VNFF_npp_d20151003_t1731466_e1737270_b20378_v21.csv,World_EEZ_v8_2014.shp,WPP_BFAR_merge.shp,KKP_IDN_merge_20161208.shp,VNF-VBD_npp_20120301-20151231_global_asia-enhanced_c201607211230.bitmask,NCEI_NGA.union.nga_lead2.add_2015ntl.mask,timezone.shp,VBD_platforms-recurring_2015_r20170330.shp,0.124294,VBD_bridges_c20160811.shp,9.202956;7.293124;4.987635;0.117751;-4.766567;-9.662423;-14.566307;-12.781590;-10.252750;-5.421471;-0.565886;4.309883,106.389061;120.204430;133.795395;132.636734;131.583801;130.626740;129.763702;115.696312;101.762085;103.094223;104.302101;105.397919,npp_d20151003_t1731466_e1737270_b20378,166.802,114.98,66.9162,99.3575,67.4605,69.489
25,VBD_npp_d20151003_t1735596_x1045744E_y055486S_l2283_s0212_v23,2017-06-01 16:11:27,-5.548632,104.574432,4.94921,2015-10-03 17:35:59,2015-10-04 00:35:59,2283,212,0.359525,8,18593,0.166284,0.146847,0.779088,0.4,0.587736,0.75,0.00987216,0.0001,1.2799e-63,999999,8.355704e-02,3,Indonesian Exclusive Economic Zone,WPP572,,SVDNB_npp_d20151003_t1731466_e1737270_b20378_c20151003233728467558_noaa_ops.h5,GDNBO_npp_d20151003_t1731466_e1737270_b20378_c20151003233728467298_noaa_ops.h5,SVI04_npp_d20151003_t1731466_e1737270_b20378_c20151003233728541959_noaa_ops.dspace_rad,VNFF_npp_d20151003_t1731466_e1737270_b20378_v21.csv,World_EEZ_v8_2014.shp,WPP_BFAR_merge.shp,KKP_IDN_merge_20161208.shp,VNF-VBD_npp_20120301-20151231_global_asia-enhanced_c201607211230.bitmask,NCEI_NGA.union.nga_lead2.add_2015ntl.mask,timezone.shp,VBD_platforms-recurring_2015_r20170330.shp,0.618712,VBD_bridges_c20160811.shp,9.202956;7.293124;4.987635;0.117751;-4.766567;-9.662423;-14.566307;-12.781590;-10.252750;-5.421471;-0.565886;4.309883,106.389061;120.204430;133.795395;132.636734;131.583801;130.626740;129.763702;115.696312;101.762085;103.094223;104.302101;105.397919,npp_d20151003_t1731466_e1737270_b20378,165.185,130.069,66.8334,100.1,69.5523,68.0877
26,VBD_npp_d20151003_t1735596_x1045719E_y055620S_l2285_s0212_v23,2017-06-01 16:11:27,-5.561954,104.571907,14.5593,2015-10-03 17:35:59,2015-10-04 00:35:59,2285,212,0.364291,8,18913,0.511599,0.152692,0.779088,0.4,0.866732,0.75,0.00986707,0.0001,1.16077e-63,999999,2.849694e-02,3,Indonesian Exclusive Economic Zone,WPP572,,SVDNB_npp_d20151003_t1731466_e1737270_b20378_c20151003233728467558_noaa_ops.h5,GDNBO_npp_d20151003_t1731466_e1737270_b20378_c20151003233728467298_noaa_ops.h5,SVI04_npp_d20151003_t1731466_e1737270_b20378_c20151003233728541959_noaa_ops.dspace_rad,VNFF_npp_d20151003_t1731466_e1737270_b20378_v21.csv,World_EEZ_v8_2014.shp,WPP_BFAR_merge.shp,KKP_IDN_merge_20161208.shp,VNF-VBD_npp_20120301-20151231_global_asia-enhanced_c201607211230.bitmask,NCEI_NGA.union.nga_lead2.add_2015ntl.mask,timezone.shp,VBD_platforms-recurring_2015_r20170330.shp,0.931125,VBD_bridges_c20160811.shp,9.202956;7.293124;4.987635;0.117751;-4.766567;-9.662423;-14.566307;-12.781590;-10.252750;-5.421471;-0.565886;4.309883,106.389061;120.204430;133.795395;132.636734;131.583801;130.626740;129.763702;115.696312;101.762085;103.094223;104.302101;105.397919,npp_d20151003_t1731466_e1737270_b20378,165.178,130.114,66.8338,100.039,69.5596,68.0835
27,VBD_npp_d20151003_t1733355_x1065547E_y027140N_l0986_s0214_v23,2017-06-01 16:11:27,2.713991,106.554718,23.497,2015-10-03 17:33:35,2015-10-04 00:33:35,986,214,0.208799,1,2529,0.589633,0.169172,0.70645,0.4,0.850401,0.75,0.0127157,0.0001,5.78137e-53,999999,-1.267217e-01,3,Indonesian Exclusive Economic Zone,WPP711,,SVDNB_npp_d20151003_t1731466_e1737270_b20378_c20151003233728467558_noaa_ops.h5,GDNBO_npp_d20151003_t1731466_e1737270_b20378_c20151003233728467298_noaa_ops.h5,SVI04_npp_d20151003_t1731466_e1737270_b20378_c20151003233728541959_noaa_ops.dspace_rad,VNFF_npp_d20151003_t1731466_e1737270_b20378_v21.csv,World_EEZ_v8_2014.shp,WPP_BFAR_merge.shp,KKP_IDN_merge_20161208.shp,VNF-VBD_npp_20120301-20151231_global_asia-enhanced_c201607211230.bitmask,NCEI_NGA.union.nga_lead2.add_2015ntl.mask,timezone.shp,VBD_platforms-recurring_2015_r20170330.shp,999999,VBD_bridges_c20160811.shp,9.202956;7.293124;4.987635;0.117751;-4.766567;-9.662423;-14.566307;-12.781590;-10.252750;-5.421471;-0.565886;4.309883,106.389061;120.204430;133.795395;132.636734;131.583801;130.626740;129.763702;115.696312;101.762085;103.094223;104.302101;105.397919,npp_d20151003_t1731466_e1737270_b20378,167.261,96.2978,66.7724,98.2559,65.3298,71.2064
28,VBD_npp_d20151003_t1735596_x1045815E_y055843S_l2288_s0214_v23,2017-06-01 16:11:27,-5.584311,104.581505,4.16892,2015-10-03 17:35:59,2015-10-04 00:35:59,2288,214,0.357249,2,2465,0.203199,0.154703,0.746988,0.4,0.6852,0.75,0.00986713,0.0001,1.3964e-63,999999,9.560688e-03,3,Indonesian Exclusive Economic Zone,WPP572,,SVDNB_npp_d20151003_t1731466_e1737270_b20378_c20151003233728467558_noaa_ops.h5,GDNBO_npp_d20151003_t1731466_e1737270_b20378_c20151003233728467298_noaa_ops.h5,SVI04_npp_d20151003_t1731466_e1737270_b20378_c20151003233728541959_noaa_ops.dspace_rad,VNFF_npp_d20151003_t1731466_e1737270_b20378_v21.csv,World_EEZ_v8_2014.shp,WPP_BFAR_merge.shp,KKP_IDN_merge_20161208.shp,VNF-VBD_npp_20120301-20151231_global_asia-enhanced_c201607211230.bitmask,NCEI_NGA.union.nga_lead2.add_2015ntl.mask,timezone.shp,VBD_platforms-recurring_2015_r20170330.shp,999999,VBD_bridges_c20160811.shp,9.202956;7.293124;4.987635;0.117751;-4.766567;-9.662423;-14.566307;-12.781590;-10.252750;-5.421471;-0.565886;4.309883,106.389061;120.204430;133.795395;132.636734;131.583801;130.626740;129.763702;115.696312;101.762085;103.094223;104.302101;105.397919,npp_d20151003_t1731466_e1737270_b20378,165.156,130.154,66.8007,99.9459,69.5591,68.0731
29,VBD_npp_d20151003_t1735596_x1046099E_y055069S_l2276_s0216_v23,2017-06-01 16:11:27,-5.506867,104.609917,6.81835,2015-10-03 17:35:59,2015-10-04 00:35:59,2276,216,0.370622,1,2529,0.287391,0.191507,0.774451,0.4,0.805264,0.75,0.00990525,0.0001,3.47078e-63,999999,-3.370870e-01,3,Indonesian Exclusive Economic Zone,WPP572,,SVDNB_npp_d20151003_t1731466_e1737270_b20378_c20151003233728467558_noaa_ops.h5,GDNBO_npp_d20151003_t1731466_e1737270_b20378_c20151003233728467298_noaa_ops.h5,SVI04_npp_d20151003_t1731466_e1737270_b20378_c20151003233728541959_noaa_ops.dspace_rad,VNFF_npp_d20151003_t1731466_e1737270_b20378_v21.csv,World_EEZ_v8_2014.shp,WPP_BFAR_merge.shp,KKP_IDN_merge_20161208.shp,VNF-VBD_npp_20120301-20151231_global_asia-enhanced_c201607211230.bitmask,NCEI_NGA.union.nga_lead2.add_2015ntl.mask,timezone.shp,VBD_platforms-recurring_2015_r20170330.shp,999999,VBD_bridges_c20160811.shp,9.202956;7.293124;4.987635;0.117751;-4.766567;-9.662423;-14.566307;-12.781590;-10.252750;-5.421471;-0.565886;4.309883,106.389061;120.204430;133.795395;132.636734;131.583801;130.626740;129.763702;115.696312;101.762085;103.094223;104.302101;105.397919,npp_d20151003_t1731466_e1737270_b20378,165.184,129.859,66.7651,100.311,69.5037,68.0943
30,VBD_npp_d20151003_t1735596_x1046128E_y055280S_l2279_s0217_v23,2017-06-01 16:11:27,-5.528031,104.612839,9.73829,2015-10-03 17:35:59,2015-10-04 00:35:59,2279,217,0.358459,8,18913,0.475673,0.168402,0.797779,0.4,0.839142,0.75,0.00990153,0.0001,3.543e-63,999999,-1.194682e-01,3,Indonesian Exclusive Economic Zone,WPP572,,SVDNB_npp_d20151003_t1731466_e1737270_b20378_c20151003233728467558_noaa_ops.h5,GDNBO_npp_d20151003_t1731466_e1737270_b20378_c20151003233728467298_noaa_ops.h5,SVI04_npp_d20151003_t1731466_e1737270_b20378_c20151003233728541959_noaa_ops.dspace_rad,VNFF_npp_d20151003_t1731466_e1737270_b20378_v21.csv,World_EEZ_v8_2014.shp,WPP_BFAR_merge.shp,KKP_IDN_merge_20161208.shp,VNF-VBD_npp_20120301-20151231_global_asia-enhanced_c201607211230.bitmask,NCEI_NGA.union.nga_lead2.add_2015ntl.mask,timezone.shp,VBD_platforms-recurring_2015_r20170330.shp,0.905513,VBD_bridges_c20160811.shp,9.202956;7.293124;4.987635;0.117751;-4.766567;-9.662423;-14.566307;-12.781590;-10.252750;-5.421471;-0.565886;4.309883,106.389061;120.204430;133.795395;132.636734;131.583801;130.626740;129.763702;115.696312;101.762085;103.094223;104.302101;105.397919,npp_d20151003_t1731466_e1737270_b20378,165.169,129.913,66.7486,100.219,69.5089,68.0859
31,VBD_npp_d20151003_t1733408_x1065217E_y024499N_l1027_s0218_v23,2017-06-01 16:11:27,2.449900,106.521690,31.5634,2015-10-03 17:33:40,2015-10-04 00:33:40,1027,218,0.276444,1,2529,0.654317,0.197206,0.69211,0.4,0.862612,0.75,0.0126379,0.0001,6.05689e-53,999999,-3.907620e-01,3,Indonesian Exclusive Economic Zone,WPP711,,SVDNB_npp_d20151003_t1731466_e1737270_b20378_c20151003233728467558_noaa_ops.h5,GDNBO_npp_d20151003_t1731466_e1737270_b20378_c20151003233728467298_noaa_ops.h5,SVI04_npp_d20151003_t1731466_e1737270_b20378_c20151003233728541959_noaa_ops.dspace_rad,VNFF_npp_d20151003_t1731466_e1737270_b20378_v21.csv,World_EEZ_v8_2014.shp,WPP_BFAR_merge.shp,KKP_IDN_merge_20161208.shp,VNF-VBD_npp_20120301-20151231_global_asia-enhanced_c201607211230.bitmask,NCEI_NGA.union.nga_lead2.add_2015ntl.mask,timezone.shp,VBD_platforms-recurring_2015_r20170330.shp,999999,VBD_bridges_c20160811.shp,9.202956;7.293124;4.987635;0.117751;-4.766567;-9.662423;-14.566307;-12.781590;-10.252750;-5.421471;-0.565886;4.309883,106.389061;120.204430;133.795395;132.636734;131.583801;130.626740;129.763702;115.696312;101.762085;103.094223;104.302101;105.397919,npp_d20151003_t1731466_e1737270_b20378,167.24,97.4619,66.7027,98.5382,65.4268,71.0885
32,VBD_npp_d20151003_t1733426_x1065051E_y023538N_l1042_s0219_v23,2017-06-01 16:11:27,2.353798,106.505135,9.97425,2015-10-03 17:33:42,2015-10-04 00:33:42,1042,219,0.292876,1,2529,0.312626,0.129815,0.578251,0.4,0.799852,0.75,0.0126075,0.0001,5.43644e-53,999999,2.439776e-01,3,Indonesian Exclusive Economic Zone,WPP711,,SVDNB_npp_d20151003_t1731466_e1737270_b20378_c20151003233728467558_noaa_ops.h5,GDNBO_npp_d20151003_t1731466_e1737270_b20378_c20151003233728467298_noaa_ops.h5,SVI04_npp_d20151003_t1731466_e1737270_b20378_c20151003233728541959_noaa_ops.dspace_rad,VNFF_npp_d20151003_t1731466_e1737270_b20378_v21.csv,World_EEZ_v8_2014.shp,WPP_BFAR_merge.shp,KKP_IDN_merge_20161208.shp,VNF-VBD_npp_20120301-20151231_global_asia-enhanced_c201607211230.bitmask,NCEI_NGA.union.nga_lead2.add_2015ntl.mask,timezone.shp,VBD_platforms-recurring_2015_r20170330.shp,999999,VBD_bridges_c20160811.shp,9.202956;7.293124;4.987635;0.117751;-4.766567;-9.662423;-14.566307;-12.781590;-10.252750;-5.421471;-0.565886;4.309883,106.389061;120.204430;133.795395;132.636734;131.583801;130.626740;129.763702;115.696312;101.762085;103.094223;104.302101;105.397919,npp_d20151003_t1731466_e1737270_b20378,167.237,97.8874,66.6901,98.5922,65.4671,71.0463
33,VBD_npp_d20151003_t1733426_x1065000E_y023205N_l1047_s0219_v23,2017-06-01 16:11:27,2.320467,106.499992,6.37401,2015-10-03 17:33:42,2015-10-04 00:33:42,1047,219,0.292378,2,2465,0.199623,0.137384,0.470086,0.4,0.682258,0.75,0.012596,0.0001,4.61918e-53,999999,1.726837e-01,3,Indonesian Exclusive Economic Zone,WPP711,,SVDNB_npp_d20151003_t1731466_e1737270_b20378_c20151003233728467558_noaa_ops.h5,GDNBO_npp_d20151003_t1731466_e1737270_b20378_c20151003233728467298_noaa_ops.h5,SVI04_npp_d20151003_t1731466_e1737270_b20378_c20151003233728541959_noaa_ops.dspace_rad,VNFF_npp_d20151003_t1731466_e1737270_b20378_v21.csv,World_EEZ_v8_2014.shp,WPP_BFAR_merge.shp,KKP_IDN_merge_20161208.shp,VNF-VBD_npp_20120301-20151231_global_asia-enhanced_c201607211230.bitmask,NCEI_NGA.union.nga_lead2.add_2015ntl.mask,timezone.shp,VBD_platforms-recurring_2015_r20170330.shp,999999,VBD_bridges_c20160811.shp,9.202956;7.293124;4.987635;0.117751;-4.766567;-9.662423;-14.566307;-12.781590;-10.252750;-5.421471;-0.565886;4.309883,106.389061;120.204430;133.795395;132.636734;131.583801;130.626740;129.763702;115.696312;101.762085;103.094223;104.302101;105.397919,npp_d20151003_t1731466_e1737270_b20378,167.237,98.0361,66.6905,98.4386,65.4829,71.0319
34,VBD_npp_d20151003_t1732332_x1073670E_y063376N_l0419_s0220_v23,2017-06-01 16:11:27,6.337551,107.367027,5.50126,2015-10-03 17:32:33,2015-10-04 00:32:33,419,220,0.0446997,2,2209,0.194047,0.172928,0.492,0.4,0.736204,0.75,0.0138209,0.0001,2.78643e-49,999999,-1.881119e-01,3,Indonesian Exclusive Economic Zone,WPP711,,SVDNB_npp_d20151003_t1731466_e1737270_b20378_c20151003233728467558_noaa_ops.h5,GDNBO_npp_d20151003_t1731466_e1737270_b20378_c20151003233728467298_noaa_ops.h5,SVI04_npp_d20151003_t1731466_e1737270_b20378_c20151003233728541959_noaa_ops.dspace_rad,VNFF_npp_d20151003_t1731466_e1737270_b20378_v21.csv,World_EEZ_v8_2014.shp,WPP_BFAR_merge.shp,KKP_IDN_merge_20161208.shp,VNF-VBD_npp_20120301-20151231_global_asia-enhanced_c201607211230.bitmask,NCEI_NGA.union.nga_lead2.add_2015ntl.mask,timezone.shp,VBD_platforms-recurring_2015_r20170330.shp,999999,VBD_bridges_c20160811.shp,9.202956;7.293124;4.987635;0.117751;-4.766567;-9.662423;-14.566307;-12.781590;-10.252750;-5.421471;-0.565886;4.309883,106.389061;120.204430;133.795395;132.636734;131.583801;130.626740;129.763702;115.696312;101.762085;103.094223;104.302101;105.397919,npp_d20151003_t1731466_e1737270_b20378,166.61,80.7387,66.6621,97.7203,63.6665,72.8741
35,VBD_npp_d20151003_t1736174_x1043852E_y065367S_l2437_s0222_v23,2017-06-01 16:11:27,-6.536662,104.385162,4.61917,2015-10-03 17:36:17,2015-10-04 00:36:17,2437,222,0.34658,1,2529,0.216722,0.146252,0.611771,0.4,0.770351,0.75,0.00959992,0.0001,2.11406e-64,999999,8.915924e-02,3,Indonesian Exclusive Economic Zone,WPP572,,SVDNB_npp_d20151003_t1731466_e1737270_b20378_c20151003233728467558_noaa_ops.h5,GDNBO_npp_d20151003_t1731466_e1737270_b20378_c20151003233728467298_noaa_ops.h5,SVI04_npp_d20151003_t1731466_e1737270_b20378_c20151003233728541959_noaa_ops.dspace_rad,VNFF_npp_d20151003_t1731466_e1737270_b20378_v21.csv,World_EEZ_v8_2014.shp,WPP_BFAR_merge.shp,KKP_IDN_merge_20161208.shp,VNF-VBD_npp_20120301-20151231_global_asia-enhanced_c201607211230.bitmask,NCEI_NGA.union.nga_lead2.add_2015ntl.mask,timezone.shp,VBD_platforms-recurring_2015_r20170330.shp,999999,VBD_bridges_c20160811.shp,9.202956;7.293124;4.987635;0.117751;-4.766567;-9.662423;-14.566307;-12.781590;-10.252750;-5.421471;-0.565886;4.309883,106.389061;120.204430;133.795395;132.636734;131.583801;130.626740;129.763702;115.696312;101.762085;103.094223;104.302101;105.397919,npp_d20151003_t1731466_e1737270_b20378,164.614,133.101,66.6683,100.522,70.0347,67.7636
36,VBD_npp_d20151003_t1733408_x1065706E_y024585N_l1025_s0225_v23,2017-06-01 16:11:27,2.458529,106.570625,9.10959,2015-10-03 17:33:40,2015-10-04 00:33:40,1025,225,0.286758,2,2465,0.275034,0.160443,0.649049,0.4,0.685688,0.75,0.0126709,0.0001,1.60427e-52,999999,-4.449932e-02,3,Indonesian Exclusive Economic Zone,WPP711,,SVDNB_npp_d20151003_t1731466_e1737270_b20378_c20151003233728467558_noaa_ops.h5,GDNBO_npp_d20151003_t1731466_e1737270_b20378_c20151003233728467298_noaa_ops.h5,SVI04_npp_d20151003_t1731466_e1737270_b20378_c20151003233728541959_noaa_ops.dspace_rad,VNFF_npp_d20151003_t1731466_e1737270_b20378_v21.csv,World_EEZ_v8_2014.shp,WPP_BFAR_merge.shp,KKP_IDN_merge_20161208.shp,VNF-VBD_npp_20120301-20151231_global_asia-enhanced_c201607211230.bitmask,NCEI_NGA.union.nga_lead2.add_2015ntl.mask,timezone.shp,VBD_platforms-recurring_2015_r20170330.shp,999999,VBD_bridges_c20160811.shp,9.202956;7.293124;4.987635;0.117751;-4.766567;-9.662423;-14.566307;-12.781590;-10.252750;-5.421471;-0.565886;4.309883,106.389061;120.204430;133.795395;132.636734;131.583801;130.626740;129.763702;115.696312;101.762085;103.094223;104.302101;105.397919,npp_d20151003_t1731466_e1737270_b20378,167.193,97.3984,66.5845,98.6127,65.3774,71.0869
37,VBD_npp_d20151003_t1734484_x1056720E_y015071S_l1645_s0226_v23,2017-06-01 16:11:27,-1.507083,105.671982,4.1917,2015-10-03 17:34:48,2015-10-04 00:34:48,1645,226,0.368773,8,18593,0.181292,0.162834,0.491151,0.4,0.693121,0.75,0.0113678,0.0001,5.26173e-57,999999,-6.702135e-02,3,Indonesian Exclusive Economic Zone,WPP711,,SVDNB_npp_d20151003_t1731466_e1737270_b20378_c20151003233728467558_noaa_ops.h5,GDNBO_npp_d20151003_t1731466_e1737270_b20378_c20151003233728467298_noaa_ops.h5,SVI04_npp_d20151003_t1731466_e1737270_b20378_c20151003233728541959_noaa_ops.dspace_rad,VNFF_npp_d20151003_t1731466_e1737270_b20378_v21.csv,World_EEZ_v8_2014.shp,WPP_BFAR_merge.shp,KKP_IDN_merge_20161208.shp,VNF-VBD_npp_20120301-20151231_global_asia-enhanced_c201607211230.bitmask,NCEI_NGA.union.nga_lead2.add_2015ntl.mask,timezone.shp,VBD_platforms-recurring_2015_r20170330.shp,0.61572,VBD_bridges_c20160811.shp,9.202956;7.293124;4.987635;0.117751;-4.766567;-9.662423;-14.566307;-12.781590;-10.252750;-5.421471;-0.565886;4.309883,106.389061;120.204430;133.795395;132.636734;131.583801;130.626740;129.763702;115.696312;101.762085;103.094223;104.302101;105.397919,npp_d20151003_t1731466_e1737270_b20378,166.686,114.631,66.5822,99.0772,67.3197,69.4742
38,VBD_npp_d20151003_t1733301_x1067172E_y030561N_l0931_s0227_v23,2017-06-01 16:11:27,3.056077,106.717171,15.8696,2015-10-03 17:33:30,2015-10-04 00:33:30,931,227,0.234833,1,2529,0.461615,0.157728,0.681922,0.4,0.837393,0.75,0.0128922,0.0001,7.81873e-52,999999,-1.893440e-02,3,Indonesian Exclusive Economic Zone,WPP711,,SVDNB_npp_d20151003_t1731466_e1737270_b20378_c20151003233728467558_noaa_ops.h5,GDNBO_npp_d20151003_t1731466_e1737270_b20378_c20151003233728467298_noaa_ops.h5,SVI04_npp_d20151003_t1731466_e1737270_b20378_c20151003233728541959_noaa_ops.dspace_rad,VNFF_npp_d20151003_t1731466_e1737270_b20378_v21.csv,World_EEZ_v8_2014.shp,WPP_BFAR_merge.shp,KKP_IDN_merge_20161208.shp,VNF-VBD_npp_20120301-20151231_global_asia-enhanced_c201607211230.bitmask,NCEI_NGA.union.nga_lead2.add_2015ntl.mask,timezone.shp,VBD_platforms-recurring_2015_r20170330.shp,999999,VBD_bridges_c20160811.shp,9.202956;7.293124;4.987635;0.117751;-4.766567;-9.662423;-14.566307;-12.781590;-10.252750;-5.421471;-0.565886;4.309883,106.389061;120.204430;133.795395;132.636734;131.583801;130.626740;129.763702;115.696312;101.762085;103.094223;104.302101;105.397919,npp_d20151003_t1731466_e1737270_b20378,167.155,94.7457,66.5488,98.4171,65.0849,71.3474
39,VBD_npp_d20151003_t1733390_x1066232E_y025209N_l1014_s0230_v23,2017-06-01 16:11:27,2.520859,106.623199,22.639,2015-10-03 17:33:39,2015-10-04 00:33:39,1014,230,0.275449,1,2529,0.5938,0.139934,0.706577,0.4,0.865264,0.75,0.0127166,0.0001,3.37798e-52,999999,1.486673e-01,3,Indonesian Exclusive Economic Zone,WPP711,,SVDNB_npp_d20151003_t1731466_e1737270_b20378_c20151003233728467558_noaa_ops.h5,GDNBO_npp_d20151003_t1731466_e1737270_b20378_c20151003233728467298_noaa_ops.h5,SVI04_npp_d20151003_t1731466_e1737270_b20378_c20151003233728541959_noaa_ops.dspace_rad,VNFF_npp_d20151003_t1731466_e1737270_b20378_v21.csv,World_EEZ_v8_2014.shp,WPP_BFAR_merge.shp,KKP_IDN_merge_20161208.shp,VNF-VBD_npp_20120301-20151231_global_asia-enhanced_c201607211230.bitmask,NCEI_NGA.union.nga_lead2.add_2015ntl.mask,timezone.shp,VBD_platforms-recurring_2015_r20170330.shp,999999,VBD_bridges_c20160811.shp,9.202956;7.293124;4.987635;0.117751;-4.766567;-9.662423;-14.566307;-12.781590;-10.252750;-5.421471;-0.565886;4.309883,106.389061;120.204430;133.795395;132.636734;131.583801;130.626740;129.763702;115.696312;101.762085;103.094223;104.302101;105.397919,npp_d20151003_t1731466_e1737270_b20378,167.156,97.1037,66.4948,98.432,65.3138,71.11
40,VBD_npp_d20151003_t1733426_x1065807E_y023444N_l1042_s0230_v23,2017-06-01 16:11:27,2.344408,106.580711,8.78987,2015-10-03 17:33:42,2015-10-04 00:33:42,1042,230,0.27488,1,2529,0.280363,0.125235,0.556516,0.4,0.769879,0.75,0.0126521,0.0001,2.34771e-52,999999,2.871110e-01,3,Indonesian Exclusive Economic Zone,WPP711,,SVDNB_npp_d20151003_t1731466_e1737270_b20378_c20151003233728467558_noaa_ops.h5,GDNBO_npp_d20151003_t1731466_e1737270_b20378_c20151003233728467298_noaa_ops.h5,SVI04_npp_d20151003_t1731466_e1737270_b20378_c20151003233728541959_noaa_ops.dspace_rad,VNFF_npp_d20151003_t1731466_e1737270_b20378_v21.csv,World_EEZ_v8_2014.shp,WPP_BFAR_merge.shp,KKP_IDN_merge_20161208.shp,VNF-VBD_npp_20120301-20151231_global_asia-enhanced_c201607211230.bitmask,NCEI_NGA.union.nga_lead2.add_2015ntl.mask,timezone.shp,VBD_platforms-recurring_2015_r20170330.shp,999999,VBD_bridges_c20160811.shp,9.202956;7.293124;4.987635;0.117751;-4.766567;-9.662423;-14.566307;-12.781590;-10.252750;-5.421471;-0.565886;4.309883,106.389061;120.204430;133.795395;132.636734;131.583801;130.626740;129.763702;115.696312;101.762085;103.094223;104.302101;105.397919,npp_d20151003_t1731466_e1737270_b20378,167.161,97.8858,66.4987,98.6049,65.3983,71.0335
41,VBD_npp_d20151003_t1733390_x1066206E_y024573N_l1023_s0231_v23,2017-06-01 16:11:27,2.457307,106.620560,5.58058,2015-10-03 17:33:39,2015-10-04 00:33:39,1023,231,0.278365,8,18593,0.14134,0.119659,0.638324,0.4,0.537537,0.75,0.0126999,0.0001,2.85322e-52,999999,3.396273e-01,3,Indonesian Exclusive Economic Zone,WPP711,,SVDNB_npp_d20151003_t1731466_e1737270_b20378_c20151003233728467558_noaa_ops.h5,GDNBO_npp_d20151003_t1731466_e1737270_b20378_c20151003233728467298_noaa_ops.h5,SVI04_npp_d20151003_t1731466_e1737270_b20378_c20151003233728541959_noaa_ops.dspace_rad,VNFF_npp_d20151003_t1731466_e1737270_b20378_v21.csv,World_EEZ_v8_2014.shp,WPP_BFAR_merge.shp,KKP_IDN_merge_20161208.shp,VNF-VBD_npp_20120301-20151231_global_asia-enhanced_c201607211230.bitmask,NCEI_NGA.union.nga_lead2.add_2015ntl.mask,timezone.shp,VBD_platforms-recurring_2015_r20170330.shp,0.506317,VBD_bridges_c20160811.shp,9.202956;7.293124;4.987635;0.117751;-4.766567;-9.662423;-14.566307;-12.781590;-10.252750;-5.421471;-0.565886;4.309883,106.389061;120.204430;133.795395;132.636734;131.583801;130.626740;129.763702;115.696312;101.762085;103.094223;104.302101;105.397919,npp_d20151003_t1731466_e1737270_b20378,167.151,97.3815,66.4784,98.1421,65.3371,71.0816
42,VBD_npp_d20151003_t1733408_x1066201E_y024510N_l1025_s0232_v23,2017-06-01 16:11:27,2.451015,106.620064,7.69251,2015-10-03 17:33:40,2015-10-04 00:33:40,1025,232,0.270683,8,18913,0.261463,0.138472,0.638324,0.4,0.762581,0.75,0.0126994,0.0001,4.13576e-52,999999,1.624326e-01,3,Indonesian Exclusive Economic Zone,WPP711,,SVDNB_npp_d20151003_t1731466_e1737270_b20378_c20151003233728467558_noaa_ops.h5,GDNBO_npp_d20151003_t1731466_e1737270_b20378_c20151003233728467298_noaa_ops.h5,SVI04_npp_d20151003_t1731466_e1737270_b20378_c20151003233728541959_noaa_ops.dspace_rad,VNFF_npp_d20151003_t1731466_e1737270_b20378_v21.csv,World_EEZ_v8_2014.shp,WPP_BFAR_merge.shp,KKP_IDN_merge_20161208.shp,VNF-VBD_npp_20120301-20151231_global_asia-enhanced_c201607211230.bitmask,NCEI_NGA.union.nga_lead2.add_2015ntl.mask,timezone.shp,VBD_platforms-recurring_2015_r20170330.shp,0.981262,VBD_bridges_c20160811.shp,9.202956;7.293124;4.987635;0.117751;-4.766567;-9.662423;-14.566307;-12.781590;-10.252750;-5.421471;-0.565886;4.309883,106.389061;120.204430;133.795395;132.636734;131.583801;130.626740;129.763702;115.696312;101.762085;103.094223;104.302101;105.397919,npp_d20151003_t1731466_e1737270_b20378,167.143,97.4053,66.4585,98.6149,65.3328,71.078
43,VBD_npp_d20151003_t1733426_x1065911E_y022718N_l1052_s0233_v23,2017-06-01 16:11:27,2.271803,106.591103,6.51225,2015-10-03 17:33:42,2015-10-04 00:33:42,1052,233,0.287043,10,2433,0.213332,0.154403,0.394862,0.4,0.571193,0.75,0.0126412,0.0001,2.514e-52,999999,1.238378e-02,3,Indonesian Exclusive Economic Zone,WPP711,,SVDNB_npp_d20151003_t1731466_e1737270_b20378_c20151003233728467558_noaa_ops.h5,GDNBO_npp_d20151003_t1731466_e1737270_b20378_c20151003233728467298_noaa_ops.h5,SVI04_npp_d20151003_t1731466_e1737270_b20378_c20151003233728541959_noaa_ops.dspace_rad,VNFF_npp_d20151003_t1731466_e1737270_b20378_v21.csv,World_EEZ_v8_2014.shp,WPP_BFAR_merge.shp,KKP_IDN_merge_20161208.shp,VNF-VBD_npp_20120301-20151231_global_asia-enhanced_c201607211230.bitmask,NCEI_NGA.union.nga_lead2.add_2015ntl.mask,timezone.shp,VBD_platforms-recurring_2015_r20170330.shp,999999,VBD_bridges_c20160811.shp,9.202956;7.293124;4.987635;0.117751;-4.766567;-9.662423;-14.566307;-12.781590;-10.252750;-5.421471;-0.565886;4.309883,106.389061;120.204430;133.795395;132.636734;131.583801;130.626740;129.763702;115.696312;101.762085;103.094223;104.302101;105.397919,npp_d20151003_t1731466_e1737270_b20378,167.14,98.1951,66.4459,98.2834,65.4122,70.9996
44,VBD_npp_d20151003_t1733408_x1066277E_y024073N_l1031_s0234_v23,2017-06-01 16:11:27,2.407261,106.627716,7.60874,2015-10-03 17:33:40,2015-10-04 00:33:40,1031,234,0.274595,2,2465,0.228306,0.172783,0.538694,0.4,0.633717,0.75,0.0126937,0.0001,4.43102e-52,999999,-1.607344e-01,3,Indonesian Exclusive Economic Zone,WPP711,,SVDNB_npp_d20151003_t1731466_e1737270_b20378_c20151003233728467558_noaa_ops.h5,GDNBO_npp_d20151003_t1731466_e1737270_b20378_c20151003233728467298_noaa_ops.h5,SVI04_npp_d20151003_t1731466_e1737270_b20378_c20151003233728541959_noaa_ops.dspace_rad,VNFF_npp_d20151003_t1731466_e1737270_b20378_v21.csv,World_EEZ_v8_2014.shp,WPP_BFAR_merge.shp,KKP_IDN_merge_20161208.shp,VNF-VBD_npp_20120301-20151231_global_asia-enhanced_c201607211230.bitmask,NCEI_NGA.union.nga_lead2.add_2015ntl.mask,timezone.shp,VBD_platforms-recurring_2015_r20170330.shp,999999,VBD_bridges_c20160811.shp,9.202956;7.293124;4.987635;0.117751;-4.766567;-9.662423;-14.566307;-12.781590;-10.252750;-5.421471;-0.565886;4.309883,106.389061;120.204430;133.795395;132.636734;131.583801;130.626740;129.763702;115.696312;101.762085;103.094223;104.302101;105.397919,npp_d20151003_t1731466_e1737270_b20378,167.13,97.5912,66.423,98.4221,65.3398,71.0574
45,VBD_npp_d20151003_t1733390_x1066837E_y024481N_l1023_s0240_v23,2017-06-01 16:11:27,2.448118,106.683701,16.5077,2015-10-03 17:33:39,2015-10-04 00:33:39,1023,240,0.273599,1,2529,0.426639,0.136685,0.668385,0.4,0.787334,0.75,0.0127364,0.0001,9.5025e-52,999999,1.792690e-01,3,Indonesian Exclusive Economic Zone,WPP711,,SVDNB_npp_d20151003_t1731466_e1737270_b20378_c20151003233728467558_noaa_ops.h5,GDNBO_npp_d20151003_t1731466_e1737270_b20378_c20151003233728467298_noaa_ops.h5,SVI04_npp_d20151003_t1731466_e1737270_b20378_c20151003233728541959_noaa_ops.dspace_rad,VNFF_npp_d20151003_t1731466_e1737270_b20378_v21.csv,World_EEZ_v8_2014.shp,WPP_BFAR_merge.shp,KKP_IDN_merge_20161208.shp,VNF-VBD_npp_20120301-20151231_global_asia-enhanced_c201607211230.bitmask,NCEI_NGA.union.nga_lead2.add_2015ntl.mask,timezone.shp,VBD_platforms-recurring_2015_r20170330.shp,999999,VBD_bridges_c20160811.shp,9.202956;7.293124;4.987635;0.117751;-4.766567;-9.662423;-14.566307;-12.781590;-10.252750;-5.421471;-0.565886;4.309883,106.389061;120.204430;133.795395;132.636734;131.583801;130.626740;129.763702;115.696312;101.762085;103.094223;104.302101;105.397919,npp_d20151003_t1731466_e1737270_b20378,167.087,97.3886,66.3168,98.1445,65.28,71.0703
46,VBD_npp_d20151003_t1733408_x1066708E_y024079N_l1030_s0240_v23,2017-06-01 16:11:27,2.407904,106.670769,9.06257,2015-10-03 17:33:40,2015-10-04 00:33:40,1030,240,0.269616,2,2465,0.288901,0.180704,0.645976,0.4,0.712852,0.75,0.0127203,0.0001,1.01856e-51,999999,-2.353328e-01,3,Indonesian Exclusive Economic Zone,WPP711,,SVDNB_npp_d20151003_t1731466_e1737270_b20378_c20151003233728467558_noaa_ops.h5,GDNBO_npp_d20151003_t1731466_e1737270_b20378_c20151003233728467298_noaa_ops.h5,SVI04_npp_d20151003_t1731466_e1737270_b20378_c20151003233728541959_noaa_ops.dspace_rad,VNFF_npp_d20151003_t1731466_e1737270_b20378_v21.csv,World_EEZ_v8_2014.shp,WPP_BFAR_merge.shp,KKP_IDN_merge_20161208.shp,VNF-VBD_npp_20120301-20151231_global_asia-enhanced_c201607211230.bitmask,NCEI_NGA.union.nga_lead2.add_2015ntl.mask,timezone.shp,VBD_platforms-recurring_2015_r20170330.shp,999999,VBD_bridges_c20160811.shp,9.202956;7.293124;4.987635;0.117751;-4.766567;-9.662423;-14.566307;-12.781590;-10.252750;-5.421471;-0.565886;4.309883,106.389061;120.204430;133.795395;132.636734;131.583801;130.626740;129.763702;115.696312;101.762085;103.094223;104.302101;105.397919,npp_d20151003_t1731466_e1737270_b20378,167.087,97.5654,66.3153,98.4561,65.2986,71.0528
47,VBD_npp_d20151003_t1733301_x1068540E_y030146N_l0934_s0247_v23,2017-06-01 16:11:27,3.014555,106.854004,6.39909,2015-10-03 17:33:30,2015-10-04 00:33:30,934,247,0.255247,8,18849,0.243748,0.17714,0.516476,0.4,0.713803,0.75,0.0129669,0.0001,9.75053e-51,999999,-2.017725e-01,3,Indonesian Exclusive Economic Zone,WPP711,,SVDNB_npp_d20151003_t1731466_e1737270_b20378_c20151003233728467558_noaa_ops.h5,GDNBO_npp_d20151003_t1731466_e1737270_b20378_c20151003233728467298_noaa_ops.h5,SVI04_npp_d20151003_t1731466_e1737270_b20378_c20151003233728541959_noaa_ops.dspace_rad,VNFF_npp_d20151003_t1731466_e1737270_b20378_v21.csv,World_EEZ_v8_2014.shp,WPP_BFAR_merge.shp,KKP_IDN_merge_20161208.shp,VNF-VBD_npp_20120301-20151231_global_asia-enhanced_c201607211230.bitmask,NCEI_NGA.union.nga_lead2.add_2015ntl.mask,timezone.shp,VBD_platforms-recurring_2015_r20170330.shp,0.229313,VBD_bridges_c20160811.shp,9.202956;7.293124;4.987635;0.117751;-4.766567;-9.662423;-14.566307;-12.781590;-10.252750;-5.421471;-0.565886;4.309883,106.389061;120.204430;133.795395;132.636734;131.583801;130.626740;129.763702;115.696312;101.762085;103.094223;104.302101;105.397919,npp_d20151003_t1731466_e1737270_b20378,167.015,94.8834,66.1904,98.3279,64.9679,71.3144
48,VBD_npp_d20151003_t1733141_x1070836E_y038900N_l0796_s0252_v23,2017-06-01 16:11:27,3.890020,107.083649,12.5476,2015-10-03 17:33:14,2015-10-04 00:33:14,796,252,0.238745,1,2529,0.428404,0.162758,0.617132,0.4,0.772903,0.75,0.013148,0.0001,1.08402e-49,999999,-6.630433e-02,3,Indonesian Exclusive Economic Zone,WPP711,,SVDNB_npp_d20151003_t1731466_e1737270_b20378_c20151003233728467558_noaa_ops.h5,GDNBO_npp_d20151003_t1731466_e1737270_b20378_c20151003233728467298_noaa_ops.h5,SVI04_npp_d20151003_t1731466_e1737270_b20378_c20151003233728541959_noaa_ops.dspace_rad,VNFF_npp_d20151003_t1731466_e1737270_b20378_v21.csv,World_EEZ_v8_2014.shp,WPP_BFAR_merge.shp,KKP_IDN_merge_20161208.shp,VNF-VBD_npp_20120301-20151231_global_asia-enhanced_c201607211230.bitmask,NCEI_NGA.union.nga_lead2.add_2015ntl.mask,timezone.shp,VBD_platforms-recurring_2015_r20170330.shp,999999,VBD_bridges_c20160811.shp,9.202956;7.293124;4.987635;0.117751;-4.766567;-9.662423;-14.566307;-12.781590;-10.252750;-5.421471;-0.565886;4.309883,106.389061;120.204430;133.795395;132.636734;131.583801;130.626740;129.763702;115.696312;101.762085;103.094223;104.302101;105.397919,npp_d20151003_t1731466_e1737270_b20378,166.898,91.0818,66.098,97.9456,64.5306,71.7057
49,VBD_npp_d20151003_t1734395_x1060736E_y010206S_l1562_s0266_v23,2017-06-01 16:11:27,-1.020621,106.073624,9.6513,2015-10-03 17:34:39,2015-10-04 00:34:39,1562,266,0.363509,1,2529,0.445345,0.155171,0.756395,0.4,0.887134,0.75,0.0117276,0.0001,7.89203e-54,999999,5.149907e-03,3,Indonesian Exclusive Economic Zone,WPP711,,SVDNB_npp_d20151003_t1731466_e1737270_b20378_c20151003233728467558_noaa_ops.h5,GDNBO_npp_d20151003_t1731466_e1737270_b20378_c20151003233728467298_noaa_ops.h5,SVI04_npp_d20151003_t1731466_e1737270_b20378_c20151003233728541959_noaa_ops.dspace_rad,VNFF_npp_d20151003_t1731466_e1737270_b20378_v21.csv,World_EEZ_v8_2014.shp,WPP_BFAR_merge.shp,KKP_IDN_merge_20161208.shp,VNF-VBD_npp_20120301-20151231_global_asia-enhanced_c201607211230.bitmask,NCEI_NGA.union.nga_lead2.add_2015ntl.mask,timezone.shp,VBD_platforms-recurring_2015_r20170330.shp,999999,VBD_bridges_c20160811.shp,9.202956;7.293124;4.987635;0.117751;-4.766567;-9.662423;-14.566307;-12.781590;-10.252750;-5.421471;-0.565886;4.309883,106.389061;120.204430;133.795395;132.636734;131.583801;130.626740;129.763702;115.696312;101.762085;103.094223;104.302101;105.397919,npp_d20151003_t1731466_e1737270_b20378,166.545,112.138,65.8636,99.0551,66.8035,69.6109
50,VBD_npp_d20151003_t1733159_x1072105E_y038080N_l0806_s0273_v23,2017-06-01 16:11:27,3.808046,107.210464,19.1324,2015-10-03 17:33:15,2015-10-04 00:33:15,806,273,0.302763,1,2529,0.519655,0.144943,0.673626,0.4,0.85569,0.75,0.0132269,0.0001,1.35022e-48,999999,7.967737e-02,3,Indonesian Exclusive Economic Zone,WPP711,,SVDNB_npp_d20151003_t1731466_e1737270_b20378_c20151003233728467558_noaa_ops.h5,GDNBO_npp_d20151003_t1731466_e1737270_b20378_c20151003233728467298_noaa_ops.h5,SVI04_npp_d20151003_t1731466_e1737270_b20378_c20151003233728541959_noaa_ops.dspace_rad,VNFF_npp_d20151003_t1731466_e1737270_b20378_v21.csv,World_EEZ_v8_2014.shp,WPP_BFAR_merge.shp,KKP_IDN_merge_20161208.shp,VNF-VBD_npp_20120301-20151231_global_asia-enhanced_c201607211230.bitmask,NCEI_NGA.union.nga_lead2.add_2015ntl.mask,timezone.shp,VBD_platforms-recurring_2015_r20170330.shp,999999,VBD_bridges_c20160811.shp,9.202956;7.293124;4.987635;0.117751;-4.766567;-9.662423;-14.566307;-12.781590;-10.252750;-5.421471;-0.565886;4.309883,106.389061;120.204430;133.795395;132.636734;131.583801;130.626740;129.763702;115.696312;101.762085;103.094223;104.302101;105.397919,npp_d20151003_t1731466_e1737270_b20378,166.763,91.4286,65.7255,98.1695,64.4287,71.6553
51,VBD_npp_d20151003_t1733177_x1072388E_y036708N_l0826_s0281_v23,2017-06-01 16:11:27,3.670763,107.238762,17.6924,2015-10-03 17:33:17,2015-10-04 00:33:17,826,281,0.228573,1,2529,0.507371,0.140001,0.705899,0.4,0.821282,0.75,0.0132454,0.0001,2.56399e-48,999999,1.269711e-01,3,Indonesian Exclusive Economic Zone,WPP711,,SVDNB_npp_d20151003_t1731466_e1737270_b20378_c20151003233728467558_noaa_ops.h5,GDNBO_npp_d20151003_t1731466_e1737270_b20378_c20151003233728467298_noaa_ops.h5,SVI04_npp_d20151003_t1731466_e1737270_b20378_c20151003233728541959_noaa_ops.dspace_rad,VNFF_npp_d20151003_t1731466_e1737270_b20378_v21.csv,World_EEZ_v8_2014.shp,WPP_BFAR_merge.shp,KKP_IDN_merge_20161208.shp,VNF-VBD_npp_20120301-20151231_global_asia-enhanced_c201607211230.bitmask,NCEI_NGA.union.nga_lead2.add_2015ntl.mask,timezone.shp,VBD_platforms-recurring_2015_r20170330.shp,999999,VBD_bridges_c20160811.shp,9.202956;7.293124;4.987635;0.117751;-4.766567;-9.662423;-14.566307;-12.781590;-10.252750;-5.421471;-0.565886;4.309883,106.389061;120.204430;133.795395;132.636734;131.583801;130.626740;129.763702;115.696312;101.762085;103.094223;104.302101;105.397919,npp_d20151003_t1731466_e1737270_b20378,166.723,92.0088,65.5828,98.0653,64.4385,71.5873
52,VBD_npp_d20151003_t1736014_x1050359E_y057732S_l2304_s0284_v23,2017-06-01 16:11:27,-5.773235,105.035858,6.16569,2015-10-03 17:36:01,2015-10-04 00:36:01,2304,284,0.347575,1,2529,0.349216,0.14571,0.723532,0.4,0.885319,0.75,0.0100953,0.0001,9.37394e-59,999999,9.426352e-02,3,Indonesian Exclusive Economic Zone,WPP572,,SVDNB_npp_d20151003_t1731466_e1737270_b20378_c20151003233728467558_noaa_ops.h5,GDNBO_npp_d20151003_t1731466_e1737270_b20378_c20151003233728467298_noaa_ops.h5,SVI04_npp_d20151003_t1731466_e1737270_b20378_c20151003233728541959_noaa_ops.dspace_rad,VNFF_npp_d20151003_t1731466_e1737270_b20378_v21.csv,World_EEZ_v8_2014.shp,WPP_BFAR_merge.shp,KKP_IDN_merge_20161208.shp,VNF-VBD_npp_20120301-20151231_global_asia-enhanced_c201607211230.bitmask,NCEI_NGA.union.nga_lead2.add_2015ntl.mask,timezone.shp,VBD_platforms-recurring_2015_r20170330.shp,999999,VBD_bridges_c20160811.shp,9.202956;7.293124;4.987635;0.117751;-4.766567;-9.662423;-14.566307;-12.781590;-10.252750;-5.421471;-0.565886;4.309883,106.389061;120.204430;133.795395;132.636734;131.583801;130.626740;129.763702;115.696312;101.762085;103.094223;104.302101;105.397919,npp_d20151003_t1731466_e1737270_b20378,164.683,129.554,65.5602,99.9098,69.2021,67.8905
53,VBD_npp_d20151003_t1736031_x1050352E_y057751S_l2305_s0285_v23,2017-06-01 16:11:27,-5.775075,105.035240,4.25489,2015-10-03 17:36:03,2015-10-04 00:36:03,2305,285,0.350065,2,2465,0.246547,0.152517,0.723532,0.4,0.535107,0.75,0.0100965,0.0001,1.54568e-58,999999,3.015376e-02,3,Indonesian Exclusive Economic Zone,WPP572,,SVDNB_npp_d20151003_t1731466_e1737270_b20378_c20151003233728467558_noaa_ops.h5,GDNBO_npp_d20151003_t1731466_e1737270_b20378_c20151003233728467298_noaa_ops.h5,SVI04_npp_d20151003_t1731466_e1737270_b20378_c20151003233728541959_noaa_ops.dspace_rad,VNFF_npp_d20151003_t1731466_e1737270_b20378_v21.csv,World_EEZ_v8_2014.shp,WPP_BFAR_merge.shp,KKP_IDN_merge_20161208.shp,VNF-VBD_npp_20120301-20151231_global_asia-enhanced_c201607211230.bitmask,NCEI_NGA.union.nga_lead2.add_2015ntl.mask,timezone.shp,VBD_platforms-recurring_2015_r20170330.shp,999999,VBD_bridges_c20160811.shp,9.202956;7.293124;4.987635;0.117751;-4.766567;-9.662423;-14.566307;-12.781590;-10.252750;-5.421471;-0.565886;4.309883,106.389061;120.204430;133.795395;132.636734;131.583801;130.626740;129.763702;115.696312;101.762085;103.094223;104.302101;105.397919,npp_d20151003_t1731466_e1737270_b20378,164.676,129.543,65.5412,100.416,69.1967,67.8882
54,VBD_npp_d20151003_t1736031_x1051171E_y057971S_l2306_s0297_v23,2017-06-01 16:11:27,-5.797081,105.117142,6.75145,2015-10-03 17:36:03,2015-10-04 00:36:03,2306,297,0.348287,8,18913,0.32808,0.145148,0.735647,0.4,0.815561,0.75,0.0101401,0.0001,9.82204e-58,999999,9.955335e-02,3,Indonesian Exclusive Economic Zone,WPP572,,SVDNB_npp_d20151003_t1731466_e1737270_b20378_c20151003233728467558_noaa_ops.h5,GDNBO_npp_d20151003_t1731466_e1737270_b20378_c20151003233728467298_noaa_ops.h5,SVI04_npp_d20151003_t1731466_e1737270_b20378_c20151003233728541959_noaa_ops.dspace_rad,VNFF_npp_d20151003_t1731466_e1737270_b20378_v21.csv,World_EEZ_v8_2014.shp,WPP_BFAR_merge.shp,KKP_IDN_merge_20161208.shp,VNF-VBD_npp_20120301-20151231_global_asia-enhanced_c201607211230.bitmask,NCEI_NGA.union.nga_lead2.add_2015ntl.mask,timezone.shp,VBD_platforms-recurring_2015_r20170330.shp,0.531882,VBD_bridges_c20160811.shp,9.202956;7.293124;4.987635;0.117751;-4.766567;-9.662423;-14.566307;-12.781590;-10.252750;-5.421471;-0.565886;4.309883,106.389061;120.204430;133.795395;132.636734;131.583801;130.626740;129.763702;115.696312;101.762085;103.094223;104.302101;105.397919,npp_d20151003_t1731466_e1737270_b20378,164.599,129.408,65.3202,100.376,69.1291,67.8596
55,VBD_npp_d20151003_t1735596_x1052573E_y056163S_l2275_s0310_v23,2017-06-01 16:11:27,-5.616260,105.257317,5.16756,2015-10-03 17:35:59,2015-10-04 00:35:59,2275,310,0.362584,2,2465,0.199791,0.148208,0.641919,0.4,0.714206,0.75,0.0102695,0.0001,1.31776e-56,999999,7.073154e-02,3,Indonesian Exclusive Economic Zone,WPP572,,SVDNB_npp_d20151003_t1731466_e1737270_b20378_c20151003233728467558_noaa_ops.h5,GDNBO_npp_d20151003_t1731466_e1737270_b20378_c20151003233728467298_noaa_ops.h5,SVI04_npp_d20151003_t1731466_e1737270_b20378_c20151003233728541959_noaa_ops.dspace_rad,VNFF_npp_d20151003_t1731466_e1737270_b20378_v21.csv,World_EEZ_v8_2014.shp,WPP_BFAR_merge.shp,KKP_IDN_merge_20161208.shp,VNF-VBD_npp_20120301-20151231_global_asia-enhanced_c201607211230.bitmask,NCEI_NGA.union.nga_lead2.add_2015ntl.mask,timezone.shp,VBD_platforms-recurring_2015_r20170330.shp,999999,VBD_bridges_c20160811.shp,9.202956;7.293124;4.987635;0.117751;-4.766567;-9.662423;-14.566307;-12.781590;-10.252750;-5.421471;-0.565886;4.309883,106.389061;120.204430;133.795395;132.636734;131.583801;130.626740;129.763702;115.696312;101.762085;103.094223;104.302101;105.397919,npp_d20151003_t1731466_e1737270_b20378,164.616,128.6,65.0799,100.288,68.9439,67.8953
56,VBD_npp_d20151003_t1735596_x1052498E_y056564S_l2281_s0310_v23,2017-06-01 16:11:27,-5.656415,105.249832,4.8845,2015-10-03 17:35:59,2015-10-04 00:35:59,2281,310,0.358103,8,18593,0.186793,0.141961,0.621266,0.4,0.610097,0.75,0.0102543,0.0001,1.01616e-56,999999,1.295709e-01,3,Indonesian Exclusive Economic Zone,WPP572,,SVDNB_npp_d20151003_t1731466_e1737270_b20378_c20151003233728467558_noaa_ops.h5,GDNBO_npp_d20151003_t1731466_e1737270_b20378_c20151003233728467298_noaa_ops.h5,SVI04_npp_d20151003_t1731466_e1737270_b20378_c20151003233728541959_noaa_ops.dspace_rad,VNFF_npp_d20151003_t1731466_e1737270_b20378_v21.csv,World_EEZ_v8_2014.shp,WPP_BFAR_merge.shp,KKP_IDN_merge_20161208.shp,VNF-VBD_npp_20120301-20151231_global_asia-enhanced_c201607211230.bitmask,NCEI_NGA.union.nga_lead2.add_2015ntl.mask,timezone.shp,VBD_platforms-recurring_2015_r20170330.shp,0.829379,VBD_bridges_c20160811.shp,9.202956;7.293124;4.987635;0.117751;-4.766567;-9.662423;-14.566307;-12.781590;-10.252750;-5.421471;-0.565886;4.309883,106.389061;120.204430;133.795395;132.636734;131.583801;130.626740;129.763702;115.696312;101.762085;103.094223;104.302101;105.397919,npp_d20151003_t1731466_e1737270_b20378,164.597,128.731,65.0805,100.093,68.9661,67.8822
57,VBD_npp_d20151003_t1736014_x1052290E_y057382S_l2294_s0310_v23,2017-06-01 16:11:27,-5.738233,105.229042,13.7936,2015-10-03 17:36:01,2015-10-04 00:36:01,2294,310,0.356182,1,2529,0.518778,0.18442,0.743362,0.4,0.884207,0.75,0.0102209,0.0001,8.72625e-57,999999,-2.703400e-01,3,Indonesian Exclusive Economic Zone,WPP572,,SVDNB_npp_d20151003_t1731466_e1737270_b20378_c20151003233728467558_noaa_ops.h5,GDNBO_npp_d20151003_t1731466_e1737270_b20378_c20151003233728467298_noaa_ops.h5,SVI04_npp_d20151003_t1731466_e1737270_b20378_c20151003233728541959_noaa_ops.dspace_rad,VNFF_npp_d20151003_t1731466_e1737270_b20378_v21.csv,World_EEZ_v8_2014.shp,WPP_BFAR_merge.shp,KKP_IDN_merge_20161208.shp,VNF-VBD_npp_20120301-20151231_global_asia-enhanced_c201607211230.bitmask,NCEI_NGA.union.nga_lead2.add_2015ntl.mask,timezone.shp,VBD_platforms-recurring_2015_r20170330.shp,999999,VBD_bridges_c20160811.shp,9.202956;7.293124;4.987635;0.117751;-4.766567;-9.662423;-14.566307;-12.781590;-10.252750;-5.421471;-0.565886;4.309883,106.389061;120.204430;133.795395;132.636734;131.583801;130.626740;129.763702;115.696312;101.762085;103.094223;104.302101;105.397919,npp_d20151003_t1731466_e1737270_b20378,164.556,128.994,65.0767,100.215,69.0097,67.8551
58,VBD_npp_d20151003_t1735596_x1052555E_y056643S_l2282_s0311_v23,2017-06-01 16:11:27,-5.664345,105.255501,6.52945,2015-10-03 17:35:59,2015-10-04 00:35:59,2282,311,0.359525,7,18849,0.248768,0.152474,0.626826,0.4,0.687332,0.75,0.0102556,0.0001,1.13428e-56,999999,3.055711e-02,3,,,,SVDNB_npp_d20151003_t1731466_e1737270_b20378_c20151003233728467558_noaa_ops.h5,GDNBO_npp_d20151003_t1731466_e1737270_b20378_c20151003233728467298_noaa_ops.h5,SVI04_npp_d20151003_t1731466_e1737270_b20378_c20151003233728541959_noaa_ops.dspace_rad,VNFF_npp_d20151003_t1731466_e1737270_b20378_v21.csv,World_EEZ_v8_2014.shp,WPP_BFAR_merge.shp,KKP_IDN_merge_20161208.shp,VNF-VBD_npp_20120301-20151231_global_asia-enhanced_c201607211230.bitmask,NCEI_NGA.union.nga_lead2.add_2015ntl.mask,timezone.shp,VBD_platforms-recurring_2015_r20170330.shp,0.25268,VBD_bridges_c20160811.shp,9.202956;7.293124;4.987635;0.117751;-4.766567;-9.662423;-14.566307;-12.781590;-10.252750;-5.421471;-0.565886;4.309883,106.389061;120.204430;133.795395;132.636734;131.583801;130.626740;129.763702;115.696312;101.762085;103.094223;104.302101;105.397919,npp_d20151003_t1731466_e1737270_b20378,164.588,128.74,65.062,100.06,68.9638,67.8778
59,VBD_npp_d20151003_t1735596_x1052637E_y056589S_l2281_s0312_v23,2017-06-01 16:11:27,-5.658893,105.263657,6.51854,2015-10-03 17:35:59,2015-10-04 00:35:59,2281,312,0.358103,2,2465,0.249989,0.166712,0.626826,0.4,0.715527,0.75,0.010262,0.0001,1.3811e-56,999999,-1.035493e-01,3,Indonesian Exclusive Economic Zone,WPP572,,SVDNB_npp_d20151003_t1731466_e1737270_b20378_c20151003233728467558_noaa_ops.h5,GDNBO_npp_d20151003_t1731466_e1737270_b20378_c20151003233728467298_noaa_ops.h5,SVI04_npp_d20151003_t1731466_e1737270_b20378_c20151003233728541959_noaa_ops.dspace_rad,VNFF_npp_d20151003_t1731466_e1737270_b20378_v21.csv,World_EEZ_v8_2014.shp,WPP_BFAR_merge.shp,KKP_IDN_merge_20161208.shp,VNF-VBD_npp_20120301-20151231_global_asia-enhanced_c201607211230.bitmask,NCEI_NGA.union.nga_lead2.add_2015ntl.mask,timezone.shp,VBD_platforms-recurring_2015_r20170330.shp,999999,VBD_bridges_c20160811.shp,9.202956;7.293124;4.987635;0.117751;-4.766567;-9.662423;-14.566307;-12.781590;-10.252750;-5.421471;-0.565886;4.309883,106.389061;120.204430;133.795395;132.636734;131.583801;130.626740;129.763702;115.696312;101.762085;103.094223;104.302101;105.397919,npp_d20151003_t1731466_e1737270_b20378,164.585,128.706,65.0432,100.092,68.9542,67.8778
60,VBD_npp_d20151003_t1736014_x1052478E_y057140S_l2290_s0312_v23,2017-06-01 16:11:27,-5.713985,105.247833,5.2358,2015-10-03 17:36:01,2015-10-04 00:36:01,2290,312,0.358672,7,2209,0.193622,0.167508,0.701217,0.4,0.729022,0.75,0.0102389,0.0001,1.41045e-56,999999,-1.110492e-01,3,,,,SVDNB_npp_d20151003_t1731466_e1737270_b20378_c20151003233728467558_noaa_ops.h5,GDNBO_npp_d20151003_t1731466_e1737270_b20378_c20151003233728467298_noaa_ops.h5,SVI04_npp_d20151003_t1731466_e1737270_b20378_c20151003233728541959_noaa_ops.dspace_rad,VNFF_npp_d20151003_t1731466_e1737270_b20378_v21.csv,World_EEZ_v8_2014.shp,WPP_BFAR_merge.shp,KKP_IDN_merge_20161208.shp,VNF-VBD_npp_20120301-20151231_global_asia-enhanced_c201607211230.bitmask,NCEI_NGA.union.nga_lead2.add_2015ntl.mask,timezone.shp,VBD_platforms-recurring_2015_r20170330.shp,999999,VBD_bridges_c20160811.shp,9.202956;7.293124;4.987635;0.117751;-4.766567;-9.662423;-14.566307;-12.781590;-10.252750;-5.421471;-0.565886;4.309883,106.389061;120.204430;133.795395;132.636734;131.583801;130.626740;129.763702;115.696312;101.762085;103.094223;104.302101;105.397919,npp_d20151003_t1731466_e1737270_b20378,164.557,128.881,65.0391,100.344,68.9831,67.8595
61,VBD_npp_d20151003_t1736014_x1052510E_y058112S_l2304_s0315_v23,2017-06-01 16:11:27,-5.811237,105.251015,4.25325,2015-10-03 17:36:01,2015-10-04 00:36:01,2304,315,0.357676,1,2529,0.246375,0.155367,0.667424,0.4,0.818739,0.75,0.0102146,0.0001,1.21334e-56,999999,3.303101e-03,3,Indonesian Exclusive Economic Zone,WPP572,,SVDNB_npp_d20151003_t1731466_e1737270_b20378_c20151003233728467558_noaa_ops.h5,GDNBO_npp_d20151003_t1731466_e1737270_b20378_c20151003233728467298_noaa_ops.h5,SVI04_npp_d20151003_t1731466_e1737270_b20378_c20151003233728541959_noaa_ops.dspace_rad,VNFF_npp_d20151003_t1731466_e1737270_b20378_v21.csv,World_EEZ_v8_2014.shp,WPP_BFAR_merge.shp,KKP_IDN_merge_20161208.shp,VNF-VBD_npp_20120301-20151231_global_asia-enhanced_c201607211230.bitmask,NCEI_NGA.union.nga_lead2.add_2015ntl.mask,timezone.shp,VBD_platforms-recurring_2015_r20170330.shp,999999,VBD_bridges_c20160811.shp,9.202956;7.293124;4.987635;0.117751;-4.766567;-9.662423;-14.566307;-12.781590;-10.252750;-5.421471;-0.565886;4.309883,106.389061;120.204430;133.795395;132.636734;131.583801;130.626740;129.763702;115.696312;101.762085;103.094223;104.302101;105.397919,npp_d20151003_t1731466_e1737270_b20378,164.493,129.147,64.9853,99.8866,69.017,67.8225
62,VBD_npp_d20151003_t1736031_x1052506E_y058146S_l2305_s0316_v23,2017-06-01 16:11:27,-5.814607,105.250603,5.6171,2015-10-03 17:36:03,2015-10-04 00:36:03,2305,316,0.356467,1,2529,0.293645,0.147605,0.667424,0.4,0.830153,0.75,0.0102159,0.0001,1.96833e-56,999999,7.640993e-02,3,Indonesian Exclusive Economic Zone,WPP572,,SVDNB_npp_d20151003_t1731466_e1737270_b20378_c20151003233728467558_noaa_ops.h5,GDNBO_npp_d20151003_t1731466_e1737270_b20378_c20151003233728467298_noaa_ops.h5,SVI04_npp_d20151003_t1731466_e1737270_b20378_c20151003233728541959_noaa_ops.dspace_rad,VNFF_npp_d20151003_t1731466_e1737270_b20378_v21.csv,World_EEZ_v8_2014.shp,WPP_BFAR_merge.shp,KKP_IDN_merge_20161208.shp,VNF-VBD_npp_20120301-20151231_global_asia-enhanced_c201607211230.bitmask,NCEI_NGA.union.nga_lead2.add_2015ntl.mask,timezone.shp,VBD_platforms-recurring_2015_r20170330.shp,999999,VBD_bridges_c20160811.shp,9.202956;7.293124;4.987635;0.117751;-4.766567;-9.662423;-14.566307;-12.781590;-10.252750;-5.421471;-0.565886;4.309883,106.389061;120.204430;133.795395;132.636734;131.583801;130.626740;129.763702;115.696312;101.762085;103.094223;104.302101;105.397919,npp_d20151003_t1731466_e1737270_b20378,164.486,129.14,64.9654,100.395,69.0123,67.8196
63,VBD_npp_d20151003_t1735596_x1053080E_y056875S_l2284_s0319_v23,2017-06-01 16:11:27,-5.687510,105.308044,25.425,2015-10-03 17:35:59,2015-10-04 00:35:59,2284,319,0.361446,2,2465,0.315313,0.193459,0.70563,0.4,0.647819,0.75,0.0102813,0.0001,3.5124e-56,999999,-3.554679e-01,3,Indonesian Exclusive Economic Zone,WPP572,,SVDNB_npp_d20151003_t1731466_e1737270_b20378_c20151003233728467558_noaa_ops.h5,GDNBO_npp_d20151003_t1731466_e1737270_b20378_c20151003233728467298_noaa_ops.h5,SVI04_npp_d20151003_t1731466_e1737270_b20378_c20151003233728541959_noaa_ops.dspace_rad,VNFF_npp_d20151003_t1731466_e1737270_b20378_v21.csv,World_EEZ_v8_2014.shp,WPP_BFAR_merge.shp,KKP_IDN_merge_20161208.shp,VNF-VBD_npp_20120301-20151231_global_asia-enhanced_c201607211230.bitmask,NCEI_NGA.union.nga_lead2.add_2015ntl.mask,timezone.shp,VBD_platforms-recurring_2015_r20170330.shp,999999,VBD_bridges_c20160811.shp,9.202956;7.293124;4.987635;0.117751;-4.766567;-9.662423;-14.566307;-12.781590;-10.252750;-5.421471;-0.565886;4.309883,106.389061;120.204430;133.795395;132.636734;131.583801;130.626740;129.763702;115.696312;101.762085;103.094223;104.302101;105.397919,npp_d20151003_t1731466_e1737270_b20378,164.532,128.682,64.9136,99.9895,68.9239,67.856
64,VBD_npp_d20151003_t1735596_x1053055E_y057008S_l2286_s0319_v23,2017-06-01 16:11:27,-5.700840,105.305550,21.3593,2015-10-03 17:35:59,2015-10-04 00:35:59,2286,319,0.35981,2,2465,0.290383,0.177801,0.70563,0.4,0.606178,0.75,0.0102762,0.0001,3.22037e-56,999999,-2.079984e-01,3,Indonesian Exclusive Economic Zone,WPP572,,SVDNB_npp_d20151003_t1731466_e1737270_b20378_c20151003233728467558_noaa_ops.h5,GDNBO_npp_d20151003_t1731466_e1737270_b20378_c20151003233728467298_noaa_ops.h5,SVI04_npp_d20151003_t1731466_e1737270_b20378_c20151003233728541959_noaa_ops.dspace_rad,VNFF_npp_d20151003_t1731466_e1737270_b20378_v21.csv,World_EEZ_v8_2014.shp,WPP_BFAR_merge.shp,KKP_IDN_merge_20161208.shp,VNF-VBD_npp_20120301-20151231_global_asia-enhanced_c201607211230.bitmask,NCEI_NGA.union.nga_lead2.add_2015ntl.mask,timezone.shp,VBD_platforms-recurring_2015_r20170330.shp,999999,VBD_bridges_c20160811.shp,9.202956;7.293124;4.987635;0.117751;-4.766567;-9.662423;-14.566307;-12.781590;-10.252750;-5.421471;-0.565886;4.309883,106.389061;120.204430;133.795395;132.636734;131.583801;130.626740;129.763702;115.696312;101.762085;103.094223;104.302101;105.397919,npp_d20151003_t1731466_e1737270_b20378,164.526,128.726,64.914,99.9244,68.9312,67.8517
65,VBD_npp_d20151003_t1735596_x1053030E_y057142S_l2288_s0319_v23,2017-06-01 16:11:27,-5.714170,105.303040,10.9316,2015-10-03 17:35:59,2015-10-04 00:35:59,2288,319,0.360877,7,2465,0.205156,0.170787,0.714423,0.4,0.657667,0.75,0.0102711,0.0001,2.95125e-56,999999,-1.419339e-01,3,,,,SVDNB_npp_d20151003_t1731466_e1737270_b20378_c20151003233728467558_noaa_ops.h5,GDNBO_npp_d20151003_t1731466_e1737270_b20378_c20151003233728467298_noaa_ops.h5,SVI04_npp_d20151003_t1731466_e1737270_b20378_c20151003233728541959_noaa_ops.dspace_rad,VNFF_npp_d20151003_t1731466_e1737270_b20378_v21.csv,World_EEZ_v8_2014.shp,WPP_BFAR_merge.shp,KKP_IDN_merge_20161208.shp,VNF-VBD_npp_20120301-20151231_global_asia-enhanced_c201607211230.bitmask,NCEI_NGA.union.nga_lead2.add_2015ntl.mask,timezone.shp,VBD_platforms-recurring_2015_r20170330.shp,999999,VBD_bridges_c20160811.shp,9.202956;7.293124;4.987635;0.117751;-4.766567;-9.662423;-14.566307;-12.781590;-10.252750;-5.421471;-0.565886;4.309883,106.389061;120.204430;133.795395;132.636734;131.583801;130.626740;129.763702;115.696312;101.762085;103.094223;104.302101;105.397919,npp_d20151003_t1731466_e1737270_b20378,164.519,128.769,64.9145,99.8593,68.9386,67.8474
66,VBD_npp_d20151003_t1735596_x1053111E_y057087S_l2287_s0320_v23,2017-06-01 16:11:27,-5.708714,105.311142,14.9553,2015-10-03 17:35:59,2015-10-04 00:35:59,2287,320,0.358672,7,2465,0.219565,0.156465,0.714423,0.4,0.725374,0.75,0.0102775,0.0001,3.58522e-56,999999,-7.031630e-03,3,,,,SVDNB_npp_d20151003_t1731466_e1737270_b20378_c20151003233728467558_noaa_ops.h5,GDNBO_npp_d20151003_t1731466_e1737270_b20378_c20151003233728467298_noaa_ops.h5,SVI04_npp_d20151003_t1731466_e1737270_b20378_c20151003233728541959_noaa_ops.dspace_rad,VNFF_npp_d20151003_t1731466_e1737270_b20378_v21.csv,World_EEZ_v8_2014.shp,WPP_BFAR_merge.shp,KKP_IDN_merge_20161208.shp,VNF-VBD_npp_20120301-20151231_global_asia-enhanced_c201607211230.bitmask,NCEI_NGA.union.nga_lead2.add_2015ntl.mask,timezone.shp,VBD_platforms-recurring_2015_r20170330.shp,999999,VBD_bridges_c20160811.shp,9.202956;7.293124;4.987635;0.117751;-4.766567;-9.662423;-14.566307;-12.781590;-10.252750;-5.421471;-0.565886;4.309883,106.389061;120.204430;133.795395;132.636734;131.583801;130.626740;129.763702;115.696312;101.762085;103.094223;104.302101;105.397919,npp_d20151003_t1731466_e1737270_b20378,164.517,128.735,64.8957,99.8911,68.929,67.8474
67,VBD_npp_d20151003_t1736014_x1053040E_y057174S_l2289_s0320_v23,2017-06-01 16:11:27,-5.717353,105.304024,16.753,2015-10-03 17:36:01,2015-10-04 00:36:01,2289,320,0.355542,1,2529,0.440807,0.163585,0.714423,0.4,0.81757,0.75,0.0102724,0.0001,4.95441e-56,999999,-7.410078e-02,3,Indonesian Exclusive Economic Zone,WPP572,,SVDNB_npp_d20151003_t1731466_e1737270_b20378_c20151003233728467558_noaa_ops.h5,GDNBO_npp_d20151003_t1731466_e1737270_b20378_c20151003233728467298_noaa_ops.h5,SVI04_npp_d20151003_t1731466_e1737270_b20378_c20151003233728541959_noaa_ops.dspace_rad,VNFF_npp_d20151003_t1731466_e1737270_b20378_v21.csv,World_EEZ_v8_2014.shp,WPP_BFAR_merge.shp,KKP_IDN_merge_20161208.shp,VNF-VBD_npp_20120301-20151231_global_asia-enhanced_c201607211230.bitmask,NCEI_NGA.union.nga_lead2.add_2015ntl.mask,timezone.shp,VBD_platforms-recurring_2015_r20170330.shp,999999,VBD_bridges_c20160811.shp,9.202956;7.293124;4.987635;0.117751;-4.766567;-9.662423;-14.566307;-12.781590;-10.252750;-5.421471;-0.565886;4.309883,106.389061;120.204430;133.795395;132.636734;131.583801;130.626740;129.763702;115.696312;101.762085;103.094223;104.302101;105.397919,npp_d20151003_t1731466_e1737270_b20378,164.511,128.758,64.8903,100.371,68.9323,67.8441
68,VBD_npp_d20151003_t1733319_x1073396E_y028379N_l0950_s0321_v23,2017-06-01 16:11:27,2.837935,107.339584,10.8543,2015-10-03 17:33:31,2015-10-04 00:33:31,950,321,0.236398,1,2529,0.39535,0.137311,0.689047,0.4,0.793238,0.75,0.0132322,0.0001,7.0334e-47,999999,1.527122e-01,3,Indonesian Exclusive Economic Zone,WPP711,,SVDNB_npp_d20151003_t1731466_e1737270_b20378_c20151003233728467558_noaa_ops.h5,GDNBO_npp_d20151003_t1731466_e1737270_b20378_c20151003233728467298_noaa_ops.h5,SVI04_npp_d20151003_t1731466_e1737270_b20378_c20151003233728541959_noaa_ops.dspace_rad,VNFF_npp_d20151003_t1731466_e1737270_b20378_v21.csv,World_EEZ_v8_2014.shp,WPP_BFAR_merge.shp,KKP_IDN_merge_20161208.shp,VNF-VBD_npp_20120301-20151231_global_asia-enhanced_c201607211230.bitmask,NCEI_NGA.union.nga_lead2.add_2015ntl.mask,timezone.shp,VBD_platforms-recurring_2015_r20170330.shp,999999,VBD_bridges_c20160811.shp,9.202956;7.293124;4.987635;0.117751;-4.766567;-9.662423;-14.566307;-12.781590;-10.252750;-5.421471;-0.565886;4.309883,106.389061;120.204430;133.795395;132.636734;131.583801;130.626740;129.763702;115.696312;101.762085;103.094223;104.302101;105.397919,npp_d20151003_t1731466_e1737270_b20378,166.509,95.4675,64.846,98.3797,64.5558,71.1801
69,VBD_npp_d20151003_t1735596_x1053163E_y057189S_l2288_s0321_v23,2017-06-01 16:11:27,-5.718927,105.316292,6.29527,2015-10-03 17:35:59,2015-10-04 00:35:59,2288,321,0.355542,7,2209,0.160207,0.150524,0.714423,0.4,0.515589,0.75,0.0102788,0.0001,3.92992e-56,999999,4.891725e-02,3,,,,SVDNB_npp_d20151003_t1731466_e1737270_b20378_c20151003233728467558_noaa_ops.h5,GDNBO_npp_d20151003_t1731466_e1737270_b20378_c20151003233728467298_noaa_ops.h5,SVI04_npp_d20151003_t1731466_e1737270_b20378_c20151003233728541959_noaa_ops.dspace_rad,VNFF_npp_d20151003_t1731466_e1737270_b20378_v21.csv,World_EEZ_v8_2014.shp,WPP_BFAR_merge.shp,KKP_IDN_merge_20161208.shp,VNF-VBD_npp_20120301-20151231_global_asia-enhanced_c201607211230.bitmask,NCEI_NGA.union.nga_lead2.add_2015ntl.mask,timezone.shp,VBD_platforms-recurring_2015_r20170330.shp,999999,VBD_bridges_c20160811.shp,9.202956;7.293124;4.987635;0.117751;-4.766567;-9.662423;-14.566307;-12.781590;-10.252750;-5.421471;-0.565886;4.309883,106.389061;120.204430;133.795395;132.636734;131.583801;130.626740;129.763702;115.696312;101.762085;103.094223;104.302101;105.397919,npp_d20151003_t1731466_e1737270_b20378,164.506,128.751,64.8775,99.8463,68.9281,67.8422
70,VBD_npp_d20151003_t1735596_x1053258E_y057062S_l2286_s0322_v23,2017-06-01 16:11:27,-5.706192,105.325752,13.3408,2015-10-03 17:35:59,2015-10-04 00:35:59,2286,322,0.364149,1,2529,0.42095,0.17139,0.70563,0.4,0.797581,0.75,0.0102878,0.0001,5.00287e-56,999999,-1.476069e-01,3,Indonesian Exclusive Economic Zone,WPP572,,SVDNB_npp_d20151003_t1731466_e1737270_b20378_c20151003233728467558_noaa_ops.h5,GDNBO_npp_d20151003_t1731466_e1737270_b20378_c20151003233728467298_noaa_ops.h5,SVI04_npp_d20151003_t1731466_e1737270_b20378_c20151003233728541959_noaa_ops.dspace_rad,VNFF_npp_d20151003_t1731466_e1737270_b20378_v21.csv,World_EEZ_v8_2014.shp,WPP_BFAR_merge.shp,KKP_IDN_merge_20161208.shp,VNF-VBD_npp_20120301-20151231_global_asia-enhanced_c201607211230.bitmask,NCEI_NGA.union.nga_lead2.add_2015ntl.mask,timezone.shp,VBD_platforms-recurring_2015_r20170330.shp,999999,VBD_bridges_c20160811.shp,9.202956;7.293124;4.987635;0.117751;-4.766567;-9.662423;-14.566307;-12.781590;-10.252750;-5.421471;-0.565886;4.309883,106.389061;120.204430;133.795395;132.636734;131.583801;130.626740;129.763702;115.696312;101.762085;103.094223;104.302101;105.397919,npp_d20151003_t1731466_e1737270_b20378,164.507,128.693,64.8584,99.9138,68.9145,67.8446
71,VBD_npp_d20151003_t1736014_x1053168E_y057245S_l2290_s0322_v23,2017-06-01 16:11:27,-5.724475,105.316811,11.8877,2015-10-03 17:36:01,2015-10-04 00:36:01,2290,322,0.358601,1,2529,0.417417,0.175786,0.714423,0.4,0.824022,0.75,0.0102775,0.0001,6.4929e-56,999999,-1.890162e-01,3,Indonesian Exclusive Economic Zone,WPP572,,SVDNB_npp_d20151003_t1731466_e1737270_b20378_c20151003233728467558_noaa_ops.h5,GDNBO_npp_d20151003_t1731466_e1737270_b20378_c20151003233728467298_noaa_ops.h5,SVI04_npp_d20151003_t1731466_e1737270_b20378_c20151003233728541959_noaa_ops.dspace_rad,VNFF_npp_d20151003_t1731466_e1737270_b20378_v21.csv,World_EEZ_v8_2014.shp,WPP_BFAR_merge.shp,KKP_IDN_merge_20161208.shp,VNF-VBD_npp_20120301-20151231_global_asia-enhanced_c201607211230.bitmask,NCEI_NGA.union.nga_lead2.add_2015ntl.mask,timezone.shp,VBD_platforms-recurring_2015_r20170330.shp,999999,VBD_bridges_c20160811.shp,9.202956;7.293124;4.987635;0.117751;-4.766567;-9.662423;-14.566307;-12.781590;-10.252750;-5.421471;-0.565886;4.309883,106.389061;120.204430;133.795395;132.636734;131.583801;130.626740;129.763702;115.696312;101.762085;103.094223;104.302101;105.397919,npp_d20151003_t1731466_e1737270_b20378,164.497,128.748,64.8532,100.347,68.9231,67.8382
72,VBD_npp_d20151003_t1732136_x1083096E_y073466N_l0247_s0323_v23,2017-06-01 16:11:27,7.346633,108.309608,17.3653,2015-10-03 17:32:13,2015-10-04 00:32:13,247,323,0.0695244,4,100741,0.271216,0.136835,0.346705,0.4,0.608406,0.75,0.0144531,0.0001,2.20966e-43,999999,1.572657e-01,3,Vietnamese Exclusive Economic Zone,WPP711,,SVDNB_npp_d20151003_t1731466_e1737270_b20378_c20151003233728467558_noaa_ops.h5,GDNBO_npp_d20151003_t1731466_e1737270_b20378_c20151003233728467298_noaa_ops.h5,SVI04_npp_d20151003_t1731466_e1737270_b20378_c20151003233728541959_noaa_ops.dspace_rad,VNFF_npp_d20151003_t1731466_e1737270_b20378_v21.csv,World_EEZ_v8_2014.shp,WPP_BFAR_merge.shp,KKP_IDN_merge_20161208.shp,VNF-VBD_npp_20120301-20151231_global_asia-enhanced_c201607211230.bitmask,NCEI_NGA.union.nga_lead2.add_2015ntl.mask,timezone.shp,VBD_platforms-recurring_2015_r20170330.shp,999999,VBD_bridges_c20160811.shp,9.202956;7.293124;4.987635;0.117751;-4.766567;-9.662423;-14.566307;-12.781590;-10.252750;-5.421471;-0.565886;4.309883,106.389061;120.204430;133.795395;132.636734;131.583801;130.626740;129.763702;115.696312;101.762085;103.094223;104.302101;105.397919,npp_d20151003_t1731466_e1737270_b20378,165.58,77.49,64.7998,97.4653,62.544,73.354
73,VBD_npp_d20151003_t1736031_x1053016E_y058431S_l2308_s0324_v23,2017-06-01 16:11:27,-5.843140,105.301628,6.56763,2015-10-03 17:36:03,2015-10-04 00:36:03,2308,324,0.342952,8,18913,0.333625,0.177467,0.694721,0.4,0.871303,0.75,0.0102391,0.0001,5.84661e-56,999999,-2.048511e-01,3,Indonesian Exclusive Economic Zone,WPP572,,SVDNB_npp_d20151003_t1731466_e1737270_b20378_c20151003233728467558_noaa_ops.h5,GDNBO_npp_d20151003_t1731466_e1737270_b20378_c20151003233728467298_noaa_ops.h5,SVI04_npp_d20151003_t1731466_e1737270_b20378_c20151003233728541959_noaa_ops.dspace_rad,VNFF_npp_d20151003_t1731466_e1737270_b20378_v21.csv,World_EEZ_v8_2014.shp,WPP_BFAR_merge.shp,KKP_IDN_merge_20161208.shp,VNF-VBD_npp_20120301-20151231_global_asia-enhanced_c201607211230.bitmask,NCEI_NGA.union.nga_lead2.add_2015ntl.mask,timezone.shp,VBD_platforms-recurring_2015_r20170330.shp,0.325098,VBD_bridges_c20160811.shp,9.202956;7.293124;4.987635;0.117751;-4.766567;-9.662423;-14.566307;-12.781590;-10.252750;-5.421471;-0.565886;4.309883,106.389061;120.204430;133.795395;132.636734;131.583801;130.626740;129.763702;115.696312;101.762085;103.094223;104.302101;105.397919,npp_d20151003_t1731466_e1737270_b20378,164.428,129.099,64.817,100.299,68.9756,67.796
74,VBD_npp_d20151003_t1735596_x1053673E_y056345S_l2275_s0326_v23,2017-06-01 16:11:27,-5.634467,105.367302,14.863,2015-10-03 17:35:59,2015-10-04 00:35:59,2275,326,0.357178,1,2529,0.433855,0.127008,0.712628,0.4,0.75156,0.75,0.0103314,0.0001,1.48451e-55,999999,2.704162e-01,3,Indonesian Exclusive Economic Zone,WPP572,,SVDNB_npp_d20151003_t1731466_e1737270_b20378_c20151003233728467558_noaa_ops.h5,GDNBO_npp_d20151003_t1731466_e1737270_b20378_c20151003233728467298_noaa_ops.h5,SVI04_npp_d20151003_t1731466_e1737270_b20378_c20151003233728541959_noaa_ops.dspace_rad,VNFF_npp_d20151003_t1731466_e1737270_b20378_v21.csv,World_EEZ_v8_2014.shp,WPP_BFAR_merge.shp,KKP_IDN_merge_20161208.shp,VNF-VBD_npp_20120301-20151231_global_asia-enhanced_c201607211230.bitmask,NCEI_NGA.union.nga_lead2.add_2015ntl.mask,timezone.shp,VBD_platforms-recurring_2015_r20170330.shp,999999,VBD_bridges_c20160811.shp,9.202956;7.293124;4.987635;0.117751;-4.766567;-9.662423;-14.566307;-12.781590;-10.252750;-5.421471;-0.565886;4.309883,106.389061;120.204430;133.795395;132.636734;131.583801;130.626740;129.763702;115.696312;101.762085;103.094223;104.302101;105.397919,npp_d20151003_t1731466_e1737270_b20378,164.519,128.394,64.7826,100.286,68.8488,67.8611
75,VBD_npp_d20151003_t1735578_x1053843E_y056169S_l2271_s0327_v23,2017-06-01 16:11:27,-5.616947,105.384285,13.4643,2015-10-03 17:35:57,2015-10-04 00:35:57,2271,327,0.353622,1,2529,0.418255,0.138847,0.703059,0.4,0.827541,0.75,0.0103454,0.0001,1.36697e-55,999999,1.589029e-01,3,Indonesian Exclusive Economic Zone,WPP572,,SVDNB_npp_d20151003_t1731466_e1737270_b20378_c20151003233728467558_noaa_ops.h5,GDNBO_npp_d20151003_t1731466_e1737270_b20378_c20151003233728467298_noaa_ops.h5,SVI04_npp_d20151003_t1731466_e1737270_b20378_c20151003233728541959_noaa_ops.dspace_rad,VNFF_npp_d20151003_t1731466_e1737270_b20378_v21.csv,World_EEZ_v8_2014.shp,WPP_BFAR_merge.shp,KKP_IDN_merge_20161208.shp,VNF-VBD_npp_20120301-20151231_global_asia-enhanced_c201607211230.bitmask,NCEI_NGA.union.nga_lead2.add_2015ntl.mask,timezone.shp,VBD_platforms-recurring_2015_r20170330.shp,999999,VBD_bridges_c20160811.shp,9.202956;7.293124;4.987635;0.117751;-4.766567;-9.662423;-14.566307;-12.781590;-10.252750;-5.421471;-0.565886;4.309883,106.389061;120.204430;133.795395;132.636734;131.583801;130.626740;129.763702;115.696312;101.762085;103.094223;104.302101;105.397919,npp_d20151003_t1731466_e1737270_b20378,164.523,128.322,64.7663,99.8541,68.833,67.8652
76,VBD_npp_d20151003_t1735596_x1053728E_y056427S_l2276_s0327_v23,2017-06-01 16:11:27,-5.642658,105.372803,25.608,2015-10-03 17:35:59,2015-10-04 00:35:59,2276,327,0.361588,1,2529,0.303812,0.133951,0.7349,0.4,0.763825,0.75,0.0103327,0.0001,1.64721e-55,999999,2.050211e-01,3,Indonesian Exclusive Economic Zone,WPP572,,SVDNB_npp_d20151003_t1731466_e1737270_b20378_c20151003233728467558_noaa_ops.h5,GDNBO_npp_d20151003_t1731466_e1737270_b20378_c20151003233728467298_noaa_ops.h5,SVI04_npp_d20151003_t1731466_e1737270_b20378_c20151003233728541959_noaa_ops.dspace_rad,VNFF_npp_d20151003_t1731466_e1737270_b20378_v21.csv,World_EEZ_v8_2014.shp,WPP_BFAR_merge.shp,KKP_IDN_merge_20161208.shp,VNF-VBD_npp_20120301-20151231_global_asia-enhanced_c201607211230.bitmask,NCEI_NGA.union.nga_lead2.add_2015ntl.mask,timezone.shp,VBD_platforms-recurring_2015_r20170330.shp,999999,VBD_bridges_c20160811.shp,9.202956;7.293124;4.987635;0.117751;-4.766567;-9.662423;-14.566307;-12.781590;-10.252750;-5.421471;-0.565886;4.309883,106.389061;120.204430;133.795395;132.636734;131.583801;130.626740;129.763702;115.696312;101.762085;103.094223;104.302101;105.397919,npp_d20151003_t1731466_e1737270_b20378,164.51,128.404,64.7642,100.251,68.8468,67.8566
77,VBD_npp_d20151003_t1735596_x1053809E_y056369S_l2275_s0328_v23,2017-06-01 16:11:27,-5.636933,105.380875,18.3634,2015-10-03 17:35:59,2015-10-04 00:35:59,2275,328,0.355258,1,2529,0.354162,0.117334,0.7349,0.4,0.780255,0.75,0.0103391,0.0001,1.99487e-55,999999,3.615259e-01,3,Indonesian Exclusive Economic Zone,WPP572,,SVDNB_npp_d20151003_t1731466_e1737270_b20378_c20151003233728467558_noaa_ops.h5,GDNBO_npp_d20151003_t1731466_e1737270_b20378_c20151003233728467298_noaa_ops.h5,SVI04_npp_d20151003_t1731466_e1737270_b20378_c20151003233728541959_noaa_ops.dspace_rad,VNFF_npp_d20151003_t1731466_e1737270_b20378_v21.csv,World_EEZ_v8_2014.shp,WPP_BFAR_merge.shp,KKP_IDN_merge_20161208.shp,VNF-VBD_npp_20120301-20151231_global_asia-enhanced_c201607211230.bitmask,NCEI_NGA.union.nga_lead2.add_2015ntl.mask,timezone.shp,VBD_platforms-recurring_2015_r20170330.shp,999999,VBD_bridges_c20160811.shp,9.202956;7.293124;4.987635;0.117751;-4.766567;-9.662423;-14.566307;-12.781590;-10.252750;-5.421471;-0.565886;4.309883,106.389061;120.204430;133.795395;132.636734;131.583801;130.626740;129.763702;115.696312;101.762085;103.094223;104.302101;105.397919,npp_d20151003_t1731466_e1737270_b20378,164.507,128.369,64.7456,100.285,68.8372,67.8568
78,VBD_npp_d20151003_t1735596_x1053783E_y056508S_l2277_s0328_v23,2017-06-01 16:11:27,-5.650842,105.378304,23.8467,2015-10-03 17:35:59,2015-10-04 00:35:59,2277,328,0.359525,7,2465,0.261603,0.137455,0.7349,0.4,0.548235,0.75,0.010334,0.0001,1.82718e-55,999999,1.720141e-01,3,,,,SVDNB_npp_d20151003_t1731466_e1737270_b20378_c20151003233728467558_noaa_ops.h5,GDNBO_npp_d20151003_t1731466_e1737270_b20378_c20151003233728467298_noaa_ops.h5,SVI04_npp_d20151003_t1731466_e1737270_b20378_c20151003233728541959_noaa_ops.dspace_rad,VNFF_npp_d20151003_t1731466_e1737270_b20378_v21.csv,World_EEZ_v8_2014.shp,WPP_BFAR_merge.shp,KKP_IDN_merge_20161208.shp,VNF-VBD_npp_20120301-20151231_global_asia-enhanced_c201607211230.bitmask,NCEI_NGA.union.nga_lead2.add_2015ntl.mask,timezone.shp,VBD_platforms-recurring_2015_r20170330.shp,999999,VBD_bridges_c20160811.shp,9.202956;7.293124;4.987635;0.117751;-4.766567;-9.662423;-14.566307;-12.781590;-10.252750;-5.421471;-0.565886;4.309883,106.389061;120.204430;133.795395;132.636734;131.583801;130.626740;129.763702;115.696312;101.762085;103.094223;104.302101;105.397919,npp_d20151003_t1731466_e1737270_b20378,164.5,128.415,64.7457,100.217,68.8448,67.8522
79,VBD_npp_d20151003_t1735596_x1053679E_y057065S_l2285_s0328_v23,2017-06-01 16:11:27,-5.706463,105.367935,14.5388,2015-10-03 17:35:59,2015-10-04 00:35:59,2285,328,0.356253,1,2529,0.530587,0.171096,0.791475,0.4,0.8617,0.75,0.0103135,0.0001,1.28055e-55,999999,-1.448440e-01,3,Indonesian Exclusive Economic Zone,WPP572,,SVDNB_npp_d20151003_t1731466_e1737270_b20378_c20151003233728467558_noaa_ops.h5,GDNBO_npp_d20151003_t1731466_e1737270_b20378_c20151003233728467298_noaa_ops.h5,SVI04_npp_d20151003_t1731466_e1737270_b20378_c20151003233728541959_noaa_ops.dspace_rad,VNFF_npp_d20151003_t1731466_e1737270_b20378_v21.csv,World_EEZ_v8_2014.shp,WPP_BFAR_merge.shp,KKP_IDN_merge_20161208.shp,VNF-VBD_npp_20120301-20151231_global_asia-enhanced_c201607211230.bitmask,NCEI_NGA.union.nga_lead2.add_2015ntl.mask,timezone.shp,VBD_platforms-recurring_2015_r20170330.shp,999999,VBD_bridges_c20160811.shp,9.202956;7.293124;4.987635;0.117751;-4.766567;-9.662423;-14.566307;-12.781590;-10.252750;-5.421471;-0.565886;4.309883,106.389061;120.204430;133.795395;132.636734;131.583801;130.626740;129.763702;115.696312;101.762085;103.094223;104.302101;105.397919,npp_d20151003_t1731466_e1737270_b20378,164.474,128.596,64.747,99.9436,68.8755,67.8339
80,VBD_npp_d20151003_t1735596_x1053838E_y056590S_l2278_s0329_v23,2017-06-01 16:11:27,-5.659018,105.383789,17.3483,2015-10-03 17:35:59,2015-10-04 00:35:59,2278,329,0.363936,7,2465,0.285433,0.144848,0.7349,0.4,0.498622,0.75,0.0103353,0.0001,2.02631e-55,999999,1.023771e-01,3,,,,SVDNB_npp_d20151003_t1731466_e1737270_b20378_c20151003233728467558_noaa_ops.h5,GDNBO_npp_d20151003_t1731466_e1737270_b20378_c20151003233728467298_noaa_ops.h5,SVI04_npp_d20151003_t1731466_e1737270_b20378_c20151003233728541959_noaa_ops.dspace_rad,VNFF_npp_d20151003_t1731466_e1737270_b20378_v21.csv,World_EEZ_v8_2014.shp,WPP_BFAR_merge.shp,KKP_IDN_merge_20161208.shp,VNF-VBD_npp_20120301-20151231_global_asia-enhanced_c201607211230.bitmask,NCEI_NGA.union.nga_lead2.add_2015ntl.mask,timezone.shp,VBD_platforms-recurring_2015_r20170330.shp,999999,VBD_bridges_c20160811.shp,9.202956;7.293124;4.987635;0.117751;-4.766567;-9.662423;-14.566307;-12.781590;-10.252750;-5.421471;-0.565886;4.309883,106.389061;120.204430;133.795395;132.636734;131.583801;130.626740;129.763702;115.696312;101.762085;103.094223;104.302101;105.397919,npp_d20151003_t1731466_e1737270_b20378,164.491,128.425,64.7273,100.182,68.8428,67.8477
81,VBD_npp_d20151003_t1735596_x1053880E_y056741S_l2280_s0330_v23,2017-06-01 16:11:27,-5.674133,105.387985,13.7472,2015-10-03 17:35:59,2015-10-04 00:35:59,2280,330,0.357747,1,2529,0.446679,0.148332,0.767716,0.4,0.811658,0.75,0.0103341,0.0001,2.14939e-55,999999,6.956276e-02,3,Indonesian Exclusive Economic Zone,WPP572,,SVDNB_npp_d20151003_t1731466_e1737270_b20378_c20151003233728467558_noaa_ops.h5,GDNBO_npp_d20151003_t1731466_e1737270_b20378_c20151003233728467298_noaa_ops.h5,SVI04_npp_d20151003_t1731466_e1737270_b20378_c20151003233728541959_noaa_ops.dspace_rad,VNFF_npp_d20151003_t1731466_e1737270_b20378_v21.csv,World_EEZ_v8_2014.shp,WPP_BFAR_merge.shp,KKP_IDN_merge_20161208.shp,VNF-VBD_npp_20120301-20151231_global_asia-enhanced_c201607211230.bitmask,NCEI_NGA.union.nga_lead2.add_2015ntl.mask,timezone.shp,VBD_platforms-recurring_2015_r20170330.shp,999999,VBD_bridges_c20160811.shp,9.202956;7.293124;4.987635;0.117751;-4.766567;-9.662423;-14.566307;-12.781590;-10.252750;-5.421471;-0.565886;4.309883,106.389061;120.204430;133.795395;132.636734;131.583801;130.626740;129.763702;115.696312;101.762085;103.094223;104.302101;105.397919,npp_d20151003_t1731466_e1737270_b20378,164.478,128.458,64.7091,100.113,68.8447,67.841
82,VBD_npp_d20151003_t1735596_x1053854E_y056880S_l2282_s0330_v23,2017-06-01 16:11:27,-5.688026,105.385391,9.95644,2015-10-03 17:35:59,2015-10-04 00:35:59,2282,330,0.356822,1,2529,0.360809,0.169988,0.767716,0.4,0.802982,0.75,0.010329,0.0001,1.96716e-55,999999,-1.344013e-01,3,Indonesian Exclusive Economic Zone,WPP572,,SVDNB_npp_d20151003_t1731466_e1737270_b20378_c20151003233728467558_noaa_ops.h5,GDNBO_npp_d20151003_t1731466_e1737270_b20378_c20151003233728467298_noaa_ops.h5,SVI04_npp_d20151003_t1731466_e1737270_b20378_c20151003233728541959_noaa_ops.dspace_rad,VNFF_npp_d20151003_t1731466_e1737270_b20378_v21.csv,World_EEZ_v8_2014.shp,WPP_BFAR_merge.shp,KKP_IDN_merge_20161208.shp,VNF-VBD_npp_20120301-20151231_global_asia-enhanced_c201607211230.bitmask,NCEI_NGA.union.nga_lead2.add_2015ntl.mask,timezone.shp,VBD_platforms-recurring_2015_r20170330.shp,999999,VBD_bridges_c20160811.shp,9.202956;7.293124;4.987635;0.117751;-4.766567;-9.662423;-14.566307;-12.781590;-10.252750;-5.421471;-0.565886;4.309883,106.389061;120.204430;133.795395;132.636734;131.583801;130.626740;129.763702;115.696312;101.762085;103.094223;104.302101;105.397919,npp_d20151003_t1731466_e1737270_b20378,164.472,128.503,64.7094,100.045,68.8523,67.8365
83,VBD_npp_d20151003_t1735596_x1053883E_y057101S_l2285_s0331_v23,2017-06-01 16:11:27,-5.710064,105.388268,11.6056,2015-10-03 17:35:59,2015-10-04 00:35:59,2285,331,0.360166,1,2529,0.426144,0.166864,0.797771,0.4,0.804943,0.75,0.0103251,0.0001,1.99407e-55,999999,-1.049815e-01,3,Indonesian Exclusive Economic Zone,WPP572,,SVDNB_npp_d20151003_t1731466_e1737270_b20378_c20151003233728467558_noaa_ops.h5,GDNBO_npp_d20151003_t1731466_e1737270_b20378_c20151003233728467298_noaa_ops.h5,SVI04_npp_d20151003_t1731466_e1737270_b20378_c20151003233728541959_noaa_ops.dspace_rad,VNFF_npp_d20151003_t1731466_e1737270_b20378_v21.csv,World_EEZ_v8_2014.shp,WPP_BFAR_merge.shp,KKP_IDN_merge_20161208.shp,VNF-VBD_npp_20120301-20151231_global_asia-enhanced_c201607211230.bitmask,NCEI_NGA.union.nga_lead2.add_2015ntl.mask,timezone.shp,VBD_platforms-recurring_2015_r20170330.shp,999999,VBD_bridges_c20160811.shp,9.202956;7.293124;4.987635;0.117751;-4.766567;-9.662423;-14.566307;-12.781590;-10.252750;-5.421471;-0.565886;4.309883,106.389061;120.204430;133.795395;132.636734;131.583801;130.626740;129.763702;115.696312;101.762085;103.094223;104.302101;105.397919,npp_d20151003_t1731466_e1737270_b20378,164.456,128.558,64.6915,99.9415,68.8581,67.8275
84,VBD_npp_d20151003_t1735596_x1053963E_y057043S_l2284_s0332_v23,2017-06-01 16:11:27,-5.704321,105.396332,9.55361,2015-10-03 17:35:59,2015-10-04 00:35:59,2284,332,0.362869,1,2529,0.380032,0.151777,0.797771,0.4,0.786998,0.75,0.0103316,0.0001,2.41495e-55,999999,3.711967e-02,3,Indonesian Exclusive Economic Zone,WPP572,,SVDNB_npp_d20151003_t1731466_e1737270_b20378_c20151003233728467558_noaa_ops.h5,GDNBO_npp_d20151003_t1731466_e1737270_b20378_c20151003233728467298_noaa_ops.h5,SVI04_npp_d20151003_t1731466_e1737270_b20378_c20151003233728541959_noaa_ops.dspace_rad,VNFF_npp_d20151003_t1731466_e1737270_b20378_v21.csv,World_EEZ_v8_2014.shp,WPP_BFAR_merge.shp,KKP_IDN_merge_20161208.shp,VNF-VBD_npp_20120301-20151231_global_asia-enhanced_c201607211230.bitmask,NCEI_NGA.union.nga_lead2.add_2015ntl.mask,timezone.shp,VBD_platforms-recurring_2015_r20170330.shp,999999,VBD_bridges_c20160811.shp,9.202956;7.293124;4.987635;0.117751;-4.766567;-9.662423;-14.566307;-12.781590;-10.252750;-5.421471;-0.565886;4.309883,106.389061;120.204430;133.795395;132.636734;131.583801;130.626740;129.763702;115.696312;101.762085;103.094223;104.302101;105.397919,npp_d20151003_t1731466_e1737270_b20378,164.453,128.523,64.6728,99.9749,68.8484,67.8276
85,VBD_npp_d20151003_t1735596_x1054457E_y056630S_l2277_s0338_v23,2017-06-01 16:11:27,-5.663024,105.445717,8.76275,2015-10-03 17:35:59,2015-10-04 00:35:59,2277,338,0.328868,1,2529,0.311979,0.155711,0.743986,0.4,0.78742,0.75,0.0103726,0.0001,7.86145e-55,999999,6.524710e-05,3,Indonesian Exclusive Economic Zone,WPP572,,SVDNB_npp_d20151003_t1731466_e1737270_b20378_c20151003233728467558_noaa_ops.h5,GDNBO_npp_d20151003_t1731466_e1737270_b20378_c20151003233728467298_noaa_ops.h5,SVI04_npp_d20151003_t1731466_e1737270_b20378_c20151003233728541959_noaa_ops.dspace_rad,VNFF_npp_d20151003_t1731466_e1737270_b20378_v21.csv,World_EEZ_v8_2014.shp,WPP_BFAR_merge.shp,KKP_IDN_merge_20161208.shp,VNF-VBD_npp_20120301-20151231_global_asia-enhanced_c201607211230.bitmask,NCEI_NGA.union.nga_lead2.add_2015ntl.mask,timezone.shp,VBD_platforms-recurring_2015_r20170330.shp,999999,VBD_bridges_c20160811.shp,9.202956;7.293124;4.987635;0.117751;-4.766567;-9.662423;-14.566307;-12.781590;-10.252750;-5.421471;-0.565886;4.309883,106.389061;120.204430;133.795395;132.636734;131.583801;130.626740;129.763702;115.696312;101.762085;103.094223;104.302101;105.397919,npp_d20151003_t1731466_e1737270_b20378,164.44,128.292,64.5611,100.21,68.7869,67.8307
86,VBD_npp_d20151003_t1735596_x1054553E_y056862S_l2280_s0340_v23,2017-06-01 16:11:27,-5.686196,105.455261,8.95063,2015-10-03 17:35:59,2015-10-04 00:35:59,2280,340,0.365998,2,2465,0.330812,0.163871,0.782673,0.4,0.497455,0.75,0.0103727,0.0001,9.20487e-55,999999,-7.678817e-02,3,Indonesian Exclusive Economic Zone,WPP572,,SVDNB_npp_d20151003_t1731466_e1737270_b20378_c20151003233728467558_noaa_ops.h5,GDNBO_npp_d20151003_t1731466_e1737270_b20378_c20151003233728467298_noaa_ops.h5,SVI04_npp_d20151003_t1731466_e1737270_b20378_c20151003233728541959_noaa_ops.dspace_rad,VNFF_npp_d20151003_t1731466_e1737270_b20378_v21.csv,World_EEZ_v8_2014.shp,WPP_BFAR_merge.shp,KKP_IDN_merge_20161208.shp,VNF-VBD_npp_20120301-20151231_global_asia-enhanced_c201607211230.bitmask,NCEI_NGA.union.nga_lead2.add_2015ntl.mask,timezone.shp,VBD_platforms-recurring_2015_r20170330.shp,999999,VBD_bridges_c20160811.shp,9.202956;7.293124;4.987635;0.117751;-4.766567;-9.662423;-14.566307;-12.781590;-10.252750;-5.421471;-0.565886;4.309883,106.389061;120.204430;133.795395;132.636734;131.583801;130.626740;129.763702;115.696312;101.762085;103.094223;104.302101;105.397919,npp_d20151003_t1731466_e1737270_b20378,164.418,128.336,64.5246,100.106,68.7869,67.8196
87,VBD_npp_d20151003_t1735596_x1054699E_y056817S_l2279_s0342_v23,2017-06-01 16:11:27,-5.681681,105.469910,15.1659,2015-10-03 17:35:59,2015-10-04 00:35:59,2279,342,0.358814,1,2529,0.506321,0.147482,0.782673,0.4,0.869803,0.75,0.010383,0.0001,1.28107e-54,999999,7.757476e-02,3,Indonesian Exclusive Economic Zone,WPP572,,SVDNB_npp_d20151003_t1731466_e1737270_b20378_c20151003233728467558_noaa_ops.h5,GDNBO_npp_d20151003_t1731466_e1737270_b20378_c20151003233728467298_noaa_ops.h5,SVI04_npp_d20151003_t1731466_e1737270_b20378_c20151003233728541959_noaa_ops.dspace_rad,VNFF_npp_d20151003_t1731466_e1737270_b20378_v21.csv,World_EEZ_v8_2014.shp,WPP_BFAR_merge.shp,KKP_IDN_merge_20161208.shp,VNF-VBD_npp_20120301-20151231_global_asia-enhanced_c201607211230.bitmask,NCEI_NGA.union.nga_lead2.add_2015ntl.mask,timezone.shp,VBD_platforms-recurring_2015_r20170330.shp,999999,VBD_bridges_c20160811.shp,9.202956;7.293124;4.987635;0.117751;-4.766567;-9.662423;-14.566307;-12.781590;-10.252750;-5.421471;-0.565886;4.309883,106.389061;120.204430;133.795395;132.636734;131.583801;130.626740;129.763702;115.696312;101.762085;103.094223;104.302101;105.397919,npp_d20151003_t1731466_e1737270_b20378,164.41,128.289,64.4877,100.139,68.7716,67.8176
88,VBD_npp_d20151003_t1736174_x1052384E_y067281S_l2442_s0347_v23,2017-06-01 16:11:27,-6.728087,105.238441,10.197,2015-10-03 17:36:17,2015-10-04 00:36:17,2442,347,0.36045,1,2529,0.493631,0.150337,0.795889,0.4,0.828426,0.75,0.0100717,0.0001,1.10334e-55,999999,5.067962e-02,3,Indonesian Exclusive Economic Zone,WPP572,,SVDNB_npp_d20151003_t1731466_e1737270_b20378_c20151003233728467558_noaa_ops.h5,GDNBO_npp_d20151003_t1731466_e1737270_b20378_c20151003233728467298_noaa_ops.h5,SVI04_npp_d20151003_t1731466_e1737270_b20378_c20151003233728541959_noaa_ops.dspace_rad,VNFF_npp_d20151003_t1731466_e1737270_b20378_v21.csv,World_EEZ_v8_2014.shp,WPP_BFAR_merge.shp,KKP_IDN_merge_20161208.shp,VNF-VBD_npp_20120301-20151231_global_asia-enhanced_c201607211230.bitmask,NCEI_NGA.union.nga_lead2.add_2015ntl.mask,timezone.shp,VBD_platforms-recurring_2015_r20170330.shp,999999,VBD_bridges_c20160811.shp,9.202956;7.293124;4.987635;0.117751;-4.766567;-9.662423;-14.566307;-12.781590;-10.252750;-5.421471;-0.565886;4.309883,106.389061;120.204430;133.795395;132.636734;131.583801;130.626740;129.763702;115.696312;101.762085;103.094223;104.302101;105.397919,npp_d20151003_t1731466_e1737270_b20378,163.858,131.484,64.3967,100.263,69.3198,67.4711
89,VBD_npp_d20151003_t1735596_x1055486E_y057242S_l2283_s0354_v23,2017-06-01 16:11:27,-5.724229,105.548584,9.02606,2015-10-03 17:35:59,2015-10-04 00:35:59,2283,354,0.359454,1,2529,0.32366,0.214888,0.657553,0.4,0.778483,0.75,0.0104191,0.0001,6.43836e-54,999999,-5.573096e-01,3,,,,SVDNB_npp_d20151003_t1731466_e1737270_b20378_c20151003233728467558_noaa_ops.h5,GDNBO_npp_d20151003_t1731466_e1737270_b20378_c20151003233728467298_noaa_ops.h5,SVI04_npp_d20151003_t1731466_e1737270_b20378_c20151003233728541959_noaa_ops.dspace_rad,VNFF_npp_d20151003_t1731466_e1737270_b20378_v21.csv,World_EEZ_v8_2014.shp,WPP_BFAR_merge.shp,KKP_IDN_merge_20161208.shp,VNF-VBD_npp_20120301-20151231_global_asia-enhanced_c201607211230.bitmask,NCEI_NGA.union.nga_lead2.add_2015ntl.mask,timezone.shp,VBD_platforms-recurring_2015_r20170330.shp,999999,VBD_bridges_c20160811.shp,9.202956;7.293124;4.987635;0.117751;-4.766567;-9.662423;-14.566307;-12.781590;-10.252750;-5.421471;-0.565886;4.309883,106.389061;120.204430;133.795395;132.636734;131.583801;130.626740;129.763702;115.696312;101.762085;103.094223;104.302101;105.397919,npp_d20151003_t1731466_e1737270_b20378,164.322,128.227,64.2565,99.9935,68.7148,67.7817
90,VBD_npp_d20151003_t1736174_x1052944E_y067027S_l2437_s0354_v23,2017-06-01 16:11:27,-6.702731,105.294441,4.66582,2015-10-03 17:36:17,2015-10-04 00:36:17,2437,354,0.356396,1,2529,0.27776,0.161594,0.749259,0.4,0.788005,0.75,0.0101043,0.0001,4.08391e-55,999999,-5.534767e-02,3,Indonesian Exclusive Economic Zone,WPP572,,SVDNB_npp_d20151003_t1731466_e1737270_b20378_c20151003233728467558_noaa_ops.h5,GDNBO_npp_d20151003_t1731466_e1737270_b20378_c20151003233728467298_noaa_ops.h5,SVI04_npp_d20151003_t1731466_e1737270_b20378_c20151003233728541959_noaa_ops.dspace_rad,VNFF_npp_d20151003_t1731466_e1737270_b20378_v21.csv,World_EEZ_v8_2014.shp,WPP_BFAR_merge.shp,KKP_IDN_merge_20161208.shp,VNF-VBD_npp_20120301-20151231_global_asia-enhanced_c201607211230.bitmask,NCEI_NGA.union.nga_lead2.add_2015ntl.mask,timezone.shp,VBD_platforms-recurring_2015_r20170330.shp,999999,VBD_bridges_c20160811.shp,9.202956;7.293124;4.987635;0.117751;-4.766567;-9.662423;-14.566307;-12.781590;-10.252750;-5.421471;-0.565886;4.309883,106.389061;120.204430;133.795395;132.636734;131.583801;130.626740;129.763702;115.696312;101.762085;103.094223;104.302101;105.397919,npp_d20151003_t1731466_e1737270_b20378,163.833,131.285,64.2592,100.429,69.2584,67.4654
91,VBD_npp_d20151003_t1736245_x1051775E_y071653S_l2509_s0354_v23,2017-06-01 16:11:27,-7.165277,105.177467,6.07312,2015-10-03 17:36:24,2015-10-04 00:36:24,2509,354,0.350065,1,2529,0.3345,0.141623,0.72346,0.4,0.863885,0.75,0.00997606,0.0001,8.06477e-56,999999,1.327535e-01,3,Indonesian Exclusive Economic Zone,WPP573,,SVDNB_npp_d20151003_t1731466_e1737270_b20378_c20151003233728467558_noaa_ops.h5,GDNBO_npp_d20151003_t1731466_e1737270_b20378_c20151003233728467298_noaa_ops.h5,SVI04_npp_d20151003_t1731466_e1737270_b20378_c20151003233728541959_noaa_ops.dspace_rad,VNFF_npp_d20151003_t1731466_e1737270_b20378_v21.csv,World_EEZ_v8_2014.shp,WPP_BFAR_merge.shp,KKP_IDN_merge_20161208.shp,VNF-VBD_npp_20120301-20151231_global_asia-enhanced_c201607211230.bitmask,NCEI_NGA.union.nga_lead2.add_2015ntl.mask,timezone.shp,VBD_platforms-recurring_2015_r20170330.shp,999999,VBD_bridges_c20160811.shp,9.202956;7.293124;4.987635;0.117751;-4.766567;-9.662423;-14.566307;-12.781590;-10.252750;-5.421471;-0.565886;4.309883,106.389061;120.204430;133.795395;132.636734;131.583801;130.626740;129.763702;115.696312;101.762085;103.094223;104.302101;105.397919,npp_d20151003_t1731466_e1737270_b20378,163.588,132.671,64.2628,100.248,69.5186,67.321
92,VBD_npp_d20151003_t1736156_x1053880E_y065916S_l2418_s0363_v23,2017-06-01 16:11:27,-6.591642,105.387962,19.5243,2015-10-03 17:36:15,2015-10-04 00:36:15,2418,363,0.366496,1,2529,0.661817,0.13484,0.859414,0.4,0.911736,0.75,0.0101609,0.0001,2.4905e-54,999999,1.966491e-01,3,Indonesian Exclusive Economic Zone,WPP572,,SVDNB_npp_d20151003_t1731466_e1737270_b20378_c20151003233728467558_noaa_ops.h5,GDNBO_npp_d20151003_t1731466_e1737270_b20378_c20151003233728467298_noaa_ops.h5,SVI04_npp_d20151003_t1731466_e1737270_b20378_c20151003233728541959_noaa_ops.dspace_rad,VNFF_npp_d20151003_t1731466_e1737270_b20378_v21.csv,World_EEZ_v8_2014.shp,WPP_BFAR_merge.shp,KKP_IDN_merge_20161208.shp,VNF-VBD_npp_20120301-20151231_global_asia-enhanced_c201607211230.bitmask,NCEI_NGA.union.nga_lead2.add_2015ntl.mask,timezone.shp,VBD_platforms-recurring_2015_r20170330.shp,999999,VBD_bridges_c20160811.shp,9.202956;7.293124;4.987635;0.117751;-4.766567;-9.662423;-14.566307;-12.781590;-10.252750;-5.421471;-0.565886;4.309883,106.389061;120.204430;133.795395;132.636734;131.583801;130.626740;129.763702;115.696312;101.762085;103.094223;104.302101;105.397919,npp_d20151003_t1731466_e1737270_b20378,163.842,130.792,64.0827,100.503,69.1359,67.4831
93,VBD_npp_d20151003_t1736156_x1054157E_y065968S_l2418_s0367_v23,2017-06-01 16:11:27,-6.596781,105.415726,23.6186,2015-10-03 17:36:15,2015-10-04 00:36:15,2418,367,0.36358,1,2529,0.73494,0.146799,0.855163,0.4,0.928991,0.75,0.0101762,0.0001,4.52115e-54,999999,8.400292e-02,3,Indonesian Exclusive Economic Zone,WPP572,,SVDNB_npp_d20151003_t1731466_e1737270_b20378_c20151003233728467558_noaa_ops.h5,GDNBO_npp_d20151003_t1731466_e1737270_b20378_c20151003233728467298_noaa_ops.h5,SVI04_npp_d20151003_t1731466_e1737270_b20378_c20151003233728541959_noaa_ops.dspace_rad,VNFF_npp_d20151003_t1731466_e1737270_b20378_v21.csv,World_EEZ_v8_2014.shp,WPP_BFAR_merge.shp,KKP_IDN_merge_20161208.shp,VNF-VBD_npp_20120301-20151231_global_asia-enhanced_c201607211230.bitmask,NCEI_NGA.union.nga_lead2.add_2015ntl.mask,timezone.shp,VBD_platforms-recurring_2015_r20170330.shp,999999,VBD_bridges_c20160811.shp,9.202956;7.293124;4.987635;0.117751;-4.766567;-9.662423;-14.566307;-12.781590;-10.252750;-5.421471;-0.565886;4.309883,106.389061;120.204430;133.795395;132.636734;131.583801;130.626740;129.763702;115.696312;101.762085;103.094223;104.302101;105.397919,npp_d20151003_t1731466_e1737270_b20378,163.818,130.741,64.005,100.5,69.1123,67.4738
94,VBD_npp_d20151003_t1734591_x1065163E_y022759S_l1740_s0370_v23,2017-06-01 16:11:27,-2.275911,106.516251,4.69297,2015-10-03 17:34:59,2015-10-04 00:34:59,1740,370,0.341245,1,2529,0.252173,0.149,0.629469,0.4,0.827949,0.75,0.0117067,0.0001,5.0406e-49,999999,6.327602e-02,3,Indonesian Exclusive Economic Zone,WPP711,,SVDNB_npp_d20151003_t1731466_e1737270_b20378_c20151003233728467558_noaa_ops.h5,GDNBO_npp_d20151003_t1731466_e1737270_b20378_c20151003233728467298_noaa_ops.h5,SVI04_npp_d20151003_t1731466_e1737270_b20378_c20151003233728541959_noaa_ops.dspace_rad,VNFF_npp_d20151003_t1731466_e1737270_b20378_v21.csv,World_EEZ_v8_2014.shp,WPP_BFAR_merge.shp,KKP_IDN_merge_20161208.shp,VNF-VBD_npp_20120301-20151231_global_asia-enhanced_c201607211230.bitmask,NCEI_NGA.union.nga_lead2.add_2015ntl.mask,timezone.shp,VBD_platforms-recurring_2015_r20170330.shp,999999,VBD_bridges_c20160811.shp,9.202956;7.293124;4.987635;0.117751;-4.766567;-9.662423;-14.566307;-12.781590;-10.252750;-5.421471;-0.565886;4.309883,106.389061;120.204430;133.795395;132.636734;131.583801;130.626740;129.763702;115.696312;101.762085;103.094223;104.302101;105.397919,npp_d20151003_t1731466_e1737270_b20378,165.555,115.882,63.9324,99.2009,66.7595,68.9883
95,VBD_npp_d20151003_t1736156_x1054503E_y066032S_l2418_s0372_v23,2017-06-01 16:11:27,-6.603171,105.450264,9.01994,2015-10-03 17:36:15,2015-10-04 00:36:15,2418,372,0.351203,2,2465,0.365485,0.194606,0.796064,0.4,0.586717,0.75,0.0101954,0.0001,9.45649e-54,999999,-3.662731e-01,3,Indonesian Exclusive Economic Zone,WPP572,,SVDNB_npp_d20151003_t1731466_e1737270_b20378_c20151003233728467558_noaa_ops.h5,GDNBO_npp_d20151003_t1731466_e1737270_b20378_c20151003233728467298_noaa_ops.h5,SVI04_npp_d20151003_t1731466_e1737270_b20378_c20151003233728541959_noaa_ops.dspace_rad,VNFF_npp_d20151003_t1731466_e1737270_b20378_v21.csv,World_EEZ_v8_2014.shp,WPP_BFAR_merge.shp,KKP_IDN_merge_20161208.shp,VNF-VBD_npp_20120301-20151231_global_asia-enhanced_c201607211230.bitmask,NCEI_NGA.union.nga_lead2.add_2015ntl.mask,timezone.shp,VBD_platforms-recurring_2015_r20170330.shp,999999,VBD_bridges_c20160811.shp,9.202956;7.293124;4.987635;0.117751;-4.766567;-9.662423;-14.566307;-12.781590;-10.252750;-5.421471;-0.565886;4.309883,106.389061;120.204430;133.795395;132.636734;131.583801;130.626740;129.763702;115.696312;101.762085;103.094223;104.302101;105.397919,npp_d20151003_t1731466_e1737270_b20378,163.787,130.676,63.908,100.496,69.0828,67.4622
96,VBD_npp_d20151003_t1736156_x1054460E_y067011S_l2432_s0374_v23,2017-06-01 16:11:27,-6.701078,105.445953,11.0013,2015-10-03 17:36:15,2015-10-04 00:36:15,2432,374,0.364576,1,2529,0.491425,0.160451,0.769573,0.4,0.884581,0.75,0.0101868,0.0001,6.92627e-54,999999,-4.457489e-02,3,Indonesian Exclusive Economic Zone,WPP572,,SVDNB_npp_d20151003_t1731466_e1737270_b20378_c20151003233728467558_noaa_ops.h5,GDNBO_npp_d20151003_t1731466_e1737270_b20378_c20151003233728467298_noaa_ops.h5,SVI04_npp_d20151003_t1731466_e1737270_b20378_c20151003233728541959_noaa_ops.dspace_rad,VNFF_npp_d20151003_t1731466_e1737270_b20378_v21.csv,World_EEZ_v8_2014.shp,WPP_BFAR_merge.shp,KKP_IDN_merge_20161208.shp,VNF-VBD_npp_20120301-20151231_global_asia-enhanced_c201607211230.bitmask,NCEI_NGA.union.nga_lead2.add_2015ntl.mask,timezone.shp,VBD_platforms-recurring_2015_r20170330.shp,999999,VBD_bridges_c20160811.shp,9.202956;7.293124;4.987635;0.117751;-4.766567;-9.662423;-14.566307;-12.781590;-10.252750;-5.421471;-0.565886;4.309883,106.389061;120.204430;133.795395;132.636734;131.583801;130.626740;129.763702;115.696312;101.762085;103.094223;104.302101;105.397919,npp_d20151003_t1731466_e1737270_b20378,163.727,130.941,63.8713,100.013,69.1246,67.4273
97,VBD_npp_d20151003_t1736049_x1056223E_y060220S_l2326_s0375_v23,2017-06-01 16:11:27,-6.022030,105.622299,4.12249,2015-10-03 17:36:04,2015-10-04 00:36:04,2326,375,0.362513,1,2529,0.210901,0.14858,0.593562,0.4,0.798123,0.75,0.0103894,0.0001,7.06382e-53,999999,6.723435e-02,3,Indonesian Exclusive Economic Zone,WPP572,,SVDNB_npp_d20151003_t1731466_e1737270_b20378_c20151003233728467558_noaa_ops.h5,GDNBO_npp_d20151003_t1731466_e1737270_b20378_c20151003233728467298_noaa_ops.h5,SVI04_npp_d20151003_t1731466_e1737270_b20378_c20151003233728541959_noaa_ops.dspace_rad,VNFF_npp_d20151003_t1731466_e1737270_b20378_v21.csv,World_EEZ_v8_2014.shp,WPP_BFAR_merge.shp,KKP_IDN_merge_20161208.shp,VNF-VBD_npp_20120301-20151231_global_asia-enhanced_c201607211230.bitmask,NCEI_NGA.union.nga_lead2.add_2015ntl.mask,timezone.shp,VBD_platforms-recurring_2015_r20170330.shp,999999,VBD_bridges_c20160811.shp,9.202956;7.293124;4.987635;0.117751;-4.766567;-9.662423;-14.566307;-12.781590;-10.252750;-5.421471;-0.565886;4.309883,106.389061;120.204430;133.795395;132.636734;131.583801;130.626740;129.763702;115.696312;101.762085;103.094223;104.302101;105.397919,npp_d20151003_t1731466_e1737270_b20378,164.062,128.83,63.85,100.219,68.7403,67.6451
98,VBD_npp_d20151003_t1736174_x1054456E_y067024S_l2433_s0375_v23,2017-06-01 16:11:27,-6.702369,105.445595,10.2659,2015-10-03 17:36:17,2015-10-04 00:36:17,2433,375,0.362797,1,2529,0.446512,0.16662,0.79647,0.4,0.814309,0.75,0.0101894,0.0001,1.13044e-53,999999,-1.026814e-01,3,Indonesian Exclusive Economic Zone,WPP572,,SVDNB_npp_d20151003_t1731466_e1737270_b20378_c20151003233728467558_noaa_ops.h5,GDNBO_npp_d20151003_t1731466_e1737270_b20378_c20151003233728467298_noaa_ops.h5,SVI04_npp_d20151003_t1731466_e1737270_b20378_c20151003233728541959_noaa_ops.dspace_rad,VNFF_npp_d20151003_t1731466_e1737270_b20378_v21.csv,World_EEZ_v8_2014.shp,WPP_BFAR_merge.shp,KKP_IDN_merge_20161208.shp,VNF-VBD_npp_20120301-20151231_global_asia-enhanced_c201607211230.bitmask,NCEI_NGA.union.nga_lead2.add_2015ntl.mask,timezone.shp,VBD_platforms-recurring_2015_r20170330.shp,999999,VBD_bridges_c20160811.shp,9.202956;7.293124;4.987635;0.117751;-4.766567;-9.662423;-14.566307;-12.781590;-10.252750;-5.421471;-0.565886;4.309883,106.389061;120.204430;133.795395;132.636734;131.583801;130.626740;129.763702;115.696312;101.762085;103.094223;104.302101;105.397919,npp_d20151003_t1731466_e1737270_b20378,163.721,130.927,63.8507,100.55,69.1188,67.4249
99,VBD_npp_d20151003_t1736156_x1054666E_y067048S_l2432_s0377_v23,2017-06-01 16:11:27,-6.704761,105.466576,10.8827,2015-10-03 17:36:15,2015-10-04 00:36:15,2432,377,0.359525,1,2529,0.466219,0.168992,0.79647,0.4,0.873443,0.75,0.0101983,0.0001,1.07533e-53,999999,-1.250252e-01,3,Indonesian Exclusive Economic Zone,WPP572,,SVDNB_npp_d20151003_t1731466_e1737270_b20378_c20151003233728467558_noaa_ops.h5,GDNBO_npp_d20151003_t1731466_e1737270_b20378_c20151003233728467298_noaa_ops.h5,SVI04_npp_d20151003_t1731466_e1737270_b20378_c20151003233728541959_noaa_ops.dspace_rad,VNFF_npp_d20151003_t1731466_e1737270_b20378_v21.csv,World_EEZ_v8_2014.shp,WPP_BFAR_merge.shp,KKP_IDN_merge_20161208.shp,VNF-VBD_npp_20120301-20151231_global_asia-enhanced_c201607211230.bitmask,NCEI_NGA.union.nga_lead2.add_2015ntl.mask,timezone.shp,VBD_platforms-recurring_2015_r20170330.shp,999999,VBD_bridges_c20160811.shp,9.202956;7.293124;4.987635;0.117751;-4.766567;-9.662423;-14.566307;-12.781590;-10.252750;-5.421471;-0.565886;4.309883,106.389061;120.204430;133.795395;132.636734;131.583801;130.626740;129.763702;115.696312;101.762085;103.094223;104.302101;105.397919,npp_d20151003_t1731466_e1737270_b20378,163.709,130.902,63.8132,100.01,69.107,67.4203
100,VBD_npp_d20151003_t1736174_x1054662E_y067062S_l2433_s0378_v23,2017-06-01 16:11:27,-6.706191,105.466171,12.2793,2015-10-03 17:36:17,2015-10-04 00:36:17,2433,378,0.359525,1,2529,0.503847,0.178025,0.79647,0.4,0.90392,0.75,0.0102009,0.0001,1.75089e-53,999999,-2.101059e-01,3,Indonesian Exclusive Economic Zone,WPP572,,SVDNB_npp_d20151003_t1731466_e1737270_b20378_c20151003233728467558_noaa_ops.h5,GDNBO_npp_d20151003_t1731466_e1737270_b20378_c20151003233728467298_noaa_ops.h5,SVI04_npp_d20151003_t1731466_e1737270_b20378_c20151003233728541959_noaa_ops.dspace_rad,VNFF_npp_d20151003_t1731466_e1737270_b20378_v21.csv,World_EEZ_v8_2014.shp,WPP_BFAR_merge.shp,KKP_IDN_merge_20161208.shp,VNF-VBD_npp_20120301-20151231_global_asia-enhanced_c201607211230.bitmask,NCEI_NGA.union.nga_lead2.add_2015ntl.mask,timezone.shp,VBD_platforms-recurring_2015_r20170330.shp,999999,VBD_bridges_c20160811.shp,9.202956;7.293124;4.987635;0.117751;-4.766567;-9.662423;-14.566307;-12.781590;-10.252750;-5.421471;-0.565886;4.309883,106.389061;120.204430;133.795395;132.636734;131.583801;130.626740;129.763702;115.696312;101.762085;103.094223;104.302101;105.397919,npp_d20151003_t1731466_e1737270_b20378,163.703,130.889,63.7927,100.547,69.1013,67.418
101,VBD_npp_d20151003_t1736156_x1055243E_y066239S_l2419_s0383_v23,2017-06-01 16:11:27,-6.623883,105.524315,5.73388,2015-10-03 17:36:15,2015-10-04 00:36:15,2419,383,0.369342,2,2465,0.233714,0.142478,0.812608,0.4,0.721669,0.75,0.0102364,0.0001,4.46874e-53,999999,1.247044e-01,3,Indonesian Exclusive Economic Zone,WPP572,,SVDNB_npp_d20151003_t1731466_e1737270_b20378_c20151003233728467558_noaa_ops.h5,GDNBO_npp_d20151003_t1731466_e1737270_b20378_c20151003233728467298_noaa_ops.h5,SVI04_npp_d20151003_t1731466_e1737270_b20378_c20151003233728541959_noaa_ops.dspace_rad,VNFF_npp_d20151003_t1731466_e1737270_b20378_v21.csv,World_EEZ_v8_2014.shp,WPP_BFAR_merge.shp,KKP_IDN_merge_20161208.shp,VNF-VBD_npp_20120301-20151231_global_asia-enhanced_c201607211230.bitmask,NCEI_NGA.union.nga_lead2.add_2015ntl.mask,timezone.shp,VBD_platforms-recurring_2015_r20170330.shp,999999,VBD_bridges_c20160811.shp,9.202956;7.293124;4.987635;0.117751;-4.766567;-9.662423;-14.566307;-12.781590;-10.252750;-5.421471;-0.565886;4.309883,106.389061;120.204430;133.795395;132.636734;131.583801;130.626740;129.763702;115.696312;101.762085;103.094223;104.302101;105.397919,npp_d20151003_t1731466_e1737270_b20378,163.718,130.557,63.6953,100.453,69.0225,67.4347
102,VBD_npp_d20151003_t1736156_x1055218E_y066375S_l2421_s0383_v23,2017-06-01 16:11:27,-6.637455,105.521767,11.064,2015-10-03 17:36:15,2015-10-04 00:36:15,2421,383,0.362726,1,2529,0.446998,0.140146,0.812608,0.4,0.836413,0.75,0.0102341,0.0001,4.10799e-53,999999,1.466667e-01,3,Indonesian Exclusive Economic Zone,WPP572,,SVDNB_npp_d20151003_t1731466_e1737270_b20378_c20151003233728467558_noaa_ops.h5,GDNBO_npp_d20151003_t1731466_e1737270_b20378_c20151003233728467298_noaa_ops.h5,SVI04_npp_d20151003_t1731466_e1737270_b20378_c20151003233728541959_noaa_ops.dspace_rad,VNFF_npp_d20151003_t1731466_e1737270_b20378_v21.csv,World_EEZ_v8_2014.shp,WPP_BFAR_merge.shp,KKP_IDN_merge_20161208.shp,VNF-VBD_npp_20120301-20151231_global_asia-enhanced_c201607211230.bitmask,NCEI_NGA.union.nga_lead2.add_2015ntl.mask,timezone.shp,VBD_platforms-recurring_2015_r20170330.shp,999999,VBD_bridges_c20160811.shp,9.202956;7.293124;4.987635;0.117751;-4.766567;-9.662423;-14.566307;-12.781590;-10.252750;-5.421471;-0.565886;4.309883,106.389061;120.204430;133.795395;132.636734;131.583801;130.626740;129.763702;115.696312;101.762085;103.094223;104.302101;105.397919,npp_d20151003_t1731466_e1737270_b20378,163.711,130.599,63.6955,100.384,69.0301,67.4304
103,VBD_npp_d20151003_t1736138_x1055398E_y066115S_l2416_s0384_v23,2017-06-01 16:11:27,-6.611467,105.539818,4.16516,2015-10-03 17:36:13,2015-10-04 00:36:13,2416,384,0.369128,2,2209,0.177356,0.137284,0.844056,0.4,0.649436,0.75,0.0102438,0.0001,3.90115e-53,999999,1.736283e-01,3,Indonesian Exclusive Economic Zone,WPP572,,SVDNB_npp_d20151003_t1731466_e1737270_b20378_c20151003233728467558_noaa_ops.h5,GDNBO_npp_d20151003_t1731466_e1737270_b20378_c20151003233728467298_noaa_ops.h5,SVI04_npp_d20151003_t1731466_e1737270_b20378_c20151003233728541959_noaa_ops.dspace_rad,VNFF_npp_d20151003_t1731466_e1737270_b20378_v21.csv,World_EEZ_v8_2014.shp,WPP_BFAR_merge.shp,KKP_IDN_merge_20161208.shp,VNF-VBD_npp_20120301-20151231_global_asia-enhanced_c201607211230.bitmask,NCEI_NGA.union.nga_lead2.add_2015ntl.mask,timezone.shp,VBD_platforms-recurring_2015_r20170330.shp,999999,VBD_bridges_c20160811.shp,9.202956;7.293124;4.987635;0.117751;-4.766567;-9.662423;-14.566307;-12.781590;-10.252750;-5.421471;-0.565886;4.309883,106.389061;120.204430;133.795395;132.636734;131.583801;130.626740;129.763702;115.696312;101.762085;103.094223;104.302101;105.397919,npp_d20151003_t1731466_e1737270_b20378,163.72,130.506,63.6801,99.9796,69.01,67.4371
104,VBD_npp_d20151003_t1736156_x1055298E_y066319S_l2420_s0384_v23,2017-06-01 16:11:27,-6.631919,105.529839,8.93273,2015-10-03 17:36:15,2015-10-04 00:36:15,2420,384,0.359881,1,2529,0.344753,0.131681,0.812608,0.4,0.775121,0.75,0.0102391,0.0001,4.94446e-53,999999,2.263991e-01,3,Indonesian Exclusive Economic Zone,WPP572,,SVDNB_npp_d20151003_t1731466_e1737270_b20378_c20151003233728467558_noaa_ops.h5,GDNBO_npp_d20151003_t1731466_e1737270_b20378_c20151003233728467298_noaa_ops.h5,SVI04_npp_d20151003_t1731466_e1737270_b20378_c20151003233728541959_noaa_ops.dspace_rad,VNFF_npp_d20151003_t1731466_e1737270_b20378_v21.csv,World_EEZ_v8_2014.shp,WPP_BFAR_merge.shp,KKP_IDN_merge_20161208.shp,VNF-VBD_npp_20120301-20151231_global_asia-enhanced_c201607211230.bitmask,NCEI_NGA.union.nga_lead2.add_2015ntl.mask,timezone.shp,VBD_platforms-recurring_2015_r20170330.shp,999999,VBD_bridges_c20160811.shp,9.202956;7.293124;4.987635;0.117751;-4.766567;-9.662423;-14.566307;-12.781590;-10.252750;-5.421471;-0.565886;4.309883,106.389061;120.204430;133.795395;132.636734;131.583801;130.626740;129.763702;115.696312;101.762085;103.094223;104.302101;105.397919,npp_d20151003_t1731466_e1737270_b20378,163.709,130.565,63.6761,100.418,69.0205,67.4303
105,VBD_npp_d20151003_t1736156_x1055183E_y066930S_l2429_s0384_v23,2017-06-01 16:11:27,-6.692956,105.518280,5.97943,2015-10-03 17:36:15,2015-10-04 00:36:15,2429,384,0.360308,2,2465,0.283208,0.142324,0.76139,0.4,0.720799,0.75,0.0102286,0.0001,3.37387e-53,999999,1.261592e-01,3,Indonesian Exclusive Economic Zone,WPP572,,SVDNB_npp_d20151003_t1731466_e1737270_b20378_c20151003233728467558_noaa_ops.h5,GDNBO_npp_d20151003_t1731466_e1737270_b20378_c20151003233728467298_noaa_ops.h5,SVI04_npp_d20151003_t1731466_e1737270_b20378_c20151003233728541959_noaa_ops.dspace_rad,VNFF_npp_d20151003_t1731466_e1737270_b20378_v21.csv,World_EEZ_v8_2014.shp,WPP_BFAR_merge.shp,KKP_IDN_merge_20161208.shp,VNF-VBD_npp_20120301-20151231_global_asia-enhanced_c201607211230.bitmask,NCEI_NGA.union.nga_lead2.add_2015ntl.mask,timezone.shp,VBD_platforms-recurring_2015_r20170330.shp,999999,VBD_bridges_c20160811.shp,9.202956;7.293124;4.987635;0.117751;-4.766567;-9.662423;-14.566307;-12.781590;-10.252750;-5.421471;-0.565886;4.309883,106.389061;120.204430;133.795395;132.636734;131.583801;130.626740;129.763702;115.696312;101.762085;103.094223;104.302101;105.397919,npp_d20151003_t1731466_e1737270_b20378,163.678,130.751,63.6774,100.107,69.0547,67.4108
106,VBD_npp_d20151003_t1736138_x1055479E_y066059S_l2415_s0385_v23,2017-06-01 16:11:27,-6.605901,105.547920,9.82962,2015-10-03 17:36:13,2015-10-04 00:36:13,2415,385,0.361588,1,2529,0.382867,0.137795,0.844056,0.4,0.814753,0.75,0.0102488,0.0001,4.69967e-53,999999,1.688096e-01,3,Indonesian Exclusive Economic Zone,WPP572,,SVDNB_npp_d20151003_t1731466_e1737270_b20378_c20151003233728467558_noaa_ops.h5,GDNBO_npp_d20151003_t1731466_e1737270_b20378_c20151003233728467298_noaa_ops.h5,SVI04_npp_d20151003_t1731466_e1737270_b20378_c20151003233728541959_noaa_ops.dspace_rad,VNFF_npp_d20151003_t1731466_e1737270_b20378_v21.csv,World_EEZ_v8_2014.shp,WPP_BFAR_merge.shp,KKP_IDN_merge_20161208.shp,VNF-VBD_npp_20120301-20151231_global_asia-enhanced_c201607211230.bitmask,NCEI_NGA.union.nga_lead2.add_2015ntl.mask,timezone.shp,VBD_platforms-recurring_2015_r20170330.shp,999999,VBD_bridges_c20160811.shp,9.202956;7.293124;4.987635;0.117751;-4.766567;-9.662423;-14.566307;-12.781590;-10.252750;-5.421471;-0.565886;4.309883,106.389061;120.204430;133.795395;132.636734;131.583801;130.626740;129.763702;115.696312;101.762085;103.094223;104.302101;105.397919,npp_d20151003_t1731466_e1737270_b20378,163.718,130.473,63.6606,100.013,69.0004,67.437
107,VBD_npp_d20151003_t1736156_x1055277E_y066806S_l2427_s0385_v23,2017-06-01 16:11:27,-6.680622,105.527657,4.34803,2015-10-03 17:36:15,2015-10-04 00:36:15,2427,385,0.357249,2,2465,0.211018,0.143565,0.76139,0.4,0.689587,0.75,0.0102348,0.0001,4.24188e-53,999999,1.144692e-01,3,Indonesian Exclusive Economic Zone,WPP572,,SVDNB_npp_d20151003_t1731466_e1737270_b20378_c20151003233728467558_noaa_ops.h5,GDNBO_npp_d20151003_t1731466_e1737270_b20378_c20151003233728467298_noaa_ops.h5,SVI04_npp_d20151003_t1731466_e1737270_b20378_c20151003233728541959_noaa_ops.dspace_rad,VNFF_npp_d20151003_t1731466_e1737270_b20378_v21.csv,World_EEZ_v8_2014.shp,WPP_BFAR_merge.shp,KKP_IDN_merge_20161208.shp,VNF-VBD_npp_20120301-20151231_global_asia-enhanced_c201607211230.bitmask,NCEI_NGA.union.nga_lead2.add_2015ntl.mask,timezone.shp,VBD_platforms-recurring_2015_r20170330.shp,999999,VBD_bridges_c20160811.shp,9.202956;7.293124;4.987635;0.117751;-4.766567;-9.662423;-14.566307;-12.781590;-10.252750;-5.421471;-0.565886;4.309883,106.389061;120.204430;133.795395;132.636734;131.583801;130.626740;129.763702;115.696312;101.762085;103.094223;104.302101;105.397919,npp_d20151003_t1731466_e1737270_b20378,163.679,130.697,63.6577,100.175,69.0413,67.4128
108,VBD_npp_d20151003_t1736138_x1055612E_y065732S_l2410_s0386_v23,2017-06-01 16:11:27,-6.573236,105.561157,5.1502,2015-10-03 17:36:13,2015-10-04 00:36:13,2410,386,0.359881,2,2465,0.23345,0.186266,0.824768,0.4,0.744433,0.75,0.0102585,0.0001,6.70683e-53,999999,-2.877206e-01,3,Indonesian Exclusive Economic Zone,WPP572,,SVDNB_npp_d20151003_t1731466_e1737270_b20378_c20151003233728467558_noaa_ops.h5,GDNBO_npp_d20151003_t1731466_e1737270_b20378_c20151003233728467298_noaa_ops.h5,SVI04_npp_d20151003_t1731466_e1737270_b20378_c20151003233728541959_noaa_ops.dspace_rad,VNFF_npp_d20151003_t1731466_e1737270_b20378_v21.csv,World_EEZ_v8_2014.shp,WPP_BFAR_merge.shp,KKP_IDN_merge_20161208.shp,VNF-VBD_npp_20120301-20151231_global_asia-enhanced_c201607211230.bitmask,NCEI_NGA.union.nga_lead2.add_2015ntl.mask,timezone.shp,VBD_platforms-recurring_2015_r20170330.shp,999999,VBD_bridges_c20160811.shp,9.202956;7.293124;4.987635;0.117751;-4.766567;-9.662423;-14.566307;-12.781590;-10.252750;-5.421471;-0.565886;4.309883,106.389061;120.204430;133.795395;132.636734;131.583801;130.626740;129.763702;115.696312;101.762085;103.094223;104.302101;105.397919,npp_d20151003_t1731466_e1737270_b20378,163.729,130.357,63.6403,100.185,68.9756,67.4456
109,VBD_npp_d20151003_t1736138_x1055534E_y066139S_l2416_s0386_v23,2017-06-01 16:11:27,-6.613888,105.553413,7.81124,2015-10-03 17:36:13,2015-10-04 00:36:13,2416,386,0.36607,2,2465,0.245705,0.133649,0.844056,0.4,0.675019,0.75,0.0102515,0.0001,5.19341e-53,999999,2.078603e-01,3,Indonesian Exclusive Economic Zone,WPP572,,SVDNB_npp_d20151003_t1731466_e1737270_b20378_c20151003233728467558_noaa_ops.h5,GDNBO_npp_d20151003_t1731466_e1737270_b20378_c20151003233728467298_noaa_ops.h5,SVI04_npp_d20151003_t1731466_e1737270_b20378_c20151003233728541959_noaa_ops.dspace_rad,VNFF_npp_d20151003_t1731466_e1737270_b20378_v21.csv,World_EEZ_v8_2014.shp,WPP_BFAR_merge.shp,KKP_IDN_merge_20161208.shp,VNF-VBD_npp_20120301-20151231_global_asia-enhanced_c201607211230.bitmask,NCEI_NGA.union.nga_lead2.add_2015ntl.mask,timezone.shp,VBD_platforms-recurring_2015_r20170330.shp,999999,VBD_bridges_c20160811.shp,9.202956;7.293124;4.987635;0.117751;-4.766567;-9.662423;-14.566307;-12.781590;-10.252750;-5.421471;-0.565886;4.309883,106.389061;120.204430;133.795395;132.636734;131.583801;130.626740;129.763702;115.696312;101.762085;103.094223;104.302101;105.397919,npp_d20151003_t1731466_e1737270_b20378,163.708,130.481,63.6416,99.9779,68.9984,67.4326
110,VBD_npp_d20151003_t1736156_x1055540E_y066153S_l2417_s0387_v23,2017-06-01 16:11:27,-6.615339,105.554008,16.3651,2015-10-03 17:36:15,2015-10-04 00:36:15,2417,387,0.366212,1,2529,0.488615,0.129129,0.857404,0.4,0.848584,0.75,0.0102541,0.0001,8.595e-53,999999,2.504312e-01,3,Indonesian Exclusive Economic Zone,WPP572,,SVDNB_npp_d20151003_t1731466_e1737270_b20378_c20151003233728467558_noaa_ops.h5,GDNBO_npp_d20151003_t1731466_e1737270_b20378_c20151003233728467298_noaa_ops.h5,SVI04_npp_d20151003_t1731466_e1737270_b20378_c20151003233728541959_noaa_ops.dspace_rad,VNFF_npp_d20151003_t1731466_e1737270_b20378_v21.csv,World_EEZ_v8_2014.shp,WPP_BFAR_merge.shp,KKP_IDN_merge_20161208.shp,VNF-VBD_npp_20120301-20151231_global_asia-enhanced_c201607211230.bitmask,NCEI_NGA.union.nga_lead2.add_2015ntl.mask,timezone.shp,VBD_platforms-recurring_2015_r20170330.shp,999999,VBD_bridges_c20160811.shp,9.202956;7.293124;4.987635;0.117751;-4.766567;-9.662423;-14.566307;-12.781590;-10.252750;-5.421471;-0.565886;4.309883,106.389061;120.204430;133.795395;132.636734;131.583801;130.626740;129.763702;115.696312;101.762085;103.094223;104.302101;105.397919,npp_d20151003_t1731466_e1737270_b20378,163.701,130.466,63.6181,100.519,68.9918,67.4299
111,VBD_npp_d20151003_t1736138_x1055696E_y066028S_l2414_s0388_v23,2017-06-01 16:11:27,-6.602766,105.569572,14.9249,2015-10-03 17:36:13,2015-10-04 00:36:13,2414,388,0.367777,1,2529,0.535739,0.13269,0.864204,0.4,0.889089,0.75,0.0102615,0.0001,7.52025e-53,999999,2.168943e-01,3,Indonesian Exclusive Economic Zone,WPP572,,SVDNB_npp_d20151003_t1731466_e1737270_b20378_c20151003233728467558_noaa_ops.h5,GDNBO_npp_d20151003_t1731466_e1737270_b20378_c20151003233728467298_noaa_ops.h5,SVI04_npp_d20151003_t1731466_e1737270_b20378_c20151003233728541959_noaa_ops.dspace_rad,VNFF_npp_d20151003_t1731466_e1737270_b20378_v21.csv,World_EEZ_v8_2014.shp,WPP_BFAR_merge.shp,KKP_IDN_merge_20161208.shp,VNF-VBD_npp_20120301-20151231_global_asia-enhanced_c201607211230.bitmask,NCEI_NGA.union.nga_lead2.add_2015ntl.mask,timezone.shp,VBD_platforms-recurring_2015_r20170330.shp,999999,VBD_bridges_c20160811.shp,9.202956;7.293124;4.987635;0.117751;-4.766567;-9.662423;-14.566307;-12.781590;-10.252750;-5.421471;-0.565886;4.309883,106.389061;120.204430;133.795395;132.636734;131.583801;130.626740;129.763702;115.696312;101.762085;103.094223;104.302101;105.397919,npp_d20151003_t1731466_e1737270_b20378,163.703,130.415,63.6026,100.045,68.9792,67.4324
112,VBD_npp_d20151003_t1736156_x1055582E_y066301S_l2419_s0388_v23,2017-06-01 16:11:27,-6.630137,105.558243,10.8389,2015-10-03 17:36:15,2015-10-04 00:36:15,2419,388,0.368275,1,2529,0.42782,0.114969,0.820716,0.4,0.838129,0.75,0.0102556,0.0001,9.11452e-53,999999,3.838016e-01,3,Indonesian Exclusive Economic Zone,WPP572,,SVDNB_npp_d20151003_t1731466_e1737270_b20378_c20151003233728467558_noaa_ops.h5,GDNBO_npp_d20151003_t1731466_e1737270_b20378_c20151003233728467298_noaa_ops.h5,SVI04_npp_d20151003_t1731466_e1737270_b20378_c20151003233728541959_noaa_ops.dspace_rad,VNFF_npp_d20151003_t1731466_e1737270_b20378_v21.csv,World_EEZ_v8_2014.shp,WPP_BFAR_merge.shp,KKP_IDN_merge_20161208.shp,VNF-VBD_npp_20120301-20151231_global_asia-enhanced_c201607211230.bitmask,NCEI_NGA.union.nga_lead2.add_2015ntl.mask,timezone.shp,VBD_platforms-recurring_2015_r20170330.shp,999999,VBD_bridges_c20160811.shp,9.202956;7.293124;4.987635;0.117751;-4.766567;-9.662423;-14.566307;-12.781590;-10.252750;-5.421471;-0.565886;4.309883,106.389061;120.204430;133.795395;132.636734;131.583801;130.626740;129.763702;115.696312;101.762085;103.094223;104.302101;105.397919,npp_d20151003_t1731466_e1737270_b20378,163.688,130.495,63.5989,100.449,68.9936,67.4233
113,VBD_npp_d20151003_t1736138_x1055840E_y065634S_l2408_s0389_v23,2017-06-01 16:11:27,-6.563373,105.584030,7.35663,2015-10-03 17:36:13,2015-10-04 00:36:13,2408,389,0.360806,2,2465,0.286604,0.167252,0.842107,0.4,0.746711,0.75,0.0102723,0.0001,1.11653e-52,999999,-1.086375e-01,3,Indonesian Exclusive Economic Zone,WPP572,,SVDNB_npp_d20151003_t1731466_e1737270_b20378_c20151003233728467558_noaa_ops.h5,GDNBO_npp_d20151003_t1731466_e1737270_b20378_c20151003233728467298_noaa_ops.h5,SVI04_npp_d20151003_t1731466_e1737270_b20378_c20151003233728541959_noaa_ops.dspace_rad,VNFF_npp_d20151003_t1731466_e1737270_b20378_v21.csv,World_EEZ_v8_2014.shp,WPP_BFAR_merge.shp,KKP_IDN_merge_20161208.shp,VNF-VBD_npp_20120301-20151231_global_asia-enhanced_c201607211230.bitmask,NCEI_NGA.union.nga_lead2.add_2015ntl.mask,timezone.shp,VBD_platforms-recurring_2015_r20170330.shp,999999,VBD_bridges_c20160811.shp,9.202956;7.293124;4.987635;0.117751;-4.766567;-9.662423;-14.566307;-12.781590;-10.252750;-5.421471;-0.565886;4.309883,106.389061;120.204430;133.795395;132.636734;131.583801;130.626740;129.763702;115.696312;101.762085;103.094223;104.302101;105.397919,npp_d20151003_t1731466_e1737270_b20378,163.718,130.278,63.5822,100.251,68.9507,67.4431
114,VBD_npp_d20151003_t1736138_x1055789E_y065904S_l2412_s0389_v23,2017-06-01 16:11:27,-6.590444,105.578903,10.8523,2015-10-03 17:36:13,2015-10-04 00:36:13,2412,389,0.361304,1,2529,0.428185,0.150406,0.864204,0.4,0.849226,0.75,0.0102676,0.0001,9.43357e-53,999999,5.002825e-02,3,Indonesian Exclusive Economic Zone,WPP572,,SVDNB_npp_d20151003_t1731466_e1737270_b20378_c20151003233728467558_noaa_ops.h5,GDNBO_npp_d20151003_t1731466_e1737270_b20378_c20151003233728467298_noaa_ops.h5,SVI04_npp_d20151003_t1731466_e1737270_b20378_c20151003233728541959_noaa_ops.dspace_rad,VNFF_npp_d20151003_t1731466_e1737270_b20378_v21.csv,World_EEZ_v8_2014.shp,WPP_BFAR_merge.shp,KKP_IDN_merge_20161208.shp,VNF-VBD_npp_20120301-20151231_global_asia-enhanced_c201607211230.bitmask,NCEI_NGA.union.nga_lead2.add_2015ntl.mask,timezone.shp,VBD_platforms-recurring_2015_r20170330.shp,999999,VBD_bridges_c20160811.shp,9.202956;7.293124;4.987635;0.117751;-4.766567;-9.662423;-14.566307;-12.781590;-10.252750;-5.421471;-0.565886;4.309883,106.389061;120.204430;133.795395;132.636734;131.583801;130.626740;129.763702;115.696312;101.762085;103.094223;104.302101;105.397919,npp_d20151003_t1731466_e1737270_b20378,163.704,130.361,63.5829,100.113,68.9658,67.4344
115,VBD_npp_d20151003_t1736120_x1056094E_y065030S_l2398_s0390_v23,2017-06-01 16:11:27,-6.502983,105.609413,7.6976,2015-10-03 17:36:12,2015-10-04 00:36:12,2398,390,0.358743,1,2529,0.390128,0.156902,0.753515,0.4,0.851808,0.75,0.0102878,0.0001,1.33524e-52,999999,-1.115400e-02,3,Indonesian Exclusive Economic Zone,WPP572,,SVDNB_npp_d20151003_t1731466_e1737270_b20378_c20151003233728467558_noaa_ops.h5,GDNBO_npp_d20151003_t1731466_e1737270_b20378_c20151003233728467298_noaa_ops.h5,SVI04_npp_d20151003_t1731466_e1737270_b20378_c20151003233728541959_noaa_ops.dspace_rad,VNFF_npp_d20151003_t1731466_e1737270_b20378_v21.csv,World_EEZ_v8_2014.shp,WPP_BFAR_merge.shp,KKP_IDN_merge_20161208.shp,VNF-VBD_npp_20120301-20151231_global_asia-enhanced_c201607211230.bitmask,NCEI_NGA.union.nga_lead2.add_2015ntl.mask,timezone.shp,VBD_platforms-recurring_2015_r20170330.shp,999999,VBD_bridges_c20160811.shp,9.202956;7.293124;4.987635;0.117751;-4.766567;-9.662423;-14.566307;-12.781590;-10.252750;-5.421471;-0.565886;4.309883,106.389061;120.204430;133.795395;132.636734;131.583801;130.626740;129.763702;115.696312;101.762085;103.094223;104.302101;105.397919,npp_d20151003_t1731466_e1737270_b20378,163.743,130.079,63.5637,100.022,68.9105,67.4607
116,VBD_npp_d20151003_t1736138_x1055963E_y065726S_l2409_s0391_v23,2017-06-01 16:11:27,-6.572588,105.596260,14.9906,2015-10-03 17:36:13,2015-10-04 00:36:13,2409,391,0.356609,1,2529,0.55802,0.145147,0.82571,0.4,0.910222,0.75,0.0102788,0.0001,1.41962e-52,999999,9.956296e-02,3,Indonesian Exclusive Economic Zone,WPP572,,SVDNB_npp_d20151003_t1731466_e1737270_b20378_c20151003233728467558_noaa_ops.h5,GDNBO_npp_d20151003_t1731466_e1737270_b20378_c20151003233728467298_noaa_ops.h5,SVI04_npp_d20151003_t1731466_e1737270_b20378_c20151003233728541959_noaa_ops.dspace_rad,VNFF_npp_d20151003_t1731466_e1737270_b20378_v21.csv,World_EEZ_v8_2014.shp,WPP_BFAR_merge.shp,KKP_IDN_merge_20161208.shp,VNF-VBD_npp_20120301-20151231_global_asia-enhanced_c201607211230.bitmask,NCEI_NGA.union.nga_lead2.add_2015ntl.mask,timezone.shp,VBD_platforms-recurring_2015_r20170330.shp,999999,VBD_bridges_c20160811.shp,9.202956;7.293124;4.987635;0.117751;-4.766567;-9.662423;-14.566307;-12.781590;-10.252750;-5.421471;-0.565886;4.309883,106.389061;120.204430;133.795395;132.636734;131.583801;130.626740;129.763702;115.696312;101.762085;103.094223;104.302101;105.397919,npp_d20151003_t1731466_e1737270_b20378,163.703,130.274,63.5439,100.215,68.9429,67.4364
117,VBD_npp_d20151003_t1736138_x1055937E_y065861S_l2411_s0391_v23,2017-06-01 16:11:27,-6.586112,105.593697,8.42637,2015-10-03 17:36:13,2015-10-04 00:36:13,2411,391,0.362726,1,2529,0.35095,0.142292,0.845626,0.4,0.826694,0.75,0.0102765,0.0001,1.30525e-52,999999,1.264580e-01,3,Indonesian Exclusive Economic Zone,WPP572,,SVDNB_npp_d20151003_t1731466_e1737270_b20378_c20151003233728467558_noaa_ops.h5,GDNBO_npp_d20151003_t1731466_e1737270_b20378_c20151003233728467298_noaa_ops.h5,SVI04_npp_d20151003_t1731466_e1737270_b20378_c20151003233728541959_noaa_ops.dspace_rad,VNFF_npp_d20151003_t1731466_e1737270_b20378_v21.csv,World_EEZ_v8_2014.shp,WPP_BFAR_merge.shp,KKP_IDN_merge_20161208.shp,VNF-VBD_npp_20120301-20151231_global_asia-enhanced_c201607211230.bitmask,NCEI_NGA.union.nga_lead2.add_2015ntl.mask,timezone.shp,VBD_platforms-recurring_2015_r20170330.shp,999999,VBD_bridges_c20160811.shp,9.202956;7.293124;4.987635;0.117751;-4.766567;-9.662423;-14.566307;-12.781590;-10.252750;-5.421471;-0.565886;4.309883,106.389061;120.204430;133.795395;132.636734;131.583801;130.626740;129.763702;115.696312;101.762085;103.094223;104.302101;105.397919,npp_d20151003_t1731466_e1737270_b20378,163.696,130.315,63.5442,100.146,68.9505,67.4321
118,VBD_npp_d20151003_t1735542_x1059418E_y054387S_l2230_s0399_v23,2017-06-01 16:11:27,-5.438692,105.941803,41.6361,2015-10-03 17:35:54,2015-10-04 00:35:54,2230,399,0.374676,11,18849,0.816334,0.158372,0.803992,0.4,0.710429,0.75,0.0107285,0.0001,1.07196e-50,999999,-2.500002e-02,3,Indonesian Exclusive Economic Zone,WPP712,,SVDNB_npp_d20151003_t1731466_e1737270_b20378_c20151003233728467558_noaa_ops.h5,GDNBO_npp_d20151003_t1731466_e1737270_b20378_c20151003233728467298_noaa_ops.h5,SVI04_npp_d20151003_t1731466_e1737270_b20378_c20151003233728541959_noaa_ops.dspace_rad,VNFF_npp_d20151003_t1731466_e1737270_b20378_v21.csv,World_EEZ_v8_2014.shp,WPP_BFAR_merge.shp,KKP_IDN_merge_20161208.shp,VNF-VBD_npp_20120301-20151231_global_asia-enhanced_c201607211230.bitmask,NCEI_NGA.union.nga_lead2.add_2015ntl.mask,timezone.shp,VBD_platforms-recurring_2015_r20170330.shp,0.331215,VBD_bridges_c20160811.shp,9.202956;7.293124;4.987635;0.117751;-4.766567;-9.662423;-14.566307;-12.781590;-10.252750;-5.421471;-0.565886;4.309883,106.389061;120.204430;133.795395;132.636734;131.583801;130.626740;129.763702;115.696312;101.762085;103.094223;104.302101;105.397919,npp_d20151003_t1731466_e1737270_b20378,164.202,126.591,63.381,100.069,68.2616,67.7969
119,VBD_npp_d20151003_t1736031_x1058370E_y060029S_l2317_s0404_v23,2017-06-01 16:11:27,-6.002890,105.836998,8.35739,2015-10-03 17:36:03,2015-10-04 00:36:03,2317,404,0.364433,1,2529,0.39284,0.149264,0.690091,0.4,0.834824,0.75,0.0105242,0.0001,4.06752e-51,999999,6.078695e-02,3,Indonesian Exclusive Economic Zone,WPP572,,SVDNB_npp_d20151003_t1731466_e1737270_b20378_c20151003233728467558_noaa_ops.h5,GDNBO_npp_d20151003_t1731466_e1737270_b20378_c20151003233728467298_noaa_ops.h5,SVI04_npp_d20151003_t1731466_e1737270_b20378_c20151003233728541959_noaa_ops.dspace_rad,VNFF_npp_d20151003_t1731466_e1737270_b20378_v21.csv,World_EEZ_v8_2014.shp,WPP_BFAR_merge.shp,KKP_IDN_merge_20161208.shp,VNF-VBD_npp_20120301-20151231_global_asia-enhanced_c201607211230.bitmask,NCEI_NGA.union.nga_lead2.add_2015ntl.mask,timezone.shp,VBD_platforms-recurring_2015_r20170330.shp,999999,VBD_bridges_c20160811.shp,9.202956;7.293124;4.987635;0.117751;-4.766567;-9.662423;-14.566307;-12.781590;-10.252750;-5.421471;-0.565886;4.309883,106.389061;120.204430;133.795395;132.636734;131.583801;130.626740;129.763702;115.696312;101.762085;103.094223;104.302101;105.397919,npp_d20151003_t1731466_e1737270_b20378,163.913,128.309,63.2878,99.9325,68.541,67.5984
120,VBD_npp_d20151003_t1736049_x1058244E_y060238S_l2321_s0404_v23,2017-06-01 16:11:27,-6.023778,105.824364,3.91849,2015-10-03 17:36:04,2015-10-04 00:36:04,2321,404,0.366496,2,2209,0.175428,0.134033,0.663555,0.4,0.722434,0.75,0.0105139,0.0001,4.82802e-51,999999,2.042438e-01,3,Indonesian Exclusive Economic Zone,WPP572,,SVDNB_npp_d20151003_t1731466_e1737270_b20378_c20151003233728467558_noaa_ops.h5,GDNBO_npp_d20151003_t1731466_e1737270_b20378_c20151003233728467298_noaa_ops.h5,SVI04_npp_d20151003_t1731466_e1737270_b20378_c20151003233728541959_noaa_ops.dspace_rad,VNFF_npp_d20151003_t1731466_e1737270_b20378_v21.csv,World_EEZ_v8_2014.shp,WPP_BFAR_merge.shp,KKP_IDN_merge_20161208.shp,VNF-VBD_npp_20120301-20151231_global_asia-enhanced_c201607211230.bitmask,NCEI_NGA.union.nga_lead2.add_2015ntl.mask,timezone.shp,VBD_platforms-recurring_2015_r20170330.shp,999999,VBD_bridges_c20160811.shp,9.202956;7.293124;4.987635;0.117751;-4.766567;-9.662423;-14.566307;-12.781590;-10.252750;-5.421471;-0.565886;4.309883,106.389061;120.204430;133.795395;132.636734;131.583801;130.626740;129.763702;115.696312;101.762085;103.094223;104.302101;105.397919,npp_d20151003_t1731466_e1737270_b20378,163.904,128.377,63.2915,100.372,68.5541,67.5919
121,VBD_npp_d20151003_t1735489_x1062041E_y052076S_l2188_s0428_v23,2017-06-01 16:11:27,-5.207610,106.204109,6.50216,2015-10-03 17:35:48,2015-10-04 00:35:48,2188,428,0.380082,4,35301,0.385663,0.144271,0.78645,0.4,0.887837,0.75,0.0109476,0.0001,8.14923e-49,999999,1.078133e-01,3,Indonesian Exclusive Economic Zone,WPP712,,SVDNB_npp_d20151003_t1731466_e1737270_b20378_c20151003233728467558_noaa_ops.h5,GDNBO_npp_d20151003_t1731466_e1737270_b20378_c20151003233728467298_noaa_ops.h5,SVI04_npp_d20151003_t1731466_e1737270_b20378_c20151003233728541959_noaa_ops.dspace_rad,VNFF_npp_d20151003_t1731466_e1737270_b20378_v21.csv,World_EEZ_v8_2014.shp,WPP_BFAR_merge.shp,KKP_IDN_merge_20161208.shp,VNF-VBD_npp_20120301-20151231_global_asia-enhanced_c201607211230.bitmask,NCEI_NGA.union.nga_lead2.add_2015ntl.mask,timezone.shp,VBD_platforms-recurring_2015_r20170330.shp,999999,VBD_bridges_c20160811.shp,9.202956;7.293124;4.987635;0.117751;-4.766567;-9.662423;-14.566307;-12.781590;-10.252750;-5.421471;-0.565886;4.309883,106.389061;120.204430;133.795395;132.636734;131.583801;130.626740;129.763702;115.696312;101.762085;103.094223;104.302101;105.397919,npp_d20151003_t1731466_e1737270_b20378,164.145,125.413,62.8214,99.7697,67.9503,67.8263
122,VBD_npp_d20151003_t1735525_x1062468E_y054428S_l2222_s0442_v23,2017-06-01 16:11:27,-5.442755,106.246788,12.5385,2015-10-03 17:35:52,2015-10-04 00:35:52,2222,442,0.373467,4,51685,0.386531,0.0769672,0.839808,0.4,0.771925,0.75,0.0109142,0.0001,2.89833e-48,999999,7.417333e-01,3,Indonesian Exclusive Economic Zone,WPP712,,SVDNB_npp_d20151003_t1731466_e1737270_b20378_c20151003233728467558_noaa_ops.h5,GDNBO_npp_d20151003_t1731466_e1737270_b20378_c20151003233728467298_noaa_ops.h5,SVI04_npp_d20151003_t1731466_e1737270_b20378_c20151003233728541959_noaa_ops.dspace_rad,VNFF_npp_d20151003_t1731466_e1737270_b20378_v21.csv,World_EEZ_v8_2014.shp,WPP_BFAR_merge.shp,KKP_IDN_merge_20161208.shp,VNF-VBD_npp_20120301-20151231_global_asia-enhanced_c201607211230.bitmask,NCEI_NGA.union.nga_lead2.add_2015ntl.mask,timezone.shp,VBD_platforms-recurring_2015_r20170330.shp,0.160636,VBD_bridges_c20160811.shp,9.202956;7.293124;4.987635;0.117751;-4.766567;-9.662423;-14.566307;-12.781590;-10.252750;-5.421471;-0.565886;4.309883,106.389061;120.204430;133.795395;132.636734;131.583801;130.626740;129.763702;115.696312;101.762085;103.094223;104.302101;105.397919,npp_d20151003_t1731466_e1737270_b20378,163.961,125.959,62.538,99.7309,67.9869,67.7199
123,VBD_npp_d20151003_t1735525_x1062523E_y054508S_l2223_s0443_v23,2017-06-01 16:11:27,-5.450827,106.252281,114.811,2015-10-03 17:35:52,2015-10-04 00:35:52,2223,443,0.436276,4,35301,1.25666,0.0720784,0.849095,0.4,0.97058,0.75,0.0109154,0.0001,3.17216e-48,999999,7.877794e-01,3,Indonesian Exclusive Economic Zone,WPP712,,SVDNB_npp_d20151003_t1731466_e1737270_b20378_c20151003233728467558_noaa_ops.h5,GDNBO_npp_d20151003_t1731466_e1737270_b20378_c20151003233728467298_noaa_ops.h5,SVI04_npp_d20151003_t1731466_e1737270_b20378_c20151003233728541959_noaa_ops.dspace_rad,VNFF_npp_d20151003_t1731466_e1737270_b20378_v21.csv,World_EEZ_v8_2014.shp,WPP_BFAR_merge.shp,KKP_IDN_merge_20161208.shp,VNF-VBD_npp_20120301-20151231_global_asia-enhanced_c201607211230.bitmask,NCEI_NGA.union.nga_lead2.add_2015ntl.mask,timezone.shp,VBD_platforms-recurring_2015_r20170330.shp,999999,VBD_bridges_c20160811.shp,9.202956;7.293124;4.987635;0.117751;-4.766567;-9.662423;-14.566307;-12.781590;-10.252750;-5.421471;-0.565886;4.309883,106.389061;120.204430;133.795395;132.636734;131.583801;130.626740;129.763702;115.696312;101.762085;103.094223;104.302101;105.397919,npp_d20151003_t1731466_e1737270_b20378,163.952,125.97,62.5183,99.6938,67.9849,67.7154
124,VBD_npp_d20151003_t1735044_x1069437E_y026949S_l1792_s0445_v23,2017-06-01 16:11:27,-2.694886,106.943687,15.7179,2015-10-03 17:35:04,2015-10-04 00:35:04,1792,445,0.37617,8,18913,0.517137,0.127205,0.756912,0.4,0.855006,0.75,0.0118737,0.0001,2.22842e-45,999999,2.685522e-01,3,Indonesian Exclusive Economic Zone,WPP711,,SVDNB_npp_d20151003_t1731466_e1737270_b20378_c20151003233728467558_noaa_ops.h5,GDNBO_npp_d20151003_t1731466_e1737270_b20378_c20151003233728467298_noaa_ops.h5,SVI04_npp_d20151003_t1731466_e1737270_b20378_c20151003233728541959_noaa_ops.dspace_rad,VNFF_npp_d20151003_t1731466_e1737270_b20378_v21.csv,World_EEZ_v8_2014.shp,WPP_BFAR_merge.shp,KKP_IDN_merge_20161208.shp,VNF-VBD_npp_20120301-20151231_global_asia-enhanced_c201607211230.bitmask,NCEI_NGA.union.nga_lead2.add_2015ntl.mask,timezone.shp,VBD_platforms-recurring_2015_r20170330.shp,0.902785,VBD_bridges_c20160811.shp,9.202956;7.293124;4.987635;0.117751;-4.766567;-9.662423;-14.566307;-12.781590;-10.252750;-5.421471;-0.565886;4.309883,106.389061;120.204430;133.795395;132.636734;131.583801;130.626740;129.763702;115.696312;101.762085;103.094223;104.302101;105.397919,npp_d20151003_t1731466_e1737270_b20378,164.967,116.537,62.4691,99.0895,66.4906,68.7198
125,VBD_npp_d20151003_t1735062_x1069400E_y027161S_l1796_s0446_v23,2017-06-01 16:11:27,-2.716086,106.939995,38.6144,2015-10-03 17:35:06,2015-10-04 00:35:06,1796,446,0.369982,8,18913,0.758911,0.150618,0.762622,0.4,0.902328,0.75,0.0118676,0.0001,3.02223e-45,999999,4.803656e-02,3,Indonesian Exclusive Economic Zone,WPP711,,SVDNB_npp_d20151003_t1731466_e1737270_b20378_c20151003233728467558_noaa_ops.h5,GDNBO_npp_d20151003_t1731466_e1737270_b20378_c20151003233728467298_noaa_ops.h5,SVI04_npp_d20151003_t1731466_e1737270_b20378_c20151003233728541959_noaa_ops.dspace_rad,VNFF_npp_d20151003_t1731466_e1737270_b20378_v21.csv,World_EEZ_v8_2014.shp,WPP_BFAR_merge.shp,KKP_IDN_merge_20161208.shp,VNF-VBD_npp_20120301-20151231_global_asia-enhanced_c201607211230.bitmask,NCEI_NGA.union.nga_lead2.add_2015ntl.mask,timezone.shp,VBD_platforms-recurring_2015_r20170330.shp,0.485496,VBD_bridges_c20160811.shp,9.202956;7.293124;4.987635;0.117751;-4.766567;-9.662423;-14.566307;-12.781590;-10.252750;-5.421471;-0.565886;4.309883,106.389061;120.204430;133.795395;132.636734;131.583801;130.626740;129.763702;115.696312;101.762085;103.094223;104.302101;105.397919,npp_d20151003_t1731466_e1737270_b20378,164.954,116.601,62.4473,99.5458,66.4951,68.7102
126,VBD_npp_d20151003_t1735062_x1069502E_y026965S_l1793_s0447_v23,2017-06-01 16:11:27,-2.696538,106.950233,13.7601,2015-10-03 17:35:06,2015-10-04 00:35:06,1793,447,0.37617,7,18849,0.336193,0.141674,0.750256,0.4,0.736987,0.75,0.011879,0.0001,3.75793e-45,999999,1.322788e-01,3,,,,SVDNB_npp_d20151003_t1731466_e1737270_b20378_c20151003233728467558_noaa_ops.h5,GDNBO_npp_d20151003_t1731466_e1737270_b20378_c20151003233728467298_noaa_ops.h5,SVI04_npp_d20151003_t1731466_e1737270_b20378_c20151003233728541959_noaa_ops.dspace_rad,VNFF_npp_d20151003_t1731466_e1737270_b20378_v21.csv,World_EEZ_v8_2014.shp,WPP_BFAR_merge.shp,KKP_IDN_merge_20161208.shp,VNF-VBD_npp_20120301-20151231_global_asia-enhanced_c201607211230.bitmask,NCEI_NGA.union.nga_lead2.add_2015ntl.mask,timezone.shp,VBD_platforms-recurring_2015_r20170330.shp,0.385905,VBD_bridges_c20160811.shp,9.202956;7.293124;4.987635;0.117751;-4.766567;-9.662423;-14.566307;-12.781590;-10.252750;-5.421471;-0.565886;4.309883,106.389061;120.204430;133.795395;132.636734;131.583801;130.626740;129.763702;115.696312;101.762085;103.094223;104.302101;105.397919,npp_d20151003_t1731466_e1737270_b20378,164.953,116.518,62.4272,99.6551,66.4784,68.7163
127,VBD_npp_d20151003_t1735471_x1063857E_y050684S_l2163_s0449_v23,2017-06-01 16:11:27,-5.068382,106.385696,7.35225,2015-10-03 17:35:47,2015-10-04 00:35:47,2163,449,0.382074,8,18913,0.419714,0.147402,0.76327,0.4,0.873225,0.75,0.0110925,0.0001,2.29988e-47,999999,7.832185e-02,3,Indonesian Exclusive Economic Zone,WPP712,,SVDNB_npp_d20151003_t1731466_e1737270_b20378_c20151003233728467558_noaa_ops.h5,GDNBO_npp_d20151003_t1731466_e1737270_b20378_c20151003233728467298_noaa_ops.h5,SVI04_npp_d20151003_t1731466_e1737270_b20378_c20151003233728541959_noaa_ops.dspace_rad,VNFF_npp_d20151003_t1731466_e1737270_b20378_v21.csv,World_EEZ_v8_2014.shp,WPP_BFAR_merge.shp,KKP_IDN_merge_20161208.shp,VNF-VBD_npp_20120301-20151231_global_asia-enhanced_c201607211230.bitmask,NCEI_NGA.union.nga_lead2.add_2015ntl.mask,timezone.shp,VBD_platforms-recurring_2015_r20170330.shp,0.715282,VBD_bridges_c20160811.shp,9.202956;7.293124;4.987635;0.117751;-4.766567;-9.662423;-14.566307;-12.781590;-10.252750;-5.421471;-0.565886;4.309883,106.389061;120.204430;133.795395;132.636734;131.583801;130.626740;129.763702;115.696312;101.762085;103.094223;104.302101;105.397919,npp_d20151003_t1731466_e1737270_b20378,164.083,124.647,62.3921,100.063,67.7355,67.8377
128,VBD_npp_d20151003_t1735525_x1062978E_y054303S_l2219_s0449_v23,2017-06-01 16:11:27,-5.430318,106.297775,3.64243,2015-10-03 17:35:52,2015-10-04 00:35:52,2219,449,0.379442,8,51425,0.174321,0.143025,0.813905,0.4,0.809833,0.75,0.0109487,0.0001,7.98179e-48,999999,1.195551e-01,3,Indonesian Exclusive Economic Zone,WPP712,,SVDNB_npp_d20151003_t1731466_e1737270_b20378_c20151003233728467558_noaa_ops.h5,GDNBO_npp_d20151003_t1731466_e1737270_b20378_c20151003233728467298_noaa_ops.h5,SVI04_npp_d20151003_t1731466_e1737270_b20378_c20151003233728541959_noaa_ops.dspace_rad,VNFF_npp_d20151003_t1731466_e1737270_b20378_v21.csv,World_EEZ_v8_2014.shp,WPP_BFAR_merge.shp,KKP_IDN_merge_20161208.shp,VNF-VBD_npp_20120301-20151231_global_asia-enhanced_c201607211230.bitmask,NCEI_NGA.union.nga_lead2.add_2015ntl.mask,timezone.shp,VBD_platforms-recurring_2015_r20170330.shp,0.41603,VBD_bridges_c20160811.shp,9.202956;7.293124;4.987635;0.117751;-4.766567;-9.662423;-14.566307;-12.781590;-10.252750;-5.421471;-0.565886;4.309883,106.389061;120.204430;133.795395;132.636734;131.583801;130.626740;129.763702;115.696312;101.762085;103.094223;104.302101;105.397919,npp_d20151003_t1731466_e1737270_b20378,163.927,125.816,62.3973,99.8355,67.935,67.7118
129,VBD_npp_d20151003_t1736174_x1059553E_y068230S_l2437_s0451_v23,2017-06-01 16:11:27,-6.822992,105.955322,3.69512,2015-10-03 17:36:17,2015-10-04 00:36:17,2437,451,0.335341,8,18593,0.159382,0.14766,0.651323,0.4,0.735181,0.75,0.0104743,0.0001,3.6276e-49,999999,7.589468e-02,3,,WPP573,,SVDNB_npp_d20151003_t1731466_e1737270_b20378_c20151003233728467558_noaa_ops.h5,GDNBO_npp_d20151003_t1731466_e1737270_b20378_c20151003233728467298_noaa_ops.h5,SVI04_npp_d20151003_t1731466_e1737270_b20378_c20151003233728541959_noaa_ops.dspace_rad,VNFF_npp_d20151003_t1731466_e1737270_b20378_v21.csv,World_EEZ_v8_2014.shp,WPP_BFAR_merge.shp,KKP_IDN_merge_20161208.shp,VNF-VBD_npp_20120301-20151231_global_asia-enhanced_c201607211230.bitmask,NCEI_NGA.union.nga_lead2.add_2015ntl.mask,timezone.shp,VBD_platforms-recurring_2015_r20170330.shp,0.628618,VBD_bridges_c20160811.shp,9.202956;7.293124;4.987635;0.117751;-4.766567;-9.662423;-14.566307;-12.781590;-10.252750;-5.421471;-0.565886;4.309883,106.389061;120.204430;133.795395;132.636734;131.583801;130.626740;129.763702;115.696312;101.762085;103.094223;104.302101;105.397919,npp_d20151003_t1731466_e1737270_b20378,163.257,130.068,62.3604,100.357,68.6957,67.2412
130,VBD_npp_d20151003_t1735489_x1063835E_y051821S_l2180_s0453_v23,2017-06-01 16:11:27,-5.182136,106.383476,934.691,2015-10-03 17:35:48,2015-10-04 00:35:48,2180,453,0.529031,4,35309,1.39811,0.0732643,0.771077,0.4,0.911457,0.75,0.0110643,0.0001,2.75325e-47,999999,7.766097e-01,3,Indonesian Exclusive Economic Zone,WPP712,,SVDNB_npp_d20151003_t1731466_e1737270_b20378_c20151003233728467558_noaa_ops.h5,GDNBO_npp_d20151003_t1731466_e1737270_b20378_c20151003233728467298_noaa_ops.h5,SVI04_npp_d20151003_t1731466_e1737270_b20378_c20151003233728541959_noaa_ops.dspace_rad,VNFF_npp_d20151003_t1731466_e1737270_b20378_v21.csv,World_EEZ_v8_2014.shp,WPP_BFAR_merge.shp,KKP_IDN_merge_20161208.shp,VNF-VBD_npp_20120301-20151231_global_asia-enhanced_c201607211230.bitmask,NCEI_NGA.union.nga_lead2.add_2015ntl.mask,timezone.shp,VBD_platforms-recurring_2015_r20170330.shp,999999,VBD_bridges_c20160811.shp,9.202956;7.293124;4.987635;0.117751;-4.766567;-9.662423;-14.566307;-12.781590;-10.252750;-5.421471;-0.565886;4.309883,106.389061;120.204430;133.795395;132.636734;131.583801;130.626740;129.763702;115.696312;101.762085;103.094223;104.302101;105.397919,npp_d20151003_t1731466_e1737270_b20378,164.013,124.963,62.3191,100.045,67.7742,67.7914
131,VBD_npp_d20151003_t1736174_x1059754E_y068267S_l2437_s0454_v23,2017-06-01 16:11:27,-6.826666,105.975410,7.91534,2015-10-03 17:36:17,2015-10-04 00:36:17,2437,454,0.34032,1,2529,0.28838,0.134055,0.651323,0.4,0.788533,0.75,0.0104857,0.0001,5.38231e-49,999999,2.040357e-01,3,,WPP573,,SVDNB_npp_d20151003_t1731466_e1737270_b20378_c20151003233728467558_noaa_ops.h5,GDNBO_npp_d20151003_t1731466_e1737270_b20378_c20151003233728467298_noaa_ops.h5,SVI04_npp_d20151003_t1731466_e1737270_b20378_c20151003233728541959_noaa_ops.dspace_rad,VNFF_npp_d20151003_t1731466_e1737270_b20378_v21.csv,World_EEZ_v8_2014.shp,WPP_BFAR_merge.shp,KKP_IDN_merge_20161208.shp,VNF-VBD_npp_20120301-20151231_global_asia-enhanced_c201607211230.bitmask,NCEI_NGA.union.nga_lead2.add_2015ntl.mask,timezone.shp,VBD_platforms-recurring_2015_r20170330.shp,999999,VBD_bridges_c20160811.shp,9.202956;7.293124;4.987635;0.117751;-4.766567;-9.662423;-14.566307;-12.781590;-10.252750;-5.421471;-0.565886;4.309883,106.389061;120.204430;133.795395;132.636734;131.583801;130.626740;129.763702;115.696312;101.762085;103.094223;104.302101;105.397919,npp_d20151003_t1731466_e1737270_b20378,163.24,130.032,62.3005,100.355,68.6786,67.2343
132,VBD_npp_d20151003_t1735453_x1064434E_y050499S_l2158_s0456_v23,2017-06-01 16:11:27,-5.049942,106.443390,11.3575,2015-10-03 17:35:45,2015-10-04 00:35:45,2158,456,0.379869,8,18913,0.546249,0.157633,0.820216,0.4,0.955065,0.75,0.0111323,0.0001,4.58218e-47,999999,-1.803746e-02,3,Indonesian Exclusive Economic Zone,WPP712,,SVDNB_npp_d20151003_t1731466_e1737270_b20378_c20151003233728467558_noaa_ops.h5,GDNBO_npp_d20151003_t1731466_e1737270_b20378_c20151003233728467298_noaa_ops.h5,SVI04_npp_d20151003_t1731466_e1737270_b20378_c20151003233728541959_noaa_ops.dspace_rad,VNFF_npp_d20151003_t1731466_e1737270_b20378_v21.csv,World_EEZ_v8_2014.shp,WPP_BFAR_merge.shp,KKP_IDN_merge_20161208.shp,VNF-VBD_npp_20120301-20151231_global_asia-enhanced_c201607211230.bitmask,NCEI_NGA.union.nga_lead2.add_2015ntl.mask,timezone.shp,VBD_platforms-recurring_2015_r20170330.shp,0.270738,VBD_bridges_c20160811.shp,9.202956;7.293124;4.987635;0.117751;-4.766567;-9.662423;-14.566307;-12.781590;-10.252750;-5.421471;-0.565886;4.309883,106.389061;120.204430;133.795395;132.636734;131.583801;130.626740;129.763702;115.696312;101.762085;103.094223;104.302101;105.397919,npp_d20151003_t1731466_e1737270_b20378,164.052,124.49,62.2564,99.635,67.6816,67.8324
133,VBD_npp_d20151003_t1735507_x1063779E_y053726S_l2208_s0458_v23,2017-06-01 16:11:27,-5.372593,106.377937,4.04526,2015-10-03 17:35:50,2015-10-04 00:35:50,2208,458,0.372329,8,18913,0.243601,0.150235,0.670282,0.4,0.826366,0.75,0.0110116,0.0001,2.65811e-47,999999,5.163885e-02,3,Indonesian Exclusive Economic Zone,WPP712,,SVDNB_npp_d20151003_t1731466_e1737270_b20378_c20151003233728467558_noaa_ops.h5,GDNBO_npp_d20151003_t1731466_e1737270_b20378_c20151003233728467298_noaa_ops.h5,SVI04_npp_d20151003_t1731466_e1737270_b20378_c20151003233728541959_noaa_ops.dspace_rad,VNFF_npp_d20151003_t1731466_e1737270_b20378_v21.csv,World_EEZ_v8_2014.shp,WPP_BFAR_merge.shp,KKP_IDN_merge_20161208.shp,VNF-VBD_npp_20120301-20151231_global_asia-enhanced_c201607211230.bitmask,NCEI_NGA.union.nga_lead2.add_2015ntl.mask,timezone.shp,VBD_platforms-recurring_2015_r20170330.shp,0.628599,VBD_bridges_c20160811.shp,9.202956;7.293124;4.987635;0.117751;-4.766567;-9.662423;-14.566307;-12.781590;-10.252750;-5.421471;-0.565886;4.309883,106.389061;120.204430;133.795395;132.636734;131.583801;130.626740;129.763702;115.696312;101.762085;103.094223;104.302101;105.397919,npp_d20151003_t1731466_e1737270_b20378,163.902,125.5,62.2168,99.6269,67.8452,67.7159
134,VBD_npp_d20151003_t1735525_x1063780E_y053737S_l2209_s0459_v23,2017-06-01 16:11:27,-5.373678,106.377991,2.75224,2015-10-03 17:35:52,2015-10-04 00:35:52,2209,459,0.372329,8,18593,0.153195,0.14876,0.671976,0.4,0.70821,0.75,0.0110129,0.0001,4.15078e-47,999999,6.553577e-02,3,Indonesian Exclusive Economic Zone,WPP712,,SVDNB_npp_d20151003_t1731466_e1737270_b20378_c20151003233728467558_noaa_ops.h5,GDNBO_npp_d20151003_t1731466_e1737270_b20378_c20151003233728467298_noaa_ops.h5,SVI04_npp_d20151003_t1731466_e1737270_b20378_c20151003233728541959_noaa_ops.dspace_rad,VNFF_npp_d20151003_t1731466_e1737270_b20378_v21.csv,World_EEZ_v8_2014.shp,WPP_BFAR_merge.shp,KKP_IDN_merge_20161208.shp,VNF-VBD_npp_20120301-20151231_global_asia-enhanced_c201607211230.bitmask,NCEI_NGA.union.nga_lead2.add_2015ntl.mask,timezone.shp,VBD_platforms-recurring_2015_r20170330.shp,0.670707,VBD_bridges_c20160811.shp,9.202956;7.293124;4.987635;0.117751;-4.766567;-9.662423;-14.566307;-12.781590;-10.252750;-5.421471;-0.565886;4.309883,106.389061;120.204430;133.795395;132.636734;131.583801;130.626740;129.763702;115.696312;101.762085;103.094223;104.302101;105.397919,npp_d20151003_t1731466_e1737270_b20378,163.895,125.488,62.1938,100.194,67.839,67.7137
135,VBD_npp_d20151003_t1735542_x1065105E_y055181S_l2227_s0482_v23,2017-06-01 16:11:27,-5.518132,106.510513,9.47966,2015-10-03 17:35:54,2015-10-04 00:35:54,2227,482,0.376455,1,2529,0.481069,0.152197,0.857494,0.4,0.896337,0.75,0.0110549,0.0001,5.93901e-46,999999,3.316627e-02,3,Indonesian Exclusive Economic Zone,WPP712,Kepulauan Seribu Marine National Park,SVDNB_npp_d20151003_t1731466_e1737270_b20378_c20151003233728467558_noaa_ops.h5,GDNBO_npp_d20151003_t1731466_e1737270_b20378_c20151003233728467298_noaa_ops.h5,SVI04_npp_d20151003_t1731466_e1737270_b20378_c20151003233728541959_noaa_ops.dspace_rad,VNFF_npp_d20151003_t1731466_e1737270_b20378_v21.csv,World_EEZ_v8_2014.shp,WPP_BFAR_merge.shp,KKP_IDN_merge_20161208.shp,VNF-VBD_npp_20120301-20151231_global_asia-enhanced_c201607211230.bitmask,NCEI_NGA.union.nga_lead2.add_2015ntl.mask,timezone.shp,VBD_platforms-recurring_2015_r20170330.shp,999999,VBD_bridges_c20160811.shp,9.202956;7.293124;4.987635;0.117751;-4.766567;-9.662423;-14.566307;-12.781590;-10.252750;-5.421471;-0.565886;4.309883,106.389061;120.204430;133.795395;132.636734;131.583801;130.626740;129.763702;115.696312;101.762085;103.094223;104.302101;105.397919,npp_d20151003_t1731466_e1737270_b20378,163.698,125.6,61.7079,100.129,67.7648,67.6209
136,VBD_npp_d20151003_t1735542_x1065112E_y055532S_l2232_s0483_v23,2017-06-01 16:11:27,-5.553231,106.511200,14.649,2015-10-03 17:35:54,2015-10-04 00:35:54,2232,483,0.378517,1,2529,0.609473,0.146643,0.868758,0.4,0.928111,0.75,0.0110459,0.0001,5.62454e-46,999999,8.547288e-02,3,Indonesian Exclusive Economic Zone,WPP712,Kepulauan Seribu Marine National Park,SVDNB_npp_d20151003_t1731466_e1737270_b20378_c20151003233728467558_noaa_ops.h5,GDNBO_npp_d20151003_t1731466_e1737270_b20378_c20151003233728467298_noaa_ops.h5,SVI04_npp_d20151003_t1731466_e1737270_b20378_c20151003233728541959_noaa_ops.dspace_rad,VNFF_npp_d20151003_t1731466_e1737270_b20378_v21.csv,World_EEZ_v8_2014.shp,WPP_BFAR_merge.shp,KKP_IDN_merge_20161208.shp,VNF-VBD_npp_20120301-20151231_global_asia-enhanced_c201607211230.bitmask,NCEI_NGA.union.nga_lead2.add_2015ntl.mask,timezone.shp,VBD_platforms-recurring_2015_r20170330.shp,999999,VBD_bridges_c20160811.shp,9.202956;7.293124;4.987635;0.117751;-4.766567;-9.662423;-14.566307;-12.781590;-10.252750;-5.421471;-0.565886;4.309883,106.389061;120.204430;133.795395;132.636734;131.583801;130.626740;129.763702;115.696312;101.762085;103.094223;104.302101;105.397919,npp_d20151003_t1731466_e1737270_b20378,163.677,125.696,61.6875,99.945,67.7776,67.6069
137,VBD_npp_d20151003_t1735542_x1065087E_y055668S_l2234_s0483_v23,2017-06-01 16:11:27,-5.566781,106.508728,15.2017,2015-10-03 17:35:54,2015-10-04 00:35:54,2234,483,0.376241,8,18913,0.636142,0.146043,0.868758,0.4,0.930985,0.75,0.0110407,0.0001,5.23186e-46,999999,9.112173e-02,3,Indonesian Exclusive Economic Zone,WPP712,Kepulauan Seribu Marine National Park,SVDNB_npp_d20151003_t1731466_e1737270_b20378_c20151003233728467558_noaa_ops.h5,GDNBO_npp_d20151003_t1731466_e1737270_b20378_c20151003233728467298_noaa_ops.h5,SVI04_npp_d20151003_t1731466_e1737270_b20378_c20151003233728541959_noaa_ops.dspace_rad,VNFF_npp_d20151003_t1731466_e1737270_b20378_v21.csv,World_EEZ_v8_2014.shp,WPP_BFAR_merge.shp,KKP_IDN_merge_20161208.shp,VNF-VBD_npp_20120301-20151231_global_asia-enhanced_c201607211230.bitmask,NCEI_NGA.union.nga_lead2.add_2015ntl.mask,timezone.shp,VBD_platforms-recurring_2015_r20170330.shp,0.915051,VBD_bridges_c20160811.shp,9.202956;7.293124;4.987635;0.117751;-4.766567;-9.662423;-14.566307;-12.781590;-10.252750;-5.421471;-0.565886;4.309883,106.389061;120.204430;133.795395;132.636734;131.583801;130.626740;129.763702;115.696312;101.762085;103.094223;104.302101;105.397919,npp_d20151003_t1731466_e1737270_b20378,163.671,125.739,61.6878,99.8716,67.7851,67.6022
138,VBD_npp_d20151003_t1735507_x1065632E_y053766S_l2204_s0484_v23,2017-06-01 16:11:27,-5.376559,106.563194,4.41652,2015-10-03 17:35:50,2015-10-04 00:35:50,2204,484,0.377806,4,35301,0.264019,0.149047,0.690047,0.4,0.770582,0.75,0.0111218,0.0001,8.62741e-46,999999,6.283693e-02,3,Indonesian Exclusive Economic Zone,WPP712,,SVDNB_npp_d20151003_t1731466_e1737270_b20378_c20151003233728467558_noaa_ops.h5,GDNBO_npp_d20151003_t1731466_e1737270_b20378_c20151003233728467298_noaa_ops.h5,SVI04_npp_d20151003_t1731466_e1737270_b20378_c20151003233728541959_noaa_ops.dspace_rad,VNFF_npp_d20151003_t1731466_e1737270_b20378_v21.csv,World_EEZ_v8_2014.shp,WPP_BFAR_merge.shp,KKP_IDN_merge_20161208.shp,VNF-VBD_npp_20120301-20151231_global_asia-enhanced_c201607211230.bitmask,NCEI_NGA.union.nga_lead2.add_2015ntl.mask,timezone.shp,VBD_platforms-recurring_2015_r20170330.shp,999999,VBD_bridges_c20160811.shp,9.202956;7.293124;4.987635;0.117751;-4.766567;-9.662423;-14.566307;-12.781590;-10.252750;-5.421471;-0.565886;4.309883,106.389061;120.204430;133.795395;132.636734;131.583801;130.626740;129.763702;115.696312;101.762085;103.094223;104.302101;105.397919,npp_d20151003_t1731466_e1737270_b20378,163.749,125.126,61.6703,99.7552,67.675,67.6671
139,VBD_npp_d20151003_t1735542_x1065280E_y055771S_l2235_s0486_v23,2017-06-01 16:11:27,-5.577141,106.527977,6.05751,2015-10-03 17:35:54,2015-10-04 00:35:54,2235,486,0.371973,8,18913,0.336155,0.137114,0.848001,0.4,0.859602,0.75,0.0110497,0.0001,7.34055e-46,999999,1.752229e-01,3,Indonesian Exclusive Economic Zone,WPP712,Kepulauan Seribu Marine National Park,SVDNB_npp_d20151003_t1731466_e1737270_b20378_c20151003233728467558_noaa_ops.h5,GDNBO_npp_d20151003_t1731466_e1737270_b20378_c20151003233728467298_noaa_ops.h5,SVI04_npp_d20151003_t1731466_e1737270_b20378_c20151003233728541959_noaa_ops.dspace_rad,VNFF_npp_d20151003_t1731466_e1737270_b20378_v21.csv,World_EEZ_v8_2014.shp,WPP_BFAR_merge.shp,KKP_IDN_merge_20161208.shp,VNF-VBD_npp_20120301-20151231_global_asia-enhanced_c201607211230.bitmask,NCEI_NGA.union.nga_lead2.add_2015ntl.mask,timezone.shp,VBD_platforms-recurring_2015_r20170330.shp,0.260969,VBD_bridges_c20160811.shp,9.202956;7.293124;4.987635;0.117751;-4.766567;-9.662423;-14.566307;-12.781590;-10.252750;-5.421471;-0.565886;4.309883,106.389061;120.204430;133.795395;132.636734;131.583801;130.626740;129.763702;115.696312;101.762085;103.094223;104.302101;105.397919,npp_d20151003_t1731466_e1737270_b20378,163.649,125.727,61.6253,99.8327,67.7712,67.5931
140,VBD_npp_d20151003_t1735560_x1065285E_y056774S_l2250_s0490_v23,2017-06-01 16:11:27,-5.677440,106.528549,10.0897,2015-10-03 17:35:56,2015-10-04 00:35:56,2250,490,0.374676,1,2529,0.551107,0.162079,0.842147,0.4,0.918037,0.75,0.0110264,0.0001,9.50267e-46,999999,-5.991020e-02,3,Indonesian Exclusive Economic Zone,WPP712,Kepulauan Seribu Marine National Park,SVDNB_npp_d20151003_t1731466_e1737270_b20378_c20151003233728467558_noaa_ops.h5,GDNBO_npp_d20151003_t1731466_e1737270_b20378_c20151003233728467298_noaa_ops.h5,SVI04_npp_d20151003_t1731466_e1737270_b20378_c20151003233728541959_noaa_ops.dspace_rad,VNFF_npp_d20151003_t1731466_e1737270_b20378_v21.csv,World_EEZ_v8_2014.shp,WPP_BFAR_merge.shp,KKP_IDN_merge_20161208.shp,VNF-VBD_npp_20120301-20151231_global_asia-enhanced_c201607211230.bitmask,NCEI_NGA.union.nga_lead2.add_2015ntl.mask,timezone.shp,VBD_platforms-recurring_2015_r20170330.shp,999999,VBD_bridges_c20160811.shp,9.202956;7.293124;4.987635;0.117751;-4.766567;-9.662423;-14.566307;-12.781590;-10.252750;-5.421471;-0.565886;4.309883,106.389061;120.204430;133.795395;132.636734;131.583801;130.626740;129.763702;115.696312;101.762085;103.094223;104.302101;105.397919,npp_d20151003_t1731466_e1737270_b20378,163.584,125.987,61.5486,99.8866,67.8026,67.5516
141,VBD_npp_d20151003_t1735542_x1065848E_y055732S_l2233_s0494_v23,2017-06-01 16:11:27,-5.573167,106.584755,4.12027,2015-10-03 17:35:54,2015-10-04 00:35:54,2233,494,0.375886,1,2529,0.256072,0.153662,0.774644,0.4,0.849408,0.75,0.0110855,0.0001,2.11857e-45,999999,1.936877e-02,3,Indonesian Exclusive Economic Zone,WPP712,Kepulauan Seribu Marine National Park,SVDNB_npp_d20151003_t1731466_e1737270_b20378_c20151003233728467558_noaa_ops.h5,GDNBO_npp_d20151003_t1731466_e1737270_b20378_c20151003233728467298_noaa_ops.h5,SVI04_npp_d20151003_t1731466_e1737270_b20378_c20151003233728541959_noaa_ops.dspace_rad,VNFF_npp_d20151003_t1731466_e1737270_b20378_v21.csv,World_EEZ_v8_2014.shp,WPP_BFAR_merge.shp,KKP_IDN_merge_20161208.shp,VNF-VBD_npp_20120301-20151231_global_asia-enhanced_c201607211230.bitmask,NCEI_NGA.union.nga_lead2.add_2015ntl.mask,timezone.shp,VBD_platforms-recurring_2015_r20170330.shp,999999,VBD_bridges_c20160811.shp,9.202956;7.293124;4.987635;0.117751;-4.766567;-9.662423;-14.566307;-12.781590;-10.252750;-5.421471;-0.565886;4.309883,106.389061;120.204430;133.795395;132.636734;131.583801;130.626740;129.763702;115.696312;101.762085;103.094223;104.302101;105.397919,npp_d20151003_t1731466_e1737270_b20378,163.606,125.599,61.4582,99.9008,67.7171,67.58
142,VBD_npp_d20151003_t1736014_x1065885E_y059672S_l2292_s0509_v23,2017-06-01 16:11:27,-5.967159,106.588539,4.00253,2015-10-03 17:36:01,2015-10-04 00:36:01,2292,509,0.377593,2,2209,0.191232,0.159042,0.5795,0.4,0.7287,0.75,0.0109907,0.0001,6.18239e-45,999999,-3.131241e-02,3,Indonesian Exclusive Economic Zone,WPP712,,SVDNB_npp_d20151003_t1731466_e1737270_b20378_c20151003233728467558_noaa_ops.h5,GDNBO_npp_d20151003_t1731466_e1737270_b20378_c20151003233728467298_noaa_ops.h5,SVI04_npp_d20151003_t1731466_e1737270_b20378_c20151003233728541959_noaa_ops.dspace_rad,VNFF_npp_d20151003_t1731466_e1737270_b20378_v21.csv,World_EEZ_v8_2014.shp,WPP_BFAR_merge.shp,KKP_IDN_merge_20161208.shp,VNF-VBD_npp_20120301-20151231_global_asia-enhanced_c201607211230.bitmask,NCEI_NGA.union.nga_lead2.add_2015ntl.mask,timezone.shp,VBD_platforms-recurring_2015_r20170330.shp,999999,VBD_bridges_c20160811.shp,9.202956;7.293124;4.987635;0.117751;-4.766567;-9.662423;-14.566307;-12.781590;-10.252750;-5.421471;-0.565886;4.309883,106.389061;120.204430;133.795395;132.636734;131.583801;130.626740;129.763702;115.696312;101.762085;103.094223;104.302101;105.397919,npp_d20151003_t1731466_e1737270_b20378,163.347,126.602,61.1472,100.159,67.8389,67.4162
143,VBD_npp_d20151003_t1735578_x1067713E_y058130S_l2264_s0529_v23,2017-06-01 16:11:27,-5.813032,106.771339,81.6521,2015-10-03 17:35:57,2015-10-04 00:35:57,2264,529,0.330931,1,2529,1.08719,0.157351,0.852456,0.4,0.934751,0.75,0.01114,0.0001,9.52873e-44,999999,-1.538203e-02,3,Indonesian Exclusive Economic Zone,WPP712,,SVDNB_npp_d20151003_t1731466_e1737270_b20378_c20151003233728467558_noaa_ops.h5,GDNBO_npp_d20151003_t1731466_e1737270_b20378_c20151003233728467298_noaa_ops.h5,SVI04_npp_d20151003_t1731466_e1737270_b20378_c20151003233728541959_noaa_ops.dspace_rad,VNFF_npp_d20151003_t1731466_e1737270_b20378_v21.csv,World_EEZ_v8_2014.shp,WPP_BFAR_merge.shp,KKP_IDN_merge_20161208.shp,VNF-VBD_npp_20120301-20151231_global_asia-enhanced_c201607211230.bitmask,NCEI_NGA.union.nga_lead2.add_2015ntl.mask,timezone.shp,VBD_platforms-recurring_2015_r20170330.shp,999999,VBD_bridges_c20160811.shp,9.202956;7.293124;4.987635;0.117751;-4.766567;-9.662423;-14.566307;-12.781590;-10.252750;-5.421471;-0.565886;4.309883,106.389061;120.204430;133.795395;132.636734;131.583801;130.626740;129.763702;115.696312;101.762085;103.094223;104.302101;105.397919,npp_d20151003_t1731466_e1737270_b20378,163.303,125.841,60.7199,99.9558,67.6236,67.4322
144,VBD_npp_d20151003_t1735596_x1067681E_y059482S_l2284_s0533_v23,2017-06-01 16:11:27,-5.948193,106.768059,7.98853,2015-10-03 17:35:59,2015-10-04 00:35:59,2284,533,0.377877,8,18913,0.400367,0.140919,0.786642,0.4,0.89834,0.75,0.0111036,0.0001,1.07323e-43,999999,1.393838e-01,3,Indonesian Exclusive Economic Zone,WPP712,,SVDNB_npp_d20151003_t1731466_e1737270_b20378_c20151003233728467558_noaa_ops.h5,GDNBO_npp_d20151003_t1731466_e1737270_b20378_c20151003233728467298_noaa_ops.h5,SVI04_npp_d20151003_t1731466_e1737270_b20378_c20151003233728541959_noaa_ops.dspace_rad,VNFF_npp_d20151003_t1731466_e1737270_b20378_v21.csv,World_EEZ_v8_2014.shp,WPP_BFAR_merge.shp,KKP_IDN_merge_20161208.shp,VNF-VBD_npp_20120301-20151231_global_asia-enhanced_c201607211230.bitmask,NCEI_NGA.union.nga_lead2.add_2015ntl.mask,timezone.shp,VBD_platforms-recurring_2015_r20170330.shp,0.793557,VBD_bridges_c20160811.shp,9.202956;7.293124;4.987635;0.117751;-4.766567;-9.662423;-14.566307;-12.781590;-10.252750;-5.421471;-0.565886;4.309883,106.389061;120.204430;133.795395;132.636734;131.583801;130.626740;129.763702;115.696312;101.762085;103.094223;104.302101;105.397919,npp_d20151003_t1731466_e1737270_b20378,163.22,126.196,60.6337,99.8176,67.6723,67.3776
145,VBD_npp_d20151003_t1735560_x1068315E_y057097S_l2247_s0534_v23,2017-06-01 16:11:27,-5.709713,106.831520,30.2344,2015-10-03 17:35:56,2015-10-04 00:35:56,2247,534,0.377095,1,2529,0.887093,0.162817,0.867929,0.4,0.957773,0.75,0.0112031,0.0001,2.19863e-43,999999,-6.686575e-02,3,Indonesian Exclusive Economic Zone,WPP712,,SVDNB_npp_d20151003_t1731466_e1737270_b20378_c20151003233728467558_noaa_ops.h5,GDNBO_npp_d20151003_t1731466_e1737270_b20378_c20151003233728467298_noaa_ops.h5,SVI04_npp_d20151003_t1731466_e1737270_b20378_c20151003233728541959_noaa_ops.dspace_rad,VNFF_npp_d20151003_t1731466_e1737270_b20378_v21.csv,World_EEZ_v8_2014.shp,WPP_BFAR_merge.shp,KKP_IDN_merge_20161208.shp,VNF-VBD_npp_20120301-20151231_global_asia-enhanced_c201607211230.bitmask,NCEI_NGA.union.nga_lead2.add_2015ntl.mask,timezone.shp,VBD_platforms-recurring_2015_r20170330.shp,999999,VBD_bridges_c20160811.shp,9.202956;7.293124;4.987635;0.117751;-4.766567;-9.662423;-14.566307;-12.781590;-10.252750;-5.421471;-0.565886;4.309883,106.389061;120.204430;133.795395;132.636734;131.583801;130.626740;129.763702;115.696312;101.762085;103.094223;104.302101;105.397919,npp_d20151003_t1731466_e1737270_b20378,163.321,125.453,60.6141,99.9694,67.5347,67.4593
146,VBD_npp_d20151003_t1736014_x1067684E_y059910S_l2291_s0535_v23,2017-06-01 16:11:27,-5.991014,106.768425,7.80515,2015-10-03 17:36:01,2015-10-04 00:36:01,2291,535,0.376455,8,18913,0.362939,0.178685,0.74247,0.4,0.789323,0.75,0.011093,0.0001,1.53488e-43,999999,-2.163193e-01,3,Indonesian Exclusive Economic Zone,WPP712,,SVDNB_npp_d20151003_t1731466_e1737270_b20378_c20151003233728467558_noaa_ops.h5,GDNBO_npp_d20151003_t1731466_e1737270_b20378_c20151003233728467298_noaa_ops.h5,SVI04_npp_d20151003_t1731466_e1737270_b20378_c20151003233728541959_noaa_ops.dspace_rad,VNFF_npp_d20151003_t1731466_e1737270_b20378_v21.csv,World_EEZ_v8_2014.shp,WPP_BFAR_merge.shp,KKP_IDN_merge_20161208.shp,VNF-VBD_npp_20120301-20151231_global_asia-enhanced_c201607211230.bitmask,NCEI_NGA.union.nga_lead2.add_2015ntl.mask,timezone.shp,VBD_platforms-recurring_2015_r20170330.shp,0.825445,VBD_bridges_c20160811.shp,9.202956;7.293124;4.987635;0.117751;-4.766567;-9.662423;-14.566307;-12.781590;-10.252750;-5.421471;-0.565886;4.309883,106.389061;120.204430;133.795395;132.636734;131.583801;130.626740;129.763702;115.696312;101.762085;103.094223;104.302101;105.397919,npp_d20151003_t1731466_e1737270_b20378,163.189,126.294,60.586,100.186,67.6819,67.3586
147,VBD_npp_d20151003_t1735525_x1069016E_y055223S_l2217_s0537_v23,2017-06-01 16:11:27,-5.522268,106.901627,43.5754,2015-10-03 17:35:52,2015-10-04 00:35:52,2217,537,0.378589,1,2529,0.986251,0.144305,0.874553,0.4,0.945849,0.75,0.0112921,0.0001,4.58213e-43,999999,1.074980e-01,3,Indonesian Exclusive Economic Zone,WPP712,,SVDNB_npp_d20151003_t1731466_e1737270_b20378_c20151003233728467558_noaa_ops.h5,GDNBO_npp_d20151003_t1731466_e1737270_b20378_c20151003233728467298_noaa_ops.h5,SVI04_npp_d20151003_t1731466_e1737270_b20378_c20151003233728541959_noaa_ops.dspace_rad,VNFF_npp_d20151003_t1731466_e1737270_b20378_v21.csv,World_EEZ_v8_2014.shp,WPP_BFAR_merge.shp,KKP_IDN_merge_20161208.shp,VNF-VBD_npp_20120301-20151231_global_asia-enhanced_c201607211230.bitmask,NCEI_NGA.union.nga_lead2.add_2015ntl.mask,timezone.shp,VBD_platforms-recurring_2015_r20170330.shp,999999,VBD_bridges_c20160811.shp,9.202956;7.293124;4.987635;0.117751;-4.766567;-9.662423;-14.566307;-12.781590;-10.252750;-5.421471;-0.565886;4.309883,106.389061;120.204430;133.795395;132.636734;131.583801;130.626740;129.763702;115.696312;101.762085;103.094223;104.302101;105.397919,npp_d20151003_t1731466_e1737270_b20378,163.384,124.829,60.5459,99.8486,67.4108,67.5196
148,VBD_npp_d20151003_t1733533_x1085409E_y013830N_l1142_s0538_v23,2017-06-01 16:11:27,1.382967,108.540947,10.5998,2015-10-03 17:33:53,2015-10-04 00:33:53,1142,538,0.32524,10,2433,0.24695,0.128912,0.289015,0.4,0.448307,0.75,0.0136637,0.0001,1.20131e-37,999999,2.330850e-01,3,Indonesian Exclusive Economic Zone,WPP711,,SVDNB_npp_d20151003_t1731466_e1737270_b20378_c20151003233728467558_noaa_ops.h5,GDNBO_npp_d20151003_t1731466_e1737270_b20378_c20151003233728467298_noaa_ops.h5,SVI04_npp_d20151003_t1731466_e1737270_b20378_c20151003233728541959_noaa_ops.dspace_rad,VNFF_npp_d20151003_t1731466_e1737270_b20378_v21.csv,World_EEZ_v8_2014.shp,WPP_BFAR_merge.shp,KKP_IDN_merge_20161208.shp,VNF-VBD_npp_20120301-20151231_global_asia-enhanced_c201607211230.bitmask,NCEI_NGA.union.nga_lead2.add_2015ntl.mask,timezone.shp,VBD_platforms-recurring_2015_r20170330.shp,999999,VBD_bridges_c20160811.shp,9.202956;7.293124;4.987635;0.117751;-4.766567;-9.662423;-14.566307;-12.781590;-10.252750;-5.421471;-0.565886;4.309883,106.389061;120.204430;133.795395;132.636734;131.583801;130.626740;129.763702;115.696312;101.762085;103.094223;104.302101;105.397919,npp_d20151003_t1731466_e1737270_b20378,165.029,100.492,60.5044,98.6755,63.8155,70.3243
149,VBD_npp_d20151003_t1735596_x1067983E_y059748S_l2287_s0538_v23,2017-06-01 16:11:27,-5.974792,106.798309,12.0771,2015-10-03 17:35:59,2015-10-04 00:35:59,2287,538,0.373752,8,18913,0.494328,0.171034,0.79537,0.4,0.866085,0.75,0.0111149,0.0001,1.75144e-43,999999,-1.442615e-01,3,Indonesian Exclusive Economic Zone,WPP712,,SVDNB_npp_d20151003_t1731466_e1737270_b20378_c20151003233728467558_noaa_ops.h5,GDNBO_npp_d20151003_t1731466_e1737270_b20378_c20151003233728467298_noaa_ops.h5,SVI04_npp_d20151003_t1731466_e1737270_b20378_c20151003233728541959_noaa_ops.dspace_rad,VNFF_npp_d20151003_t1731466_e1737270_b20378_v21.csv,World_EEZ_v8_2014.shp,WPP_BFAR_merge.shp,KKP_IDN_merge_20161208.shp,VNF-VBD_npp_20120301-20151231_global_asia-enhanced_c201607211230.bitmask,NCEI_NGA.union.nga_lead2.add_2015ntl.mask,timezone.shp,VBD_platforms-recurring_2015_r20170330.shp,0.188419,VBD_bridges_c20160811.shp,9.202956;7.293124;4.987635;0.117751;-4.766567;-9.662423;-14.566307;-12.781590;-10.252750;-5.421471;-0.565886;4.309883,106.389061;120.204430;133.795395;132.636734;131.583801;130.626740;129.763702;115.696312;101.762085;103.094223;104.302101;105.397919,npp_d20151003_t1731466_e1737270_b20378,163.18,126.205,60.5264,99.6977,67.6546,67.359
150,VBD_npp_d20151003_t1735293_x1072427E_y042047S_l2011_s0539_v23,2017-06-01 16:11:27,-4.204700,107.242744,4.41921,2015-10-03 17:35:29,2015-10-04 00:35:29,2011,539,0.313504,1,2529,0.24503,0.174528,0.665009,0.4,0.756313,0.75,0.0118326,0.0001,8.20378e-42,999999,-1.771705e-01,3,Indonesian Exclusive Economic Zone,WPP712,,SVDNB_npp_d20151003_t1731466_e1737270_b20378_c20151003233728467558_noaa_ops.h5,GDNBO_npp_d20151003_t1731466_e1737270_b20378_c20151003233728467298_noaa_ops.h5,SVI04_npp_d20151003_t1731466_e1737270_b20378_c20151003233728541959_noaa_ops.dspace_rad,VNFF_npp_d20151003_t1731466_e1737270_b20378_v21.csv,World_EEZ_v8_2014.shp,WPP_BFAR_merge.shp,KKP_IDN_merge_20161208.shp,VNF-VBD_npp_20120301-20151231_global_asia-enhanced_c201607211230.bitmask,NCEI_NGA.union.nga_lead2.add_2015ntl.mask,timezone.shp,VBD_platforms-recurring_2015_r20170330.shp,999999,VBD_bridges_c20160811.shp,9.202956;7.293124;4.987635;0.117751;-4.766567;-9.662423;-14.566307;-12.781590;-10.252750;-5.421471;-0.565886;4.309883,106.389061;120.204430;133.795395;132.636734;131.583801;130.626740;129.763702;115.696312;101.762085;103.094223;104.302101;105.397919,npp_d20151003_t1731466_e1737270_b20378,163.891,120.583,60.497,99.5091,66.6784,67.996
151,VBD_npp_d20151003_t1735044_x1075928E_y027886S_l1790_s0540_v23,2017-06-01 16:11:27,-2.788641,107.592804,65.5605,2015-10-03 17:35:04,2015-10-04 00:35:04,1790,540,0.533085,4,2541,1.02806,0.0911491,0.816515,0.4,0.936139,0.75,0.0122506,0.0001,1.26726e-40,999999,6.081575e-01,3,Indonesian Exclusive Economic Zone,WPP711,,SVDNB_npp_d20151003_t1731466_e1737270_b20378_c20151003233728467558_noaa_ops.h5,GDNBO_npp_d20151003_t1731466_e1737270_b20378_c20151003233728467298_noaa_ops.h5,SVI04_npp_d20151003_t1731466_e1737270_b20378_c20151003233728541959_noaa_ops.dspace_rad,VNFF_npp_d20151003_t1731466_e1737270_b20378_v21.csv,World_EEZ_v8_2014.shp,WPP_BFAR_merge.shp,KKP_IDN_merge_20161208.shp,VNF-VBD_npp_20120301-20151231_global_asia-enhanced_c201607211230.bitmask,NCEI_NGA.union.nga_lead2.add_2015ntl.mask,timezone.shp,VBD_platforms-recurring_2015_r20170330.shp,999999,VBD_bridges_c20160811.shp,9.202956;7.293124;4.987635;0.117751;-4.766567;-9.662423;-14.566307;-12.781590;-10.252750;-5.421471;-0.565886;4.309883,106.389061;120.204430;133.795395;132.636734;131.583801;130.626740;129.763702;115.696312;101.762085;103.094223;104.302101;105.397919,npp_d20151003_t1731466_e1737270_b20378,164.343,115.771,60.4736,99.1179,65.9171,68.5402
152,VBD_npp_d20151003_t1735596_x1068292E_y059589S_l2284_s0542_v23,2017-06-01 16:11:27,-5.958893,106.829208,35.1092,2015-10-03 17:35:59,2015-10-04 00:35:59,2284,542,0.379656,2,2465,0.522622,0.139432,0.795532,0.4,0.71184,0.75,0.0111381,0.0001,3.12753e-43,999999,1.533956e-01,3,Indonesian Exclusive Economic Zone,WPP712,,SVDNB_npp_d20151003_t1731466_e1737270_b20378_c20151003233728467558_noaa_ops.h5,GDNBO_npp_d20151003_t1731466_e1737270_b20378_c20151003233728467298_noaa_ops.h5,SVI04_npp_d20151003_t1731466_e1737270_b20378_c20151003233728541959_noaa_ops.dspace_rad,VNFF_npp_d20151003_t1731466_e1737270_b20378_v21.csv,World_EEZ_v8_2014.shp,WPP_BFAR_merge.shp,KKP_IDN_merge_20161208.shp,VNF-VBD_npp_20120301-20151231_global_asia-enhanced_c201607211230.bitmask,NCEI_NGA.union.nga_lead2.add_2015ntl.mask,timezone.shp,VBD_platforms-recurring_2015_r20170330.shp,999999,VBD_bridges_c20160811.shp,9.202956;7.293124;4.987635;0.117751;-4.766567;-9.662423;-14.566307;-12.781590;-10.252750;-5.421471;-0.565886;4.309883,106.389061;120.204430;133.795395;132.636734;131.583801;130.626740;129.763702;115.696312;101.762085;103.094223;104.302101;105.397919,npp_d20151003_t1731466_e1737270_b20378,163.165,126.099,60.4392,99.8109,67.6199,67.357
153,VBD_npp_d20151003_t1735596_x1068267E_y059726S_l2286_s0542_v23,2017-06-01 16:11:27,-5.972630,106.826683,9.31452,2015-10-03 17:35:59,2015-10-04 00:35:59,2286,542,0.38371,8,18913,0.320237,0.148099,0.795532,0.4,0.754702,0.75,0.0111329,0.0001,2.91401e-43,999999,7.176478e-02,3,Indonesian Exclusive Economic Zone,WPP712,,SVDNB_npp_d20151003_t1731466_e1737270_b20378_c20151003233728467558_noaa_ops.h5,GDNBO_npp_d20151003_t1731466_e1737270_b20378_c20151003233728467298_noaa_ops.h5,SVI04_npp_d20151003_t1731466_e1737270_b20378_c20151003233728541959_noaa_ops.dspace_rad,VNFF_npp_d20151003_t1731466_e1737270_b20378_v21.csv,World_EEZ_v8_2014.shp,WPP_BFAR_merge.shp,KKP_IDN_merge_20161208.shp,VNF-VBD_npp_20120301-20151231_global_asia-enhanced_c201607211230.bitmask,NCEI_NGA.union.nga_lead2.add_2015ntl.mask,timezone.shp,VBD_platforms-recurring_2015_r20170330.shp,0.339592,VBD_bridges_c20160811.shp,9.202956;7.293124;4.987635;0.117751;-4.766567;-9.662423;-14.566307;-12.781590;-10.252750;-5.421471;-0.565886;4.309883,106.389061;120.204430;133.795395;132.636734;131.583801;130.626740;129.763702;115.696312;101.762085;103.094223;104.302101;105.397919,npp_d20151003_t1731466_e1737270_b20378,163.159,126.141,60.4397,99.7334,67.6276,67.3522
154,VBD_npp_d20151003_t1735596_x1068457E_y059830S_l2287_s0545_v23,2017-06-01 16:11:27,-5.983014,106.845695,6.54987,2015-10-03 17:35:59,2015-10-04 00:35:59,2287,545,0.372969,8,18849,0.255695,0.15117,0.777343,0.4,0.679877,0.75,0.0111418,0.0001,4.00181e-43,999999,4.284047e-02,3,Indonesian Exclusive Economic Zone,WPP712,,SVDNB_npp_d20151003_t1731466_e1737270_b20378_c20151003233728467558_noaa_ops.h5,GDNBO_npp_d20151003_t1731466_e1737270_b20378_c20151003233728467298_noaa_ops.h5,SVI04_npp_d20151003_t1731466_e1737270_b20378_c20151003233728541959_noaa_ops.dspace_rad,VNFF_npp_d20151003_t1731466_e1737270_b20378_v21.csv,World_EEZ_v8_2014.shp,WPP_BFAR_merge.shp,KKP_IDN_merge_20161208.shp,VNF-VBD_npp_20120301-20151231_global_asia-enhanced_c201607211230.bitmask,NCEI_NGA.union.nga_lead2.add_2015ntl.mask,timezone.shp,VBD_platforms-recurring_2015_r20170330.shp,0.668846,VBD_bridges_c20160811.shp,9.202956;7.293124;4.987635;0.117751;-4.766567;-9.662423;-14.566307;-12.781590;-10.252750;-5.421471;-0.565886;4.309883,106.389061;120.204430;133.795395;132.636734;131.583801;130.626740;129.763702;115.696312;101.762085;103.094223;104.302101;105.397919,npp_d20151003_t1731466_e1737270_b20378,163.137,126.13,60.3752,99.6923,67.6141,67.343
155,VBD_npp_d20151003_t1736014_x1068379E_y060318S_l2295_s0546_v23,2017-06-01 16:11:27,-6.031812,106.837891,6.46549,2015-10-03 17:36:01,2015-10-04 00:36:01,2295,546,0.381718,2,2209,0.169823,0.12812,0.595774,0.4,0.573013,0.75,0.0111247,0.0001,4.89255e-43,999999,2.599355e-01,3,Indonesian Exclusive Economic Zone,WPP712,,SVDNB_npp_d20151003_t1731466_e1737270_b20378_c20151003233728467558_noaa_ops.h5,GDNBO_npp_d20151003_t1731466_e1737270_b20378_c20151003233728467298_noaa_ops.h5,SVI04_npp_d20151003_t1731466_e1737270_b20378_c20151003233728541959_noaa_ops.dspace_rad,VNFF_npp_d20151003_t1731466_e1737270_b20378_v21.csv,World_EEZ_v8_2014.shp,WPP_BFAR_merge.shp,KKP_IDN_merge_20161208.shp,VNF-VBD_npp_20120301-20151231_global_asia-enhanced_c201607211230.bitmask,NCEI_NGA.union.nga_lead2.add_2015ntl.mask,timezone.shp,VBD_platforms-recurring_2015_r20170330.shp,999999,VBD_bridges_c20160811.shp,9.202956;7.293124;4.987635;0.117751;-4.766567;-9.662423;-14.566307;-12.781590;-10.252750;-5.421471;-0.565886;4.309883,106.389061;120.204430;133.795395;132.636734;131.583801;130.626740;129.763702;115.696312;101.762085;103.094223;104.302101;105.397919,npp_d20151003_t1731466_e1737270_b20378,163.109,126.26,60.3488,100.024,67.6336,67.3238
156,VBD_npp_d20151003_t1736014_x1068434E_y060399S_l2296_s0547_v23,2017-06-01 16:11:27,-6.039859,106.843361,7.88091,2015-10-03 17:36:01,2015-10-04 00:36:01,2296,547,0.379086,2,2209,0.148925,0.147012,0.624702,0.4,0.520933,0.75,0.011126,0.0001,5.30949e-43,999999,8.200131e-02,3,Indonesian Exclusive Economic Zone,WPP712,,SVDNB_npp_d20151003_t1731466_e1737270_b20378_c20151003233728467558_noaa_ops.h5,GDNBO_npp_d20151003_t1731466_e1737270_b20378_c20151003233728467298_noaa_ops.h5,SVI04_npp_d20151003_t1731466_e1737270_b20378_c20151003233728541959_noaa_ops.dspace_rad,VNFF_npp_d20151003_t1731466_e1737270_b20378_v21.csv,World_EEZ_v8_2014.shp,WPP_BFAR_merge.shp,KKP_IDN_merge_20161208.shp,VNF-VBD_npp_20120301-20151231_global_asia-enhanced_c201607211230.bitmask,NCEI_NGA.union.nga_lead2.add_2015ntl.mask,timezone.shp,VBD_platforms-recurring_2015_r20170330.shp,999999,VBD_bridges_c20160811.shp,9.202956;7.293124;4.987635;0.117751;-4.766567;-9.662423;-14.566307;-12.781590;-10.252750;-5.421471;-0.565886;4.309883,106.389061;120.204430;133.795395;132.636734;131.583801;130.626740;129.763702;115.696312;101.762085;103.094223;104.302101;105.397919,npp_d20151003_t1731466_e1737270_b20378,163.1,126.271,60.3274,99.984,67.6317,67.3191
157,VBD_npp_d20151003_t1736014_x1068764E_y060104S_l2291_s0551_v23,2017-06-01 16:11:27,-6.010400,106.876396,7.10181,2015-10-03 17:36:01,2015-10-04 00:36:01,2291,551,0.380936,2,2465,0.268294,0.165025,0.761369,0.4,0.675028,0.75,0.0111543,0.0001,1.00316e-42,999999,-8.766444e-02,3,Indonesian Exclusive Economic Zone,WPP712,,SVDNB_npp_d20151003_t1731466_e1737270_b20378_c20151003233728467558_noaa_ops.h5,GDNBO_npp_d20151003_t1731466_e1737270_b20378_c20151003233728467298_noaa_ops.h5,SVI04_npp_d20151003_t1731466_e1737270_b20378_c20151003233728541959_noaa_ops.dspace_rad,VNFF_npp_d20151003_t1731466_e1737270_b20378_v21.csv,World_EEZ_v8_2014.shp,WPP_BFAR_merge.shp,KKP_IDN_merge_20161208.shp,VNF-VBD_npp_20120301-20151231_global_asia-enhanced_c201607211230.bitmask,NCEI_NGA.union.nga_lead2.add_2015ntl.mask,timezone.shp,VBD_platforms-recurring_2015_r20170330.shp,999999,VBD_bridges_c20160811.shp,9.202956;7.293124;4.987635;0.117751;-4.766567;-9.662423;-14.566307;-12.781590;-10.252750;-5.421471;-0.565886;4.309883,106.389061;120.204430;133.795395;132.636734;131.583801;130.626740;129.763702;115.696312;101.762085;103.094223;104.302101;105.397919,npp_d20151003_t1731466_e1737270_b20378,163.091,126.125,60.2409,100.175,67.5897,67.3219
158,VBD_npp_d20151003_t1735596_x1069091E_y059799S_l2285_s0554_v23,2017-06-01 16:11:27,-5.979913,106.909103,7.56828,2015-10-03 17:35:59,2015-10-04 00:35:59,2285,554,0.380438,1,2529,0.318289,0.164882,0.79389,0.4,0.791769,0.75,0.0111815,0.0001,1.23008e-42,999999,-8.631442e-02,3,Indonesian Exclusive Economic Zone,WPP712,,SVDNB_npp_d20151003_t1731466_e1737270_b20378_c20151003233728467558_noaa_ops.h5,GDNBO_npp_d20151003_t1731466_e1737270_b20378_c20151003233728467298_noaa_ops.h5,SVI04_npp_d20151003_t1731466_e1737270_b20378_c20151003233728541959_noaa_ops.dspace_rad,VNFF_npp_d20151003_t1731466_e1737270_b20378_v21.csv,World_EEZ_v8_2014.shp,WPP_BFAR_merge.shp,KKP_IDN_merge_20161208.shp,VNF-VBD_npp_20120301-20151231_global_asia-enhanced_c201607211230.bitmask,NCEI_NGA.union.nga_lead2.add_2015ntl.mask,timezone.shp,VBD_platforms-recurring_2015_r20170330.shp,999999,VBD_bridges_c20160811.shp,9.202956;7.293124;4.987635;0.117751;-4.766567;-9.662423;-14.566307;-12.781590;-10.252750;-5.421471;-0.565886;4.309883,106.389061;120.204430;133.795395;132.636734;131.583801;130.626740;129.763702;115.696312;101.762085;103.094223;104.302101;105.397919,npp_d20151003_t1731466_e1737270_b20378,163.088,125.993,60.1793,99.763,67.5543,67.3271
159,VBD_npp_d20151003_t1736014_x1068982E_y060073S_l2290_s0554_v23,2017-06-01 16:11:27,-6.007254,106.898193,13.7713,2015-10-03 17:36:01,2015-10-04 00:36:01,2290,554,0.37425,2,2465,0.410466,0.165497,0.807895,0.4,0.715957,0.75,0.0111685,0.0001,1.47847e-42,999999,-9.210840e-02,3,Indonesian Exclusive Economic Zone,WPP712,,SVDNB_npp_d20151003_t1731466_e1737270_b20378_c20151003233728467558_noaa_ops.h5,GDNBO_npp_d20151003_t1731466_e1737270_b20378_c20151003233728467298_noaa_ops.h5,SVI04_npp_d20151003_t1731466_e1737270_b20378_c20151003233728541959_noaa_ops.dspace_rad,VNFF_npp_d20151003_t1731466_e1737270_b20378_v21.csv,World_EEZ_v8_2014.shp,WPP_BFAR_merge.shp,KKP_IDN_merge_20161208.shp,VNF-VBD_npp_20120301-20151231_global_asia-enhanced_c201607211230.bitmask,NCEI_NGA.union.nga_lead2.add_2015ntl.mask,timezone.shp,VBD_platforms-recurring_2015_r20170330.shp,999999,VBD_bridges_c20160811.shp,9.202956;7.293124;4.987635;0.117751;-4.766567;-9.662423;-14.566307;-12.781590;-10.252750;-5.421471;-0.565886;4.309883,106.389061;120.204430;133.795395;132.636734;131.583801;130.626740;129.763702;115.696312;101.762085;103.094223;104.302101;105.397919,npp_d20151003_t1731466_e1737270_b20378,163.075,126.072,60.1747,100.212,67.5684,67.3173
160,VBD_npp_d20151003_t1736014_x1068945E_y060278S_l2293_s0554_v23,2017-06-01 16:11:27,-6.027751,106.894470,8.84606,2015-10-03 17:36:01,2015-10-04 00:36:01,2293,554,0.376526,2,2465,0.212973,0.163263,0.761369,0.4,0.617646,0.75,0.0111606,0.0001,1.33462e-42,999999,-7.106013e-02,3,Indonesian Exclusive Economic Zone,WPP712,,SVDNB_npp_d20151003_t1731466_e1737270_b20378_c20151003233728467558_noaa_ops.h5,GDNBO_npp_d20151003_t1731466_e1737270_b20378_c20151003233728467298_noaa_ops.h5,SVI04_npp_d20151003_t1731466_e1737270_b20378_c20151003233728541959_noaa_ops.dspace_rad,VNFF_npp_d20151003_t1731466_e1737270_b20378_v21.csv,World_EEZ_v8_2014.shp,WPP_BFAR_merge.shp,KKP_IDN_merge_20161208.shp,VNF-VBD_npp_20120301-20151231_global_asia-enhanced_c201607211230.bitmask,NCEI_NGA.union.nga_lead2.add_2015ntl.mask,timezone.shp,VBD_platforms-recurring_2015_r20170330.shp,999999,VBD_bridges_c20160811.shp,9.202956;7.293124;4.987635;0.117751;-4.766567;-9.662423;-14.566307;-12.781590;-10.252750;-5.421471;-0.565886;4.309883,106.389061;120.204430;133.795395;132.636734;131.583801;130.626740;129.763702;115.696312;101.762085;103.094223;104.302101;105.397919,npp_d20151003_t1731466_e1737270_b20378,163.066,126.134,60.1748,100.096,67.5798,67.3101
161,VBD_npp_d20151003_t1735596_x1069219E_y059892S_l2286_s0556_v23,2017-06-01 16:11:27,-5.989182,106.921875,9.467,2015-10-03 17:35:59,2015-10-04 00:35:59,2286,556,0.37745,1,2529,0.373577,0.176255,0.801195,0.4,0.826038,0.75,0.0111866,0.0001,1.51199e-42,999999,-1.934297e-01,3,Indonesian Exclusive Economic Zone,WPP712,,SVDNB_npp_d20151003_t1731466_e1737270_b20378_c20151003233728467558_noaa_ops.h5,GDNBO_npp_d20151003_t1731466_e1737270_b20378_c20151003233728467298_noaa_ops.h5,SVI04_npp_d20151003_t1731466_e1737270_b20378_c20151003233728541959_noaa_ops.dspace_rad,VNFF_npp_d20151003_t1731466_e1737270_b20378_v21.csv,World_EEZ_v8_2014.shp,WPP_BFAR_merge.shp,KKP_IDN_merge_20161208.shp,VNF-VBD_npp_20120301-20151231_global_asia-enhanced_c201607211230.bitmask,NCEI_NGA.union.nga_lead2.add_2015ntl.mask,timezone.shp,VBD_platforms-recurring_2015_r20170330.shp,999999,VBD_bridges_c20160811.shp,9.202956;7.293124;4.987635;0.117751;-4.766567;-9.662423;-14.566307;-12.781590;-10.252750;-5.421471;-0.565886;4.309883,106.389061;120.204430;133.795395;132.636734;131.583801;130.626740;129.763702;115.696312;101.762085;103.094223;104.302101;105.397919,npp_d20151003_t1731466_e1737270_b20378,163.072,125.991,60.1343,99.7226,67.5461,67.32
162,VBD_npp_d20151003_t1733533_x1086799E_y013826N_l1139_s0558_v23,2017-06-01 16:11:27,1.382568,108.679863,5.2335,2015-10-03 17:33:53,2015-10-04 00:33:53,1139,558,0.32524,10,2177,0.156482,0.134186,0.329443,0.4,0.542108,0.75,0.0137508,0.0001,9.08443e-37,999999,1.826146e-01,3,Indonesian Exclusive Economic Zone,WPP711,,SVDNB_npp_d20151003_t1731466_e1737270_b20378_c20151003233728467558_noaa_ops.h5,GDNBO_npp_d20151003_t1731466_e1737270_b20378_c20151003233728467298_noaa_ops.h5,SVI04_npp_d20151003_t1731466_e1737270_b20378_c20151003233728541959_noaa_ops.dspace_rad,VNFF_npp_d20151003_t1731466_e1737270_b20378_v21.csv,World_EEZ_v8_2014.shp,WPP_BFAR_merge.shp,KKP_IDN_merge_20161208.shp,VNF-VBD_npp_20120301-20151231_global_asia-enhanced_c201607211230.bitmask,NCEI_NGA.union.nga_lead2.add_2015ntl.mask,timezone.shp,VBD_platforms-recurring_2015_r20170330.shp,999999,VBD_bridges_c20160811.shp,9.202956;7.293124;4.987635;0.117751;-4.766567;-9.662423;-14.566307;-12.781590;-10.252750;-5.421471;-0.565886;4.309883,106.389061;120.204430;133.795395;132.636734;131.583801;130.626740;129.763702;115.696312;101.762085;103.094223;104.302101;105.397919,npp_d20151003_t1731466_e1737270_b20378,164.892,100.403,60.0676,98.7961,63.6839,70.3035
163,VBD_npp_d20151003_t1735596_x1069404E_y060065S_l2288_s0559_v23,2017-06-01 16:11:27,-6.006459,106.940376,6.03666,2015-10-03 17:35:59,2015-10-04 00:35:59,2288,559,0.381932,2,2209,0.182602,0.144564,0.778554,0.4,0.615896,0.75,0.0111928,0.0001,2.02189e-42,999999,1.050564e-01,3,Indonesian Exclusive Economic Zone,WPP712,,SVDNB_npp_d20151003_t1731466_e1737270_b20378_c20151003233728467558_noaa_ops.h5,GDNBO_npp_d20151003_t1731466_e1737270_b20378_c20151003233728467298_noaa_ops.h5,SVI04_npp_d20151003_t1731466_e1737270_b20378_c20151003233728541959_noaa_ops.dspace_rad,VNFF_npp_d20151003_t1731466_e1737270_b20378_v21.csv,World_EEZ_v8_2014.shp,WPP_BFAR_merge.shp,KKP_IDN_merge_20161208.shp,VNF-VBD_npp_20120301-20151231_global_asia-enhanced_c201607211230.bitmask,NCEI_NGA.union.nga_lead2.add_2015ntl.mask,timezone.shp,VBD_platforms-recurring_2015_r20170330.shp,999999,VBD_bridges_c20160811.shp,9.202956;7.293124;4.987635;0.117751;-4.766567;-9.662423;-14.566307;-12.781590;-10.252750;-5.421471;-0.565886;4.309883,106.389061;120.204430;133.795395;132.636734;131.583801;130.626740;129.763702;115.696312;101.762085;103.094223;104.302101;105.397919,npp_d20151003_t1731466_e1737270_b20378,163.047,126,60.0671,99.6424,67.5357,67.3081
164,VBD_npp_d20151003_t1736014_x1069319E_y060204S_l2291_s0559_v23,2017-06-01 16:11:27,-6.020361,106.931931,8.69209,2015-10-03 17:36:01,2015-10-04 00:36:01,2291,559,0.380936,2,2465,0.237286,0.131892,0.743171,0.4,0.626099,0.75,0.011185,0.0001,2.60325e-42,999999,2.244127e-01,3,Indonesian Exclusive Economic Zone,WPP712,,SVDNB_npp_d20151003_t1731466_e1737270_b20378_c20151003233728467558_noaa_ops.h5,GDNBO_npp_d20151003_t1731466_e1737270_b20378_c20151003233728467298_noaa_ops.h5,SVI04_npp_d20151003_t1731466_e1737270_b20378_c20151003233728541959_noaa_ops.dspace_rad,VNFF_npp_d20151003_t1731466_e1737270_b20378_v21.csv,World_EEZ_v8_2014.shp,WPP_BFAR_merge.shp,KKP_IDN_merge_20161208.shp,VNF-VBD_npp_20120301-20151231_global_asia-enhanced_c201607211230.bitmask,NCEI_NGA.union.nga_lead2.add_2015ntl.mask,timezone.shp,VBD_platforms-recurring_2015_r20170330.shp,999999,VBD_bridges_c20160811.shp,9.202956;7.293124;4.987635;0.117751;-4.766567;-9.662423;-14.566307;-12.781590;-10.252750;-5.421471;-0.565886;4.309883,106.389061;120.204430;133.795395;132.636734;131.583801;130.626740;129.763702;115.696312;101.762085;103.094223;104.302101;105.397919,npp_d20151003_t1731466_e1737270_b20378,163.04,126.039,60.0617,100.17,67.5423,67.3029
165,VBD_npp_d20151003_t1736014_x1069377E_y060284S_l2292_s0560_v23,2017-06-01 16:11:27,-6.028426,106.937675,8.43744,2015-10-03 17:36:01,2015-10-04 00:36:01,2292,560,0.380225,8,18849,0.247163,0.120292,0.743171,0.4,0.624275,0.75,0.0111862,0.0001,2.83537e-42,999999,3.336652e-01,3,Indonesian Exclusive Economic Zone,WPP712,,SVDNB_npp_d20151003_t1731466_e1737270_b20378_c20151003233728467558_noaa_ops.h5,GDNBO_npp_d20151003_t1731466_e1737270_b20378_c20151003233728467298_noaa_ops.h5,SVI04_npp_d20151003_t1731466_e1737270_b20378_c20151003233728541959_noaa_ops.dspace_rad,VNFF_npp_d20151003_t1731466_e1737270_b20378_v21.csv,World_EEZ_v8_2014.shp,WPP_BFAR_merge.shp,KKP_IDN_merge_20161208.shp,VNF-VBD_npp_20120301-20151231_global_asia-enhanced_c201607211230.bitmask,NCEI_NGA.union.nga_lead2.add_2015ntl.mask,timezone.shp,VBD_platforms-recurring_2015_r20170330.shp,0.701888,VBD_bridges_c20160811.shp,9.202956;7.293124;4.987635;0.117751;-4.766567;-9.662423;-14.566307;-12.781590;-10.252750;-5.421471;-0.565886;4.309883,106.389061;120.204430;133.795395;132.636734;131.583801;130.626740;129.763702;115.696312;101.762085;103.094223;104.302101;105.397919,npp_d20151003_t1731466_e1737270_b20378,163.031,126.049,60.0392,100.13,67.5401,67.2982
166,VBD_npp_d20151003_t1735596_x1069663E_y059829S_l2284_s0562_v23,2017-06-01 16:11:27,-5.982859,106.966316,7.95386,2015-10-03 17:35:59,2015-10-04 00:35:59,2284,562,0.379656,1,2529,0.366238,0.162032,0.780275,0.4,0.817772,0.75,0.0112148,0.0001,3.31922e-42,999999,-5.947017e-02,3,Indonesian Exclusive Economic Zone,WPP712,,SVDNB_npp_d20151003_t1731466_e1737270_b20378_c20151003233728467558_noaa_ops.h5,GDNBO_npp_d20151003_t1731466_e1737270_b20378_c20151003233728467298_noaa_ops.h5,SVI04_npp_d20151003_t1731466_e1737270_b20378_c20151003233728541959_noaa_ops.dspace_rad,VNFF_npp_d20151003_t1731466_e1737270_b20378_v21.csv,World_EEZ_v8_2014.shp,WPP_BFAR_merge.shp,KKP_IDN_merge_20161208.shp,VNF-VBD_npp_20120301-20151231_global_asia-enhanced_c201607211230.bitmask,NCEI_NGA.union.nga_lead2.add_2015ntl.mask,timezone.shp,VBD_platforms-recurring_2015_r20170330.shp,999999,VBD_bridges_c20160811.shp,9.202956;7.293124;4.987635;0.117751;-4.766567;-9.662423;-14.566307;-12.781590;-10.252750;-5.421471;-0.565886;4.309883,106.389061;120.204430;133.795395;132.636734;131.583801;130.626740;129.763702;115.696312;101.762085;103.094223;104.302101;105.397919,npp_d20151003_t1731466_e1737270_b20378,163.04,125.885,59.9983,99.7957,67.5026,67.3105
167,VBD_npp_d20151003_t1735560_x1070513E_y057836S_l2252_s0567_v23,2017-06-01 16:11:27,-5.783561,107.051331,98.6438,2015-10-03 17:35:56,2015-10-04 00:35:56,2252,567,0.403484,4,35301,1.20355,0.066868,0.887834,0.4,0.951314,0.75,0.0113169,0.0001,8.93099e-42,999999,8.368548e-01,3,Indonesian Exclusive Economic Zone,WPP712,,SVDNB_npp_d20151003_t1731466_e1737270_b20378_c20151003233728467558_noaa_ops.h5,GDNBO_npp_d20151003_t1731466_e1737270_b20378_c20151003233728467298_noaa_ops.h5,SVI04_npp_d20151003_t1731466_e1737270_b20378_c20151003233728541959_noaa_ops.dspace_rad,VNFF_npp_d20151003_t1731466_e1737270_b20378_v21.csv,World_EEZ_v8_2014.shp,WPP_BFAR_merge.shp,KKP_IDN_merge_20161208.shp,VNF-VBD_npp_20120301-20151231_global_asia-enhanced_c201607211230.bitmask,NCEI_NGA.union.nga_lead2.add_2015ntl.mask,timezone.shp,VBD_platforms-recurring_2015_r20170330.shp,999999,VBD_bridges_c20160811.shp,9.202956;7.293124;4.987635;0.117751;-4.766567;-9.662423;-14.566307;-12.781590;-10.252750;-5.421471;-0.565886;4.309883,106.389061;120.204430;133.795395;132.636734;131.583801;130.626740;129.763702;115.696312;101.762085;103.094223;104.302101;105.397919,npp_d20151003_t1731466_e1737270_b20378,163.1,125.212,59.8884,99.7517,67.36,67.3713
168,VBD_npp_d20151003_t1733301_x1090963E_y027180N_l0929_s0575_v23,2017-06-01 16:11:27,2.718034,109.096344,7.50445,2015-10-03 17:33:30,2015-10-04 00:33:30,929,575,0.302834,2,2465,0.267103,0.152181,0.536067,0.4,0.652751,0.75,0.014308,0.0001,3.07777e-35,999999,1.041627e-02,3,Indonesian Exclusive Economic Zone,WPP711,,SVDNB_npp_d20151003_t1731466_e1737270_b20378_c20151003233728467558_noaa_ops.h5,GDNBO_npp_d20151003_t1731466_e1737270_b20378_c20151003233728467298_noaa_ops.h5,SVI04_npp_d20151003_t1731466_e1737270_b20378_c20151003233728541959_noaa_ops.dspace_rad,VNFF_npp_d20151003_t1731466_e1737270_b20378_v21.csv,World_EEZ_v8_2014.shp,WPP_BFAR_merge.shp,KKP_IDN_merge_20161208.shp,VNF-VBD_npp_20120301-20151231_global_asia-enhanced_c201607211230.bitmask,NCEI_NGA.union.nga_lead2.add_2015ntl.mask,timezone.shp,VBD_platforms-recurring_2015_r20170330.shp,999999,VBD_bridges_c20160811.shp,9.202956;7.293124;4.987635;0.117751;-4.766567;-9.662423;-14.566307;-12.781590;-10.252750;-5.421471;-0.565886;4.309883,106.389061;120.204430;133.795395;132.636734;131.583801;130.626740;129.763702;115.696312;101.762085;103.094223;104.302101;105.397919,npp_d20151003_t1731466_e1737270_b20378,164.758,95.3738,59.6838,98.6477,62.9297,70.9162
169,VBD_npp_d20151003_t1735578_x1072878E_y059182S_l2266_s0605_v23,2017-06-01 16:11:27,-5.918203,107.287750,15.5986,2015-10-03 17:35:57,2015-10-04 00:35:57,2266,605,0.386484,4,100837,0.624676,0.115632,0.852454,0.4,0.935988,0.75,0.0114268,0.0001,5.74768e-40,999999,3.775630e-01,3,Indonesian Exclusive Economic Zone,WPP712,,SVDNB_npp_d20151003_t1731466_e1737270_b20378_c20151003233728467558_noaa_ops.h5,GDNBO_npp_d20151003_t1731466_e1737270_b20378_c20151003233728467298_noaa_ops.h5,SVI04_npp_d20151003_t1731466_e1737270_b20378_c20151003233728541959_noaa_ops.dspace_rad,VNFF_npp_d20151003_t1731466_e1737270_b20378_v21.csv,World_EEZ_v8_2014.shp,WPP_BFAR_merge.shp,KKP_IDN_merge_20161208.shp,VNF-VBD_npp_20120301-20151231_global_asia-enhanced_c201607211230.bitmask,NCEI_NGA.union.nga_lead2.add_2015ntl.mask,timezone.shp,VBD_platforms-recurring_2015_r20170330.shp,999999,VBD_bridges_c20160811.shp,9.202956;7.293124;4.987635;0.117751;-4.766567;-9.662423;-14.566307;-12.781590;-10.252750;-5.421471;-0.565886;4.309883,106.389061;120.204430;133.795395;132.636734;131.583801;130.626740;129.763702;115.696312;101.762085;103.094223;104.302101;105.397919,npp_d20151003_t1731466_e1737270_b20378,162.824,125.09,59.0306,99.8208,67.1872,67.2513
170,VBD_npp_d20151003_t1734395_x1083899E_y014167S_l1565_s0607_v23,2017-06-01 16:11:27,-1.416714,108.389908,20.4457,2015-10-03 17:34:39,2015-10-04 00:34:39,1565,607,0.373183,7,2177,0.166017,0.165241,0.204627,0.4,0.272083,0.75,0.0130717,0.0001,1.54297e-36,999999,-8.969678e-02,3,,,,SVDNB_npp_d20151003_t1731466_e1737270_b20378_c20151003233728467558_noaa_ops.h5,GDNBO_npp_d20151003_t1731466_e1737270_b20378_c20151003233728467298_noaa_ops.h5,SVI04_npp_d20151003_t1731466_e1737270_b20378_c20151003233728541959_noaa_ops.dspace_rad,VNFF_npp_d20151003_t1731466_e1737270_b20378_v21.csv,World_EEZ_v8_2014.shp,WPP_BFAR_merge.shp,KKP_IDN_merge_20161208.shp,VNF-VBD_npp_20120301-20151231_global_asia-enhanced_c201607211230.bitmask,NCEI_NGA.union.nga_lead2.add_2015ntl.mask,timezone.shp,VBD_platforms-recurring_2015_r20170330.shp,999999,VBD_bridges_c20160811.shp,9.202956;7.293124;4.987635;0.117751;-4.766567;-9.662423;-14.566307;-12.781590;-10.252750;-5.421471;-0.565886;4.309883,106.389061;120.204430;133.795395;132.636734;131.583801;130.626740;129.763702;115.696312;101.762085;103.094223;104.302101;105.397919,npp_d20151003_t1731466_e1737270_b20378,164.242,110.29,58.9718,98.8658,64.7629,69.0049
171,VBD_npp_d20151003_t1735418_x1075382E_y049908S_l2121_s0608_v23,2017-06-01 16:11:27,-4.990844,107.538185,26.9962,2015-10-03 17:35:41,2015-10-04 00:35:41,2121,608,0.373467,1,2529,0.808488,0.153407,0.848382,0.4,0.944053,0.75,0.0118145,0.0001,4.57634e-39,999999,2.176639e-02,3,Indonesian Exclusive Economic Zone,WPP712,,SVDNB_npp_d20151003_t1731466_e1737270_b20378_c20151003233728467558_noaa_ops.h5,GDNBO_npp_d20151003_t1731466_e1737270_b20378_c20151003233728467298_noaa_ops.h5,SVI04_npp_d20151003_t1731466_e1737270_b20378_c20151003233728541959_noaa_ops.dspace_rad,VNFF_npp_d20151003_t1731466_e1737270_b20378_v21.csv,World_EEZ_v8_2014.shp,WPP_BFAR_merge.shp,KKP_IDN_merge_20161208.shp,VNF-VBD_npp_20120301-20151231_global_asia-enhanced_c201607211230.bitmask,NCEI_NGA.union.nga_lead2.add_2015ntl.mask,timezone.shp,VBD_platforms-recurring_2015_r20170330.shp,999999,VBD_bridges_c20160811.shp,9.202956;7.293124;4.987635;0.117751;-4.766567;-9.662423;-14.566307;-12.781590;-10.252750;-5.421471;-0.565886;4.309883,106.389061;120.204430;133.795395;132.636734;131.583801;130.626740;129.763702;115.696312;101.762085;103.094223;104.302101;105.397919,npp_d20151003_t1731466_e1737270_b20378,163.186,122.215,58.9603,99.6815,66.6566,67.5825
172,VBD_npp_d20151003_t1734431_x1084116E_y015914S_l1591_s0616_v23,2017-06-01 16:11:27,-1.591394,108.411621,19.1404,2015-10-03 17:34:43,2015-10-04 00:34:43,1591,616,0.367421,10,2433,0.204716,0.172924,0.209977,0.4,0.464709,0.75,0.0130434,0.0001,3.29146e-36,999999,-1.620540e-01,3,Indonesian Exclusive Economic Zone,WPP711,,SVDNB_npp_d20151003_t1731466_e1737270_b20378_c20151003233728467558_noaa_ops.h5,GDNBO_npp_d20151003_t1731466_e1737270_b20378_c20151003233728467298_noaa_ops.h5,SVI04_npp_d20151003_t1731466_e1737270_b20378_c20151003233728541959_noaa_ops.dspace_rad,VNFF_npp_d20151003_t1731466_e1737270_b20378_v21.csv,World_EEZ_v8_2014.shp,WPP_BFAR_merge.shp,KKP_IDN_merge_20161208.shp,VNF-VBD_npp_20120301-20151231_global_asia-enhanced_c201607211230.bitmask,NCEI_NGA.union.nga_lead2.add_2015ntl.mask,timezone.shp,VBD_platforms-recurring_2015_r20170330.shp,999999,VBD_bridges_c20160811.shp,9.202956;7.293124;4.987635;0.117751;-4.766567;-9.662423;-14.566307;-12.781590;-10.252750;-5.421471;-0.565886;4.309883,106.389061;120.204430;133.795395;132.636734;131.583801;130.626740;129.763702;115.696312;101.762085;103.094223;104.302101;105.397919,npp_d20151003_t1731466_e1737270_b20378,164.147,110.821,58.7583,99.146,64.7922,68.9178
173,VBD_npp_d20151003_t1735364_x1076972E_y047390S_l2079_s0621_v23,2017-06-01 16:11:27,-4.738997,107.697159,22.5812,2015-10-03 17:35:36,2015-10-04 00:35:36,2079,621,0.375245,1,2529,0.704725,0.148954,0.821718,0.4,0.905172,0.75,0.011974,0.0001,2.72687e-38,999999,6.370737e-02,3,Indonesian Exclusive Economic Zone,WPP712,,SVDNB_npp_d20151003_t1731466_e1737270_b20378_c20151003233728467558_noaa_ops.h5,GDNBO_npp_d20151003_t1731466_e1737270_b20378_c20151003233728467298_noaa_ops.h5,SVI04_npp_d20151003_t1731466_e1737270_b20378_c20151003233728541959_noaa_ops.dspace_rad,VNFF_npp_d20151003_t1731466_e1737270_b20378_v21.csv,World_EEZ_v8_2014.shp,WPP_BFAR_merge.shp,KKP_IDN_merge_20161208.shp,VNF-VBD_npp_20120301-20151231_global_asia-enhanced_c201607211230.bitmask,NCEI_NGA.union.nga_lead2.add_2015ntl.mask,timezone.shp,VBD_platforms-recurring_2015_r20170330.shp,999999,VBD_bridges_c20160811.shp,9.202956;7.293124;4.987635;0.117751;-4.766567;-9.662423;-14.566307;-12.781590;-10.252750;-5.421471;-0.565886;4.309883,106.389061;120.204430;133.795395;132.636734;131.583801;130.626740;129.763702;115.696312;101.762085;103.094223;104.302101;105.397919,npp_d20151003_t1731466_e1737270_b20378,163.202,121.257,58.6544,99.3716,66.4324,67.6525
174,VBD_npp_d20151003_t1735382_x1076958E_y047470S_l2081_s0622_v23,2017-06-01 16:11:27,-4.746998,107.695831,10.7399,2015-10-03 17:35:38,2015-10-04 00:35:38,2081,622,0.368986,1,2529,0.436103,0.157945,0.821718,0.4,0.827037,0.75,0.0119727,0.0001,3.88492e-38,999999,-2.097105e-02,3,Indonesian Exclusive Economic Zone,WPP712,,SVDNB_npp_d20151003_t1731466_e1737270_b20378_c20151003233728467558_noaa_ops.h5,GDNBO_npp_d20151003_t1731466_e1737270_b20378_c20151003233728467298_noaa_ops.h5,SVI04_npp_d20151003_t1731466_e1737270_b20378_c20151003233728541959_noaa_ops.dspace_rad,VNFF_npp_d20151003_t1731466_e1737270_b20378_v21.csv,World_EEZ_v8_2014.shp,WPP_BFAR_merge.shp,KKP_IDN_merge_20161208.shp,VNF-VBD_npp_20120301-20151231_global_asia-enhanced_c201607211230.bitmask,NCEI_NGA.union.nga_lead2.add_2015ntl.mask,timezone.shp,VBD_platforms-recurring_2015_r20170330.shp,999999,VBD_bridges_c20160811.shp,9.202956;7.293124;4.987635;0.117751;-4.766567;-9.662423;-14.566307;-12.781590;-10.252750;-5.421471;-0.565886;4.309883,106.389061;120.204430;133.795395;132.636734;131.583801;130.626740;129.763702;115.696312;101.762085;103.094223;104.302101;105.397919,npp_d20151003_t1731466_e1737270_b20378,163.193,121.269,58.6291,99.9635,66.4301,67.6477
175,VBD_npp_d20151003_t1734413_x1084948E_y015053S_l1576_s0625_v23,2017-06-01 16:11:27,-1.505276,108.494820,6.8786,2015-10-03 17:34:41,2015-10-04 00:34:41,1576,625,0.368559,10,2177,0.187246,0.171969,0.297961,0.4,0.570523,0.75,0.0131162,0.0001,8.88343e-36,999999,-1.530615e-01,3,Indonesian Exclusive Economic Zone,WPP711,,SVDNB_npp_d20151003_t1731466_e1737270_b20378_c20151003233728467558_noaa_ops.h5,GDNBO_npp_d20151003_t1731466_e1737270_b20378_c20151003233728467298_noaa_ops.h5,SVI04_npp_d20151003_t1731466_e1737270_b20378_c20151003233728541959_noaa_ops.dspace_rad,VNFF_npp_d20151003_t1731466_e1737270_b20378_v21.csv,World_EEZ_v8_2014.shp,WPP_BFAR_merge.shp,KKP_IDN_merge_20161208.shp,VNF-VBD_npp_20120301-20151231_global_asia-enhanced_c201607211230.bitmask,NCEI_NGA.union.nga_lead2.add_2015ntl.mask,timezone.shp,VBD_platforms-recurring_2015_r20170330.shp,999999,VBD_bridges_c20160811.shp,9.202956;7.293124;4.987635;0.117751;-4.766567;-9.662423;-14.566307;-12.781590;-10.252750;-5.421471;-0.565886;4.309883,106.389061;120.204430;133.795395;132.636734;131.583801;130.626740;129.763702;115.696312;101.762085;103.094223;104.302101;105.397919,npp_d20151003_t1731466_e1737270_b20378,164.106,110.442,58.5526,99.0838,64.6896,68.9417
176,VBD_npp_d20151003_t1735418_x1076628E_y050052S_l2120_s0626_v23,2017-06-01 16:11:27,-5.005224,107.662819,3.98726,2015-10-03 17:35:41,2015-10-04 00:35:41,2120,626,0.376739,1,2529,0.25175,0.152588,0.689927,0.4,0.788582,0.75,0.0118871,0.0001,3.26955e-38,999999,2.948190e-02,3,Indonesian Exclusive Economic Zone,WPP712,,SVDNB_npp_d20151003_t1731466_e1737270_b20378_c20151003233728467558_noaa_ops.h5,GDNBO_npp_d20151003_t1731466_e1737270_b20378_c20151003233728467298_noaa_ops.h5,SVI04_npp_d20151003_t1731466_e1737270_b20378_c20151003233728541959_noaa_ops.dspace_rad,VNFF_npp_d20151003_t1731466_e1737270_b20378_v21.csv,World_EEZ_v8_2014.shp,WPP_BFAR_merge.shp,KKP_IDN_merge_20161208.shp,VNF-VBD_npp_20120301-20151231_global_asia-enhanced_c201607211230.bitmask,NCEI_NGA.union.nga_lead2.add_2015ntl.mask,timezone.shp,VBD_platforms-recurring_2015_r20170330.shp,999999,VBD_bridges_c20160811.shp,9.202956;7.293124;4.987635;0.117751;-4.766567;-9.662423;-14.566307;-12.781590;-10.252750;-5.421471;-0.565886;4.309883,106.389061;120.204430;133.795395;132.636734;131.583801;130.626740;129.763702;115.696312;101.762085;103.094223;104.302101;105.397919,npp_d20151003_t1731466_e1737270_b20378,163.073,122.027,58.5418,99.7115,66.5465,67.5443
177,VBD_npp_d20151003_t1734413_x1085466E_y014855S_l1572_s0632_v23,2017-06-01 16:11:27,-1.485477,108.546570,8.26965,2015-10-03 17:34:41,2015-10-04 00:34:41,1572,632,0.370551,10,2433,0.20642,0.14947,0.375203,0.4,0.592241,0.75,0.0131538,0.0001,1.93079e-35,999999,5.885102e-02,3,Indonesian Exclusive Economic Zone,WPP711,,SVDNB_npp_d20151003_t1731466_e1737270_b20378_c20151003233728467558_noaa_ops.h5,GDNBO_npp_d20151003_t1731466_e1737270_b20378_c20151003233728467298_noaa_ops.h5,SVI04_npp_d20151003_t1731466_e1737270_b20378_c20151003233728541959_noaa_ops.dspace_rad,VNFF_npp_d20151003_t1731466_e1737270_b20378_v21.csv,World_EEZ_v8_2014.shp,WPP_BFAR_merge.shp,KKP_IDN_merge_20161208.shp,VNF-VBD_npp_20120301-20151231_global_asia-enhanced_c201607211230.bitmask,NCEI_NGA.union.nga_lead2.add_2015ntl.mask,timezone.shp,VBD_platforms-recurring_2015_r20170330.shp,999999,VBD_bridges_c20160811.shp,9.202956;7.293124;4.987635;0.117751;-4.766567;-9.662423;-14.566307;-12.781590;-10.252750;-5.421471;-0.565886;4.309883,106.389061;120.204430;133.795395;132.636734;131.583801;130.626740;129.763702;115.696312;101.762085;103.094223;104.302101;105.397919,npp_d20151003_t1731466_e1737270_b20378,164.065,110.312,58.3903,99.2478,64.6338,68.9403
178,VBD_npp_d20151003_t1735578_x1074967E_y058982S_l2258_s0634_v23,2017-06-01 16:11:27,-5.898192,107.496674,75.8831,2015-10-03 17:35:57,2015-10-04 00:35:57,2258,634,0.381292,4,100837,1.09343,0.157594,0.83666,0.4,0.837839,0.75,0.0115596,0.0001,1.79491e-38,999999,-1.767195e-02,3,Indonesian Exclusive Economic Zone,WPP712,,SVDNB_npp_d20151003_t1731466_e1737270_b20378_c20151003233728467558_noaa_ops.h5,GDNBO_npp_d20151003_t1731466_e1737270_b20378_c20151003233728467298_noaa_ops.h5,SVI04_npp_d20151003_t1731466_e1737270_b20378_c20151003233728541959_noaa_ops.dspace_rad,VNFF_npp_d20151003_t1731466_e1737270_b20378_v21.csv,World_EEZ_v8_2014.shp,WPP_BFAR_merge.shp,KKP_IDN_merge_20161208.shp,VNF-VBD_npp_20120301-20151231_global_asia-enhanced_c201607211230.bitmask,NCEI_NGA.union.nga_lead2.add_2015ntl.mask,timezone.shp,VBD_platforms-recurring_2015_r20170330.shp,999999,VBD_bridges_c20160811.shp,9.202956;7.293124;4.987635;0.117751;-4.766567;-9.662423;-14.566307;-12.781590;-10.252750;-5.421471;-0.565886;4.309883,106.389061;120.204430;133.795395;132.636734;131.583801;130.626740;129.763702;115.696312;101.762085;103.094223;104.302101;105.397919,npp_d20151003_t1731466_e1737270_b20378,162.665,124.633,58.3546,100.129,66.9866,67.2025
179,VBD_npp_d20151003_t1735382_x1078054E_y048085S_l2087_s0639_v23,2017-06-01 16:11:27,-4.808456,107.805389,11.7466,2015-10-03 17:35:38,2015-10-04 00:35:38,2087,639,0.357392,1,2529,0.491821,0.160318,0.819991,0.4,0.88261,0.75,0.0120234,0.0001,1.95082e-37,999999,-4.332356e-02,3,Indonesian Exclusive Economic Zone,WPP712,,SVDNB_npp_d20151003_t1731466_e1737270_b20378_c20151003233728467558_noaa_ops.h5,GDNBO_npp_d20151003_t1731466_e1737270_b20378_c20151003233728467298_noaa_ops.h5,SVI04_npp_d20151003_t1731466_e1737270_b20378_c20151003233728541959_noaa_ops.dspace_rad,VNFF_npp_d20151003_t1731466_e1737270_b20378_v21.csv,World_EEZ_v8_2014.shp,WPP_BFAR_merge.shp,KKP_IDN_merge_20161208.shp,VNF-VBD_npp_20120301-20151231_global_asia-enhanced_c201607211230.bitmask,NCEI_NGA.union.nga_lead2.add_2015ntl.mask,timezone.shp,VBD_platforms-recurring_2015_r20170330.shp,999999,VBD_bridges_c20160811.shp,9.202956;7.293124;4.987635;0.117751;-4.766567;-9.662423;-14.566307;-12.781590;-10.252750;-5.421471;-0.565886;4.309883,106.389061;120.204430;133.795395;132.636734;131.583801;130.626740;129.763702;115.696312;101.762085;103.094223;104.302101;105.397919,npp_d20151003_t1731466_e1737270_b20378,163.068,121.246,58.229,99.7068,66.352,67.5937
180,VBD_npp_d20151003_t1735382_x1078100E_y048233S_l2089_s0640_v23,2017-06-01 16:11:27,-4.823316,107.809982,21.4648,2015-10-03 17:35:38,2015-10-04 00:35:38,2089,640,0.360308,1,2529,0.729811,0.157635,0.819991,0.4,0.902718,0.75,0.0120221,0.0001,2.04423e-37,999999,-1.805611e-02,3,Indonesian Exclusive Economic Zone,WPP712,,SVDNB_npp_d20151003_t1731466_e1737270_b20378_c20151003233728467558_noaa_ops.h5,GDNBO_npp_d20151003_t1731466_e1737270_b20378_c20151003233728467298_noaa_ops.h5,SVI04_npp_d20151003_t1731466_e1737270_b20378_c20151003233728541959_noaa_ops.dspace_rad,VNFF_npp_d20151003_t1731466_e1737270_b20378_v21.csv,World_EEZ_v8_2014.shp,WPP_BFAR_merge.shp,KKP_IDN_merge_20161208.shp,VNF-VBD_npp_20120301-20151231_global_asia-enhanced_c201607211230.bitmask,NCEI_NGA.union.nga_lead2.add_2015ntl.mask,timezone.shp,VBD_platforms-recurring_2015_r20170330.shp,999999,VBD_bridges_c20160811.shp,9.202956;7.293124;4.987635;0.117751;-4.766567;-9.662423;-14.566307;-12.781590;-10.252750;-5.421471;-0.565886;4.309883,106.389061;120.204430;133.795395;132.636734;131.583801;130.626740;129.763702;115.696312;101.762085;103.094223;104.302101;105.397919,npp_d20151003_t1731466_e1737270_b20378,163.056,121.28,58.2052,99.6235,66.3535,67.5863
181,VBD_npp_d20151003_t1735596_x1075212E_y060453S_l2279_s0642_v23,2017-06-01 16:11:27,-6.045290,107.521194,646.813,2015-10-03 17:35:59,2015-10-04 00:35:59,2279,642,0.410171,4,100837,1.46982,0.0645352,0.790097,0.4,0.970641,0.75,0.0115359,0.0001,3.08718e-38,999999,8.588269e-01,3,Indonesian Exclusive Economic Zone,WPP712,,SVDNB_npp_d20151003_t1731466_e1737270_b20378_c20151003233728467558_noaa_ops.h5,GDNBO_npp_d20151003_t1731466_e1737270_b20378_c20151003233728467298_noaa_ops.h5,SVI04_npp_d20151003_t1731466_e1737270_b20378_c20151003233728541959_noaa_ops.dspace_rad,VNFF_npp_d20151003_t1731466_e1737270_b20378_v21.csv,World_EEZ_v8_2014.shp,WPP_BFAR_merge.shp,KKP_IDN_merge_20161208.shp,VNF-VBD_npp_20120301-20151231_global_asia-enhanced_c201607211230.bitmask,NCEI_NGA.union.nga_lead2.add_2015ntl.mask,timezone.shp,VBD_platforms-recurring_2015_r20170330.shp,999999,VBD_bridges_c20160811.shp,9.202956;7.293124;4.987635;0.117751;-4.766567;-9.662423;-14.566307;-12.781590;-10.252750;-5.421471;-0.565886;4.309883,106.389061;120.204430;133.795395;132.636734;131.583801;130.626740;129.763702;115.696312;101.762085;103.094223;104.302101;105.397919,npp_d20151003_t1731466_e1737270_b20378,162.555,124.958,58.1613,99.9351,67.0148,67.1337
182,VBD_npp_d20151003_t1734395_x1086717E_y014196S_l1559_s0647_v23,2017-06-01 16:11:27,-1.419623,108.671715,6.33838,2015-10-03 17:34:39,2015-10-04 00:34:39,1559,647,0.372116,10,2177,0.188943,0.1351,0.314532,0.4,0.56934,0.75,0.0132454,0.0001,9.01097e-35,999999,1.738665e-01,3,Indonesian Exclusive Economic Zone,WPP711,,SVDNB_npp_d20151003_t1731466_e1737270_b20378_c20151003233728467558_noaa_ops.h5,GDNBO_npp_d20151003_t1731466_e1737270_b20378_c20151003233728467298_noaa_ops.h5,SVI04_npp_d20151003_t1731466_e1737270_b20378_c20151003233728541959_noaa_ops.dspace_rad,VNFF_npp_d20151003_t1731466_e1737270_b20378_v21.csv,World_EEZ_v8_2014.shp,WPP_BFAR_merge.shp,KKP_IDN_merge_20161208.shp,VNF-VBD_npp_20120301-20151231_global_asia-enhanced_c201607211230.bitmask,NCEI_NGA.union.nga_lead2.add_2015ntl.mask,timezone.shp,VBD_platforms-recurring_2015_r20170330.shp,999999,VBD_bridges_c20160811.shp,9.202956;7.293124;4.987635;0.117751;-4.766567;-9.662423;-14.566307;-12.781590;-10.252750;-5.421471;-0.565886;4.309883,106.389061;120.204430;133.795395;132.636734;131.583801;130.626740;129.763702;115.696312;101.762085;103.094223;104.302101;105.397919,npp_d20151003_t1731466_e1737270_b20378,163.977,109.952,58.0287,99.1054,64.4991,68.9468
183,VBD_npp_d20151003_t1735560_x1076164E_y058685S_l2250_s0649_v23,2017-06-01 16:11:27,-5.868519,107.616447,2.74348,2015-10-03 17:35:56,2015-10-04 00:35:56,2250,649,0.382572,1,2273,0.179481,0.177984,0.575503,0.4,0.823535,0.75,0.0116384,0.0001,8.54325e-38,999999,-2.097140e-01,3,Indonesian Exclusive Economic Zone,WPP712,,SVDNB_npp_d20151003_t1731466_e1737270_b20378_c20151003233728467558_noaa_ops.h5,GDNBO_npp_d20151003_t1731466_e1737270_b20378_c20151003233728467298_noaa_ops.h5,SVI04_npp_d20151003_t1731466_e1737270_b20378_c20151003233728541959_noaa_ops.dspace_rad,VNFF_npp_d20151003_t1731466_e1737270_b20378_v21.csv,World_EEZ_v8_2014.shp,WPP_BFAR_merge.shp,KKP_IDN_merge_20161208.shp,VNF-VBD_npp_20120301-20151231_global_asia-enhanced_c201607211230.bitmask,NCEI_NGA.union.nga_lead2.add_2015ntl.mask,timezone.shp,VBD_platforms-recurring_2015_r20170330.shp,999999,VBD_bridges_c20160811.shp,9.202956;7.293124;4.987635;0.117751;-4.766567;-9.662423;-14.566307;-12.781590;-10.252750;-5.421471;-0.565886;4.309883,106.389061;120.204430;133.795395;132.636734;131.583801;130.626740;129.763702;115.696312;101.762085;103.094223;104.302101;105.397919,npp_d20151003_t1731466_e1737270_b20378,162.589,124.341,57.9958,99.7675,66.871,67.1838
184,VBD_npp_d20151003_t1735560_x1077283E_y059158S_l2254_s0666_v23,2017-06-01 16:11:27,-5.915779,107.728325,441.827,2015-10-03 17:35:56,2015-10-04 00:35:56,2254,666,0.384492,4,100845,1.50448,0.149819,0.827083,0.4,0.977917,0.75,0.0116937,0.0001,4.55285e-37,999999,5.555993e-02,3,Indonesian Exclusive Economic Zone,WPP712,,SVDNB_npp_d20151003_t1731466_e1737270_b20378_c20151003233728467558_noaa_ops.h5,GDNBO_npp_d20151003_t1731466_e1737270_b20378_c20151003233728467298_noaa_ops.h5,SVI04_npp_d20151003_t1731466_e1737270_b20378_c20151003233728541959_noaa_ops.dspace_rad,VNFF_npp_d20151003_t1731466_e1737270_b20378_v21.csv,World_EEZ_v8_2014.shp,WPP_BFAR_merge.shp,KKP_IDN_merge_20161208.shp,VNF-VBD_npp_20120301-20151231_global_asia-enhanced_c201607211230.bitmask,NCEI_NGA.union.nga_lead2.add_2015ntl.mask,timezone.shp,VBD_platforms-recurring_2015_r20170330.shp,999999,VBD_bridges_c20160811.shp,9.202956;7.293124;4.987635;0.117751;-4.766567;-9.662423;-14.566307;-12.781590;-10.252750;-5.421471;-0.565886;4.309883,106.389061;120.204430;133.795395;132.636734;131.583801;130.626740;129.763702;115.696312;101.762085;103.094223;104.302101;105.397919,npp_d20151003_t1731466_e1737270_b20378,162.471,124.255,57.5884,99.5884,66.7862,67.1336
185,VBD_npp_d20151003_t1735560_x1077364E_y059102S_l2253_s0667_v23,2017-06-01 16:11:27,-5.910211,107.736351,57.362,2015-10-03 17:35:56,2015-10-04 00:35:56,2253,667,0.387836,4,100837,0.741878,0.149192,0.820052,0.4,0.828465,0.75,0.0117002,0.0001,5.20613e-37,999999,6.146621e-02,3,Indonesian Exclusive Economic Zone,WPP712,,SVDNB_npp_d20151003_t1731466_e1737270_b20378_c20151003233728467558_noaa_ops.h5,GDNBO_npp_d20151003_t1731466_e1737270_b20378_c20151003233728467298_noaa_ops.h5,SVI04_npp_d20151003_t1731466_e1737270_b20378_c20151003233728541959_noaa_ops.dspace_rad,VNFF_npp_d20151003_t1731466_e1737270_b20378_v21.csv,World_EEZ_v8_2014.shp,WPP_BFAR_merge.shp,KKP_IDN_merge_20161208.shp,VNF-VBD_npp_20120301-20151231_global_asia-enhanced_c201607211230.bitmask,NCEI_NGA.union.nga_lead2.add_2015ntl.mask,timezone.shp,VBD_platforms-recurring_2015_r20170330.shp,999999,VBD_bridges_c20160811.shp,9.202956;7.293124;4.987635;0.117751;-4.766567;-9.662423;-14.566307;-12.781590;-10.252750;-5.421471;-0.565886;4.309883,106.389061;120.204430;133.795395;132.636734;131.583801;130.626740;129.763702;115.696312;101.762085;103.094223;104.302101;105.397919,npp_d20151003_t1731466_e1737270_b20378,162.467,124.225,57.5642,99.6293,66.7767,67.1337
186,VBD_npp_d20151003_t1735364_x1080389E_y047687S_l2075_s0670_v23,2017-06-01 16:11:27,-4.768731,108.038948,33.0643,2015-10-03 17:35:36,2015-10-04 00:35:36,2075,670,0.381718,1,2529,0.900879,0.142964,0.867201,0.4,0.935408,0.75,0.0121754,0.0001,5.04369e-36,999999,1.201241e-01,3,Indonesian Exclusive Economic Zone,WPP712,,SVDNB_npp_d20151003_t1731466_e1737270_b20378_c20151003233728467558_noaa_ops.h5,GDNBO_npp_d20151003_t1731466_e1737270_b20378_c20151003233728467298_noaa_ops.h5,SVI04_npp_d20151003_t1731466_e1737270_b20378_c20151003233728541959_noaa_ops.dspace_rad,VNFF_npp_d20151003_t1731466_e1737270_b20378_v21.csv,World_EEZ_v8_2014.shp,WPP_BFAR_merge.shp,KKP_IDN_merge_20161208.shp,VNF-VBD_npp_20120301-20151231_global_asia-enhanced_c201607211230.bitmask,NCEI_NGA.union.nga_lead2.add_2015ntl.mask,timezone.shp,VBD_platforms-recurring_2015_r20170330.shp,999999,VBD_bridges_c20160811.shp,9.202956;7.293124;4.987635;0.117751;-4.766567;-9.662423;-14.566307;-12.781590;-10.252750;-5.421471;-0.565886;4.309883,106.389061;120.204430;133.795395;132.636734;131.583801;130.626740;129.763702;115.696312;101.762085;103.094223;104.302101;105.397919,npp_d20151003_t1731466_e1737270_b20378,162.895,120.737,57.4846,99.5061,66.1268,67.5522
187,VBD_npp_d20151003_t1735596_x1078299E_y060992S_l2279_s0687_v23,2017-06-01 16:11:27,-6.099152,107.829857,102.989,2015-10-03 17:35:59,2015-10-04 00:35:59,2279,687,0.431723,4,35301,1.07848,0.0734639,0.845974,0.4,0.951287,0.75,0.0117096,0.0001,3.5045e-36,999999,7.747298e-01,3,Indonesian Exclusive Economic Zone,WPP712,,SVDNB_npp_d20151003_t1731466_e1737270_b20378_c20151003233728467558_noaa_ops.h5,GDNBO_npp_d20151003_t1731466_e1737270_b20378_c20151003233728467298_noaa_ops.h5,SVI04_npp_d20151003_t1731466_e1737270_b20378_c20151003233728541959_noaa_ops.dspace_rad,VNFF_npp_d20151003_t1731466_e1737270_b20378_v21.csv,World_EEZ_v8_2014.shp,WPP_BFAR_merge.shp,KKP_IDN_merge_20161208.shp,VNF-VBD_npp_20120301-20151231_global_asia-enhanced_c201607211230.bitmask,NCEI_NGA.union.nga_lead2.add_2015ntl.mask,timezone.shp,VBD_platforms-recurring_2015_r20170330.shp,999999,VBD_bridges_c20160811.shp,9.202956;7.293124;4.987635;0.117751;-4.766567;-9.662423;-14.566307;-12.781590;-10.252750;-5.421471;-0.565886;4.309883,106.389061;120.204430;133.795395;132.636734;131.583801;130.626740;129.763702;115.696312;101.762085;103.094223;104.302101;105.397919,npp_d20151003_t1731466_e1737270_b20378,162.272,124.513,57.0758,99.9047,66.7513,67.0258
188,VBD_npp_d20151003_t1735560_x1079058E_y058692S_l2243_s0690_v23,2017-06-01 16:11:27,-5.869201,107.905762,16.1701,2015-10-03 17:35:56,2015-10-04 00:35:56,2243,690,0.382714,1,35297,0.677551,0.156294,0.862569,0.4,0.923491,0.75,0.0118152,0.0001,7.47473e-36,999999,-5.422803e-03,3,Indonesian Exclusive Economic Zone,WPP712,,SVDNB_npp_d20151003_t1731466_e1737270_b20378_c20151003233728467558_noaa_ops.h5,GDNBO_npp_d20151003_t1731466_e1737270_b20378_c20151003233728467298_noaa_ops.h5,SVI04_npp_d20151003_t1731466_e1737270_b20378_c20151003233728541959_noaa_ops.dspace_rad,VNFF_npp_d20151003_t1731466_e1737270_b20378_v21.csv,World_EEZ_v8_2014.shp,WPP_BFAR_merge.shp,KKP_IDN_merge_20161208.shp,VNF-VBD_npp_20120301-20151231_global_asia-enhanced_c201607211230.bitmask,NCEI_NGA.union.nga_lead2.add_2015ntl.mask,timezone.shp,VBD_platforms-recurring_2015_r20170330.shp,999999,VBD_bridges_c20160811.shp,9.202956;7.293124;4.987635;0.117751;-4.766567;-9.662423;-14.566307;-12.781590;-10.252750;-5.421471;-0.565886;4.309883,106.389061;120.204430;133.795395;132.636734;131.583801;130.626740;129.763702;115.696312;101.762085;103.094223;104.302101;105.397919,npp_d20151003_t1731466_e1737270_b20378,162.35,123.803,57.0037,100.04,66.6043,67.1038
189,VBD_npp_d20151003_t1735560_x1079272E_y059086S_l2248_s0694_v23,2017-06-01 16:11:27,-5.908626,107.927193,148.47,2015-10-03 17:35:56,2015-10-04 00:35:56,2248,694,0.417213,4,35309,1.39051,0.0824437,0.886399,0.4,0.975449,0.75,0.0118176,0.0001,9.69306e-36,999999,6.901515e-01,3,Indonesian Exclusive Economic Zone,WPP712,,SVDNB_npp_d20151003_t1731466_e1737270_b20378_c20151003233728467558_noaa_ops.h5,GDNBO_npp_d20151003_t1731466_e1737270_b20378_c20151003233728467298_noaa_ops.h5,SVI04_npp_d20151003_t1731466_e1737270_b20378_c20151003233728541959_noaa_ops.dspace_rad,VNFF_npp_d20151003_t1731466_e1737270_b20378_v21.csv,World_EEZ_v8_2014.shp,WPP_BFAR_merge.shp,KKP_IDN_merge_20161208.shp,VNF-VBD_npp_20120301-20151231_global_asia-enhanced_c201607211230.bitmask,NCEI_NGA.union.nga_lead2.add_2015ntl.mask,timezone.shp,VBD_platforms-recurring_2015_r20170330.shp,999999,VBD_bridges_c20160811.shp,9.202956;7.293124;4.987635;0.117751;-4.766567;-9.662423;-14.566307;-12.781590;-10.252750;-5.421471;-0.565886;4.309883,106.389061;120.204430;133.795395;132.636734;131.583801;130.626740;129.763702;115.696312;101.762085;103.094223;104.302101;105.397919,npp_d20151003_t1731466_e1737270_b20378,162.311,123.867,56.9048,99.8189,66.6,67.0815
190,VBD_npp_d20151003_t1735560_x1079622E_y059502S_l2253_s0700_v23,2017-06-01 16:11:27,-5.950245,107.962189,4.24082,2015-10-03 17:35:56,2015-10-04 00:35:56,2253,700,0.386555,1,35297,0.250512,0.163217,0.822321,0.4,0.77946,0.75,0.0118275,0.0001,1.53297e-35,999999,-7.062996e-02,3,Indonesian Exclusive Economic Zone,WPP712,,SVDNB_npp_d20151003_t1731466_e1737270_b20378_c20151003233728467558_noaa_ops.h5,GDNBO_npp_d20151003_t1731466_e1737270_b20378_c20151003233728467298_noaa_ops.h5,SVI04_npp_d20151003_t1731466_e1737270_b20378_c20151003233728541959_noaa_ops.dspace_rad,VNFF_npp_d20151003_t1731466_e1737270_b20378_v21.csv,World_EEZ_v8_2014.shp,WPP_BFAR_merge.shp,KKP_IDN_merge_20161208.shp,VNF-VBD_npp_20120301-20151231_global_asia-enhanced_c201607211230.bitmask,NCEI_NGA.union.nga_lead2.add_2015ntl.mask,timezone.shp,VBD_platforms-recurring_2015_r20170330.shp,999999,VBD_bridges_c20160811.shp,9.202956;7.293124;4.987635;0.117751;-4.766567;-9.662423;-14.566307;-12.781590;-10.252750;-5.421471;-0.565886;4.309883,106.389061;120.204430;133.795395;132.636734;131.583801;130.626740;129.763702;115.696312;101.762085;103.094223;104.302101;105.397919,npp_d20151003_t1731466_e1737270_b20378,162.259,123.91,56.7571,99.5963,66.584,67.0544
191,VBD_npp_d20151003_t1735311_x1083318E_y045046S_l2028_s0702_v23,2017-06-01 16:11:27,-4.504621,108.331825,45.5086,2015-10-03 17:35:31,2015-10-04 00:35:31,2028,702,0.376241,1,2529,0.815422,0.152503,0.828,0.4,0.895757,0.75,0.0124226,0.0001,1.8873e-34,999999,3.027863e-02,3,Indonesian Exclusive Economic Zone,WPP712,,SVDNB_npp_d20151003_t1731466_e1737270_b20378_c20151003233728467558_noaa_ops.h5,GDNBO_npp_d20151003_t1731466_e1737270_b20378_c20151003233728467298_noaa_ops.h5,SVI04_npp_d20151003_t1731466_e1737270_b20378_c20151003233728541959_noaa_ops.dspace_rad,VNFF_npp_d20151003_t1731466_e1737270_b20378_v21.csv,World_EEZ_v8_2014.shp,WPP_BFAR_merge.shp,KKP_IDN_merge_20161208.shp,VNF-VBD_npp_20120301-20151231_global_asia-enhanced_c201607211230.bitmask,NCEI_NGA.union.nga_lead2.add_2015ntl.mask,timezone.shp,VBD_platforms-recurring_2015_r20170330.shp,999999,VBD_bridges_c20160811.shp,9.202956;7.293124;4.987635;0.117751;-4.766567;-9.662423;-14.566307;-12.781590;-10.252750;-5.421471;-0.565886;4.309883,106.389061;120.204430;133.795395;132.636734;131.583801;130.626740;129.763702;115.696312;101.762085;103.094223;104.302101;105.397919,npp_d20151003_t1731466_e1737270_b20378,162.794,119.536,56.6986,99.3833,65.7735,67.5957
192,VBD_npp_d20151003_t1736014_x1080312E_y062487S_l2296_s0720_v23,2017-06-01 16:11:27,-6.248652,108.031158,4.33995,2015-10-03 17:36:01,2015-10-04 00:36:01,2296,720,0.381647,8,18913,0.246697,0.139027,0.703146,0.4,0.793373,0.75,0.0117909,0.0001,8.32184e-35,999999,1.572108e-01,3,Indonesian Exclusive Economic Zone,WPP712,,SVDNB_npp_d20151003_t1731466_e1737270_b20378_c20151003233728467558_noaa_ops.h5,GDNBO_npp_d20151003_t1731466_e1737270_b20378_c20151003233728467298_noaa_ops.h5,SVI04_npp_d20151003_t1731466_e1737270_b20378_c20151003233728541959_noaa_ops.dspace_rad,VNFF_npp_d20151003_t1731466_e1737270_b20378_v21.csv,World_EEZ_v8_2014.shp,WPP_BFAR_merge.shp,KKP_IDN_merge_20161208.shp,VNF-VBD_npp_20120301-20151231_global_asia-enhanced_c201607211230.bitmask,NCEI_NGA.union.nga_lead2.add_2015ntl.mask,timezone.shp,VBD_platforms-recurring_2015_r20170330.shp,0.382967,VBD_bridges_c20160811.shp,9.202956;7.293124;4.987635;0.117751;-4.766567;-9.662423;-14.566307;-12.781590;-10.252750;-5.421471;-0.565886;4.309883,106.389061;120.204430;133.795395;132.636734;131.583801;130.626740;129.763702;115.696312;101.762085;103.094223;104.302101;105.397919,npp_d20151003_t1731466_e1737270_b20378,162.016,124.508,56.2483,99.8561,66.6182,66.9051
193,VBD_npp_d20151003_t1735578_x1081433E_y060955S_l2270_s0730_v23,2017-06-01 16:11:27,-6.095460,108.143272,81.1463,2015-10-03 17:35:57,2015-10-04 00:35:57,2270,730,0.372116,4,100837,1.20566,0.168054,0.875486,0.4,0.97046,0.75,0.0118974,0.0001,2.59108e-34,999999,-1.161940e-01,3,Indonesian Exclusive Economic Zone,WPP712,,SVDNB_npp_d20151003_t1731466_e1737270_b20378_c20151003233728467558_noaa_ops.h5,GDNBO_npp_d20151003_t1731466_e1737270_b20378_c20151003233728467298_noaa_ops.h5,SVI04_npp_d20151003_t1731466_e1737270_b20378_c20151003233728541959_noaa_ops.dspace_rad,VNFF_npp_d20151003_t1731466_e1737270_b20378_v21.csv,World_EEZ_v8_2014.shp,WPP_BFAR_merge.shp,KKP_IDN_merge_20161208.shp,VNF-VBD_npp_20120301-20151231_global_asia-enhanced_c201607211230.bitmask,NCEI_NGA.union.nga_lead2.add_2015ntl.mask,timezone.shp,VBD_platforms-recurring_2015_r20170330.shp,999999,VBD_bridges_c20160811.shp,9.202956;7.293124;4.987635;0.117751;-4.766567;-9.662423;-14.566307;-12.781590;-10.252750;-5.421471;-0.565886;4.309883,106.389061;120.204430;133.795395;132.636734;131.583801;130.626740;129.763702;115.696312;101.762085;103.094223;104.302101;105.397919,npp_d20151003_t1731466_e1737270_b20378,162.022,123.94,55.9964,99.5475,66.4677,66.9411
194,VBD_npp_d20151003_t1735293_x1086349E_y044689S_l2015_s0743_v23,2017-06-01 16:11:27,-4.468874,108.634941,2.36067,2015-10-03 17:35:29,2015-10-04 00:35:29,2015,743,0.39125,1,2273,0.167746,0.16521,0.626021,0.4,0.830663,0.75,0.0126144,0.0001,1.0135e-32,999999,-8.939956e-02,3,Indonesian Exclusive Economic Zone,WPP712,,SVDNB_npp_d20151003_t1731466_e1737270_b20378_c20151003233728467558_noaa_ops.h5,GDNBO_npp_d20151003_t1731466_e1737270_b20378_c20151003233728467298_noaa_ops.h5,SVI04_npp_d20151003_t1731466_e1737270_b20378_c20151003233728541959_noaa_ops.dspace_rad,VNFF_npp_d20151003_t1731466_e1737270_b20378_v21.csv,World_EEZ_v8_2014.shp,WPP_BFAR_merge.shp,KKP_IDN_merge_20161208.shp,VNF-VBD_npp_20120301-20151231_global_asia-enhanced_c201607211230.bitmask,NCEI_NGA.union.nga_lead2.add_2015ntl.mask,timezone.shp,VBD_platforms-recurring_2015_r20170330.shp,999999,VBD_bridges_c20160811.shp,9.202956;7.293124;4.987635;0.117751;-4.766567;-9.662423;-14.566307;-12.781590;-10.252750;-5.421471;-0.565886;4.309883,106.389061;120.204430;133.795395;132.636734;131.583801;130.626740;129.763702;115.696312;101.762085;103.094223;104.302101;105.397919,npp_d20151003_t1731466_e1737270_b20378,162.554,118.952,55.6586,99.2092,65.4851,67.5351
195,VBD_npp_d20151003_t1735329_x1085934E_y046625S_l2045_s0744_v23,2017-06-01 16:11:27,-4.662525,108.593407,4.27314,2015-10-03 17:35:32,2015-10-04 00:35:32,2045,744,0.385986,1,2529,0.286118,0.165162,0.766014,0.4,0.850921,0.75,0.0125396,0.0001,8.66356e-33,999999,-8.894947e-02,3,Indonesian Exclusive Economic Zone,WPP712,,SVDNB_npp_d20151003_t1731466_e1737270_b20378_c20151003233728467558_noaa_ops.h5,GDNBO_npp_d20151003_t1731466_e1737270_b20378_c20151003233728467298_noaa_ops.h5,SVI04_npp_d20151003_t1731466_e1737270_b20378_c20151003233728541959_noaa_ops.dspace_rad,VNFF_npp_d20151003_t1731466_e1737270_b20378_v21.csv,World_EEZ_v8_2014.shp,WPP_BFAR_merge.shp,KKP_IDN_merge_20161208.shp,VNF-VBD_npp_20120301-20151231_global_asia-enhanced_c201607211230.bitmask,NCEI_NGA.union.nga_lead2.add_2015ntl.mask,timezone.shp,VBD_platforms-recurring_2015_r20170330.shp,999999,VBD_bridges_c20160811.shp,9.202956;7.293124;4.987635;0.117751;-4.766567;-9.662423;-14.566307;-12.781590;-10.252750;-5.421471;-0.565886;4.309883,106.389061;120.204430;133.795395;132.636734;131.583801;130.626740;129.763702;115.696312;101.762085;103.094223;104.302101;105.397919,npp_d20151003_t1731466_e1737270_b20378,162.483,119.532,55.6359,99.3324,65.585,67.4575
196,VBD_npp_d20151003_t1732012_x1113961E_y076847N_l0134_s0750_v23,2017-06-01 16:11:27,7.684669,111.396057,5.08304,2015-10-03 17:32:01,2015-10-04 00:32:01,134,750,0.273742,2,2465,0.25443,0.121638,0.546989,0.4,0.62173,0.75,0.0164457,0.0001,9.49724e-27,999999,1.663275e-01,3,Vietnamese Exclusive Economic Zone,,,SVDNB_npp_d20151003_t1731466_e1737270_b20378_c20151003233728467558_noaa_ops.h5,GDNBO_npp_d20151003_t1731466_e1737270_b20378_c20151003233728467298_noaa_ops.h5,SVI04_npp_d20151003_t1731466_e1737270_b20378_c20151003233728541959_noaa_ops.dspace_rad,VNFF_npp_d20151003_t1731466_e1737270_b20378_v21.csv,World_EEZ_v8_2014.shp,WPP_BFAR_merge.shp,KKP_IDN_merge_20161208.shp,VNF-VBD_npp_20120301-20151231_global_asia-enhanced_c201607211230.bitmask,NCEI_NGA.union.nga_lead2.add_2015ntl.mask,timezone.shp,VBD_platforms-recurring_2015_r20170330.shp,999999,VBD_bridges_c20160811.shp,9.202956;7.293124;4.987635;0.117751;-4.766567;-9.662423;-14.566307;-12.781590;-10.252750;-5.421471;-0.565886;4.309883,106.389061;120.204430;133.795395;132.636734;131.583801;130.626740;129.763702;115.696312;101.762085;103.094223;104.302101;105.397919,npp_d20151003_t1731466_e1737270_b20378,162.566,78.8858,55.4613,97.7819,59.5382,73.4441
197,VBD_npp_d20151003_t1735258_x1087355E_y042432S_l1979_s0750_v23,2017-06-01 16:11:27,-4.243229,108.735504,54.5088,2015-10-03 17:35:25,2015-10-04 00:35:25,1979,750,0.396514,8,18913,1.04344,0.136047,0.879051,0.4,0.971032,0.75,0.0127299,0.0001,2.80233e-32,999999,1.852747e-01,3,Indonesian Exclusive Economic Zone,WPP712,,SVDNB_npp_d20151003_t1731466_e1737270_b20378_c20151003233728467558_noaa_ops.h5,GDNBO_npp_d20151003_t1731466_e1737270_b20378_c20151003233728467298_noaa_ops.h5,SVI04_npp_d20151003_t1731466_e1737270_b20378_c20151003233728541959_noaa_ops.dspace_rad,VNFF_npp_d20151003_t1731466_e1737270_b20378_v21.csv,World_EEZ_v8_2014.shp,WPP_BFAR_merge.shp,KKP_IDN_merge_20161208.shp,VNF-VBD_npp_20120301-20151231_global_asia-enhanced_c201607211230.bitmask,NCEI_NGA.union.nga_lead2.add_2015ntl.mask,timezone.shp,VBD_platforms-recurring_2015_r20170330.shp,0.281368,VBD_bridges_c20160811.shp,9.202956;7.293124;4.987635;0.117751;-4.766567;-9.662423;-14.566307;-12.781590;-10.252750;-5.421471;-0.565886;4.309883,106.389061;120.204430;133.795395;132.636734;131.583801;130.626740;129.763702;115.696312;101.762085;103.094223;104.302101;105.397919,npp_d20151003_t1731466_e1737270_b20378,162.587,118.184,55.4832,99.3489,65.3184,67.6122
198,VBD_npp_d20151003_t1735364_x1085892E_y048488S_l2073_s0750_v23,2017-06-01 16:11:27,-4.848754,108.589233,6.34426,2015-10-03 17:35:36,2015-10-04 00:35:36,2073,750,0.384066,1,2529,0.39431,0.163665,0.811103,0.4,0.889993,0.75,0.0124892,0.0001,1.26e-32,999999,-7.485146e-02,3,Indonesian Exclusive Economic Zone,WPP712,,SVDNB_npp_d20151003_t1731466_e1737270_b20378_c20151003233728467558_noaa_ops.h5,GDNBO_npp_d20151003_t1731466_e1737270_b20378_c20151003233728467298_noaa_ops.h5,SVI04_npp_d20151003_t1731466_e1737270_b20378_c20151003233728541959_noaa_ops.dspace_rad,VNFF_npp_d20151003_t1731466_e1737270_b20378_v21.csv,World_EEZ_v8_2014.shp,WPP_BFAR_merge.shp,KKP_IDN_merge_20161208.shp,VNF-VBD_npp_20120301-20151231_global_asia-enhanced_c201607211230.bitmask,NCEI_NGA.union.nga_lead2.add_2015ntl.mask,timezone.shp,VBD_platforms-recurring_2015_r20170330.shp,999999,VBD_bridges_c20160811.shp,9.202956;7.293124;4.987635;0.117751;-4.766567;-9.662423;-14.566307;-12.781590;-10.252750;-5.421471;-0.565886;4.309883,106.389061;120.204430;133.795395;132.636734;131.583801;130.626740;129.763702;115.696312;101.762085;103.094223;104.302101;105.397919,npp_d20151003_t1731466_e1737270_b20378,162.381,120.025,55.4804,99.5406,65.6477,67.3737
199,VBD_npp_d20151003_t1735187_x1088566E_y038689S_l1920_s0754_v23,2017-06-01 16:11:27,-3.868905,108.856560,48.1048,2015-10-03 17:35:18,2015-10-04 00:35:18,1920,754,0.377877,1,2529,0.905799,0.143973,0.856337,0.4,0.93763,0.75,0.0128109,0.0001,6.26775e-32,999999,1.106267e-01,3,Indonesian Exclusive Economic Zone,WPP712,,SVDNB_npp_d20151003_t1731466_e1737270_b20378_c20151003233728467558_noaa_ops.h5,GDNBO_npp_d20151003_t1731466_e1737270_b20378_c20151003233728467298_noaa_ops.h5,SVI04_npp_d20151003_t1731466_e1737270_b20378_c20151003233728541959_noaa_ops.dspace_rad,VNFF_npp_d20151003_t1731466_e1737270_b20378_v21.csv,World_EEZ_v8_2014.shp,WPP_BFAR_merge.shp,KKP_IDN_merge_20161208.shp,VNF-VBD_npp_20120301-20151231_global_asia-enhanced_c201607211230.bitmask,NCEI_NGA.union.nga_lead2.add_2015ntl.mask,timezone.shp,VBD_platforms-recurring_2015_r20170330.shp,999999,VBD_bridges_c20160811.shp,9.202956;7.293124;4.987635;0.117751;-4.766567;-9.662423;-14.566307;-12.781590;-10.252750;-5.421471;-0.565886;4.309883,106.389061;120.204430;133.795395;132.636734;131.583801;130.626740;129.763702;115.696312;101.762085;103.094223;104.302101;105.397919,npp_d20151003_t1731466_e1737270_b20378,162.68,116.981,55.3785,99.0555,65.0893,67.7552
200,VBD_npp_d20151003_t1735311_x1087072E_y044916S_l2017_s0755_v23,2017-06-01 16:11:27,-4.491641,108.707191,41.5809,2015-10-03 17:35:31,2015-10-04 00:35:31,2017,755,0.388262,1,2529,0.931278,0.181426,0.837205,0.4,0.95206,0.75,0.0126554,0.0001,3.76817e-32,999999,-2.421331e-01,3,Indonesian Exclusive Economic Zone,WPP712,,SVDNB_npp_d20151003_t1731466_e1737270_b20378_c20151003233728467558_noaa_ops.h5,GDNBO_npp_d20151003_t1731466_e1737270_b20378_c20151003233728467298_noaa_ops.h5,SVI04_npp_d20151003_t1731466_e1737270_b20378_c20151003233728541959_noaa_ops.dspace_rad,VNFF_npp_d20151003_t1731466_e1737270_b20378_v21.csv,World_EEZ_v8_2014.shp,WPP_BFAR_merge.shp,KKP_IDN_merge_20161208.shp,VNF-VBD_npp_20120301-20151231_global_asia-enhanced_c201607211230.bitmask,NCEI_NGA.union.nga_lead2.add_2015ntl.mask,timezone.shp,VBD_platforms-recurring_2015_r20170330.shp,999999,VBD_bridges_c20160811.shp,9.202956;7.293124;4.987635;0.117751;-4.766567;-9.662423;-14.566307;-12.781590;-10.252750;-5.421471;-0.565886;4.309883,106.389061;120.204430;133.795395;132.636734;131.583801;130.626740;129.763702;115.696312;101.762085;103.094223;104.302101;105.397919,npp_d20151003_t1731466_e1737270_b20378,162.474,118.887,55.3512,99.8402,65.4202,67.5045
201,VBD_npp_d20151003_t1735187_x1088723E_y038577S_l1918_s0756_v23,2017-06-01 16:11:27,-3.857677,108.872269,45.3747,2015-10-03 17:35:18,2015-10-04 00:35:18,1918,756,0.360806,1,2529,0.827779,0.149809,0.857623,0.4,0.908393,0.75,0.0128209,0.0001,7.87741e-32,999999,5.565933e-02,3,Indonesian Exclusive Economic Zone,WPP712,,SVDNB_npp_d20151003_t1731466_e1737270_b20378_c20151003233728467558_noaa_ops.h5,GDNBO_npp_d20151003_t1731466_e1737270_b20378_c20151003233728467298_noaa_ops.h5,SVI04_npp_d20151003_t1731466_e1737270_b20378_c20151003233728541959_noaa_ops.dspace_rad,VNFF_npp_d20151003_t1731466_e1737270_b20378_v21.csv,World_EEZ_v8_2014.shp,WPP_BFAR_merge.shp,KKP_IDN_merge_20161208.shp,VNF-VBD_npp_20120301-20151231_global_asia-enhanced_c201607211230.bitmask,NCEI_NGA.union.nga_lead2.add_2015ntl.mask,timezone.shp,VBD_platforms-recurring_2015_r20170330.shp,999999,VBD_bridges_c20160811.shp,9.202956;7.293124;4.987635;0.117751;-4.766567;-9.662423;-14.566307;-12.781590;-10.252750;-5.421471;-0.565886;4.309883,106.389061;120.204430;133.795395;132.636734;131.583801;130.626740;129.763702;115.696312;101.762085;103.094223;104.302101;105.397919,npp_d20151003_t1731466_e1737270_b20378,162.671,116.925,55.327,99.1434,65.0704,67.7563
202,VBD_npp_d20151003_t1735293_x1087213E_y044901S_l2016_s0756_v23,2017-06-01 16:11:27,-4.490116,108.721336,23.7848,2015-10-03 17:35:29,2015-10-04 00:35:29,2016,756,0.384279,1,2529,0.719192,0.178924,0.837205,0.4,0.929212,0.75,0.0126619,0.0001,3.22538e-32,999999,-2.185715e-01,3,Indonesian Exclusive Economic Zone,WPP712,,SVDNB_npp_d20151003_t1731466_e1737270_b20378_c20151003233728467558_noaa_ops.h5,GDNBO_npp_d20151003_t1731466_e1737270_b20378_c20151003233728467298_noaa_ops.h5,SVI04_npp_d20151003_t1731466_e1737270_b20378_c20151003233728541959_noaa_ops.dspace_rad,VNFF_npp_d20151003_t1731466_e1737270_b20378_v21.csv,World_EEZ_v8_2014.shp,WPP_BFAR_merge.shp,KKP_IDN_merge_20161208.shp,VNF-VBD_npp_20120301-20151231_global_asia-enhanced_c201607211230.bitmask,NCEI_NGA.union.nga_lead2.add_2015ntl.mask,timezone.shp,VBD_platforms-recurring_2015_r20170330.shp,999999,VBD_bridges_c20160811.shp,9.202956;7.293124;4.987635;0.117751;-4.766567;-9.662423;-14.566307;-12.781590;-10.252750;-5.421471;-0.565886;4.309883,106.389061;120.204430;133.795395;132.636734;131.583801;130.626740;129.763702;115.696312;101.762085;103.094223;104.302101;105.397919,npp_d20151003_t1731466_e1737270_b20378,162.469,118.872,55.3281,99.1565,65.4132,67.5033
203,VBD_npp_d20151003_t1735204_x1088744E_y038828S_l1922_s0758_v23,2017-06-01 16:11:27,-3.882809,108.874420,29.3463,2015-10-03 17:35:20,2015-10-04 00:35:20,1922,758,0.38499,7,2465,0.506506,0.147109,0.862249,0.4,0.687695,0.75,0.0128241,0.0001,1.10227e-31,999999,8.108423e-02,3,,,,SVDNB_npp_d20151003_t1731466_e1737270_b20378_c20151003233728467558_noaa_ops.h5,GDNBO_npp_d20151003_t1731466_e1737270_b20378_c20151003233728467298_noaa_ops.h5,SVI04_npp_d20151003_t1731466_e1737270_b20378_c20151003233728541959_noaa_ops.dspace_rad,VNFF_npp_d20151003_t1731466_e1737270_b20378_v21.csv,World_EEZ_v8_2014.shp,WPP_BFAR_merge.shp,KKP_IDN_merge_20161208.shp,VNF-VBD_npp_20120301-20151231_global_asia-enhanced_c201607211230.bitmask,NCEI_NGA.union.nga_lead2.add_2015ntl.mask,timezone.shp,VBD_platforms-recurring_2015_r20170330.shp,999999,VBD_bridges_c20160811.shp,9.202956;7.293124;4.987635;0.117751;-4.766567;-9.662423;-14.566307;-12.781590;-10.252750;-5.421471;-0.565886;4.309883,106.389061;120.204430;133.795395;132.636734;131.583801;130.626740;129.763702;115.696312;101.762085;103.094223;104.302101;105.397919,npp_d20151003_t1731466_e1737270_b20378,162.651,116.983,55.2757,99.692,65.0714,67.7428
204,VBD_npp_d20151003_t1735204_x1088822E_y038772S_l1921_s0759_v23,2017-06-01 16:11:27,-3.877244,108.882217,42.6962,2015-10-03 17:35:20,2015-10-04 00:35:20,1921,759,0.385062,1,2529,0.822363,0.151816,0.846914,0.4,0.901847,0.75,0.0128291,0.0001,1.23362e-31,999999,3.675562e-02,3,Indonesian Exclusive Economic Zone,WPP712,,SVDNB_npp_d20151003_t1731466_e1737270_b20378_c20151003233728467558_noaa_ops.h5,GDNBO_npp_d20151003_t1731466_e1737270_b20378_c20151003233728467298_noaa_ops.h5,SVI04_npp_d20151003_t1731466_e1737270_b20378_c20151003233728541959_noaa_ops.dspace_rad,VNFF_npp_d20151003_t1731466_e1737270_b20378_v21.csv,World_EEZ_v8_2014.shp,WPP_BFAR_merge.shp,KKP_IDN_merge_20161208.shp,VNF-VBD_npp_20120301-20151231_global_asia-enhanced_c201607211230.bitmask,NCEI_NGA.union.nga_lead2.add_2015ntl.mask,timezone.shp,VBD_platforms-recurring_2015_r20170330.shp,999999,VBD_bridges_c20160811.shp,9.202956;7.293124;4.987635;0.117751;-4.766567;-9.662423;-14.566307;-12.781590;-10.252750;-5.421471;-0.565886;4.309883,106.389061;120.204430;133.795395;132.636734;131.583801;130.626740;129.763702;115.696312;101.762085;103.094223;104.302101;105.397919,npp_d20151003_t1731466_e1737270_b20378,162.647,116.955,55.2503,99.7361,65.062,67.7433
205,VBD_npp_d20151003_t1735364_x1086425E_y048992S_l2079_s0759_v23,2017-06-01 16:11:27,-4.899195,108.642494,3.84418,2015-10-03 17:35:36,2015-10-04 00:35:36,2079,759,0.391392,8,18913,0.264201,0.137212,0.85028,0.4,0.826107,0.75,0.012508,0.0001,2.43665e-32,999999,1.743026e-01,3,Indonesian Exclusive Economic Zone,WPP712,,SVDNB_npp_d20151003_t1731466_e1737270_b20378_c20151003233728467558_noaa_ops.h5,GDNBO_npp_d20151003_t1731466_e1737270_b20378_c20151003233728467298_noaa_ops.h5,SVI04_npp_d20151003_t1731466_e1737270_b20378_c20151003233728541959_noaa_ops.dspace_rad,VNFF_npp_d20151003_t1731466_e1737270_b20378_v21.csv,World_EEZ_v8_2014.shp,WPP_BFAR_merge.shp,KKP_IDN_merge_20161208.shp,VNF-VBD_npp_20120301-20151231_global_asia-enhanced_c201607211230.bitmask,NCEI_NGA.union.nga_lead2.add_2015ntl.mask,timezone.shp,VBD_platforms-recurring_2015_r20170330.shp,0.380636,VBD_bridges_c20160811.shp,9.202956;7.293124;4.987635;0.117751;-4.766567;-9.662423;-14.566307;-12.781590;-10.252750;-5.421471;-0.565886;4.309883,106.389061;120.204430;133.795395;132.636734;131.583801;130.626740;129.763702;115.696312;101.762085;103.094223;104.302101;105.397919,npp_d20151003_t1731466_e1737270_b20378,162.31,120.074,55.2531,99.2681,65.6179,67.3376
206,VBD_npp_d20151003_t1735382_x1086527E_y049191S_l2082_s0762_v23,2017-06-01 16:11:27,-4.919103,108.652657,10.6999,2015-10-03 17:35:38,2015-10-04 00:35:38,2082,762,0.390539,1,2529,0.543692,0.136935,0.85028,0.4,0.929575,0.75,0.0125116,0.0001,3.87926e-32,999999,1.769098e-01,3,Indonesian Exclusive Economic Zone,WPP712,,SVDNB_npp_d20151003_t1731466_e1737270_b20378_c20151003233728467558_noaa_ops.h5,GDNBO_npp_d20151003_t1731466_e1737270_b20378_c20151003233728467298_noaa_ops.h5,SVI04_npp_d20151003_t1731466_e1737270_b20378_c20151003233728541959_noaa_ops.dspace_rad,VNFF_npp_d20151003_t1731466_e1737270_b20378_v21.csv,World_EEZ_v8_2014.shp,WPP_BFAR_merge.shp,KKP_IDN_merge_20161208.shp,VNF-VBD_npp_20120301-20151231_global_asia-enhanced_c201607211230.bitmask,NCEI_NGA.union.nga_lead2.add_2015ntl.mask,timezone.shp,VBD_platforms-recurring_2015_r20170330.shp,999999,VBD_bridges_c20160811.shp,9.202956;7.293124;4.987635;0.117751;-4.766567;-9.662423;-14.566307;-12.781590;-10.252750;-5.421471;-0.565886;4.309883,106.389061;120.204430;133.795395;132.636734;131.583801;130.626740;129.763702;115.696312;101.762085;103.094223;104.302101;105.397919,npp_d20151003_t1731466_e1737270_b20378,162.285,120.099,55.1748,99.86,65.6096,67.3243
207,VBD_npp_d20151003_t1735187_x1089243E_y038731S_l1919_s0764_v23,2017-06-01 16:11:27,-3.873124,108.924332,19.5145,2015-10-03 17:35:18,2015-10-04 00:35:18,1919,764,0.368346,1,2529,0.550405,0.161687,0.807397,0.4,0.837982,0.75,0.0128507,0.0001,1.54959e-31,999999,-5.621787e-02,3,Indonesian Exclusive Economic Zone,WPP712,,SVDNB_npp_d20151003_t1731466_e1737270_b20378_c20151003233728467558_noaa_ops.h5,GDNBO_npp_d20151003_t1731466_e1737270_b20378_c20151003233728467298_noaa_ops.h5,SVI04_npp_d20151003_t1731466_e1737270_b20378_c20151003233728541959_noaa_ops.dspace_rad,VNFF_npp_d20151003_t1731466_e1737270_b20378_v21.csv,World_EEZ_v8_2014.shp,WPP_BFAR_merge.shp,KKP_IDN_merge_20161208.shp,VNF-VBD_npp_20120301-20151231_global_asia-enhanced_c201607211230.bitmask,NCEI_NGA.union.nga_lead2.add_2015ntl.mask,timezone.shp,VBD_platforms-recurring_2015_r20170330.shp,999999,VBD_bridges_c20160811.shp,9.202956;7.293124;4.987635;0.117751;-4.766567;-9.662423;-14.566307;-12.781590;-10.252750;-5.421471;-0.565886;4.309883,106.389061;120.204430;133.795395;132.636734;131.583801;130.626740;129.763702;115.696312;101.762085;103.094223;104.302101;105.397919,npp_d20151003_t1731466_e1737270_b20378,162.618,116.891,55.1244,99.0944,65.0279,67.7364
208,VBD_npp_d20151003_t1735382_x1086601E_y049548S_l2087_s0764_v23,2017-06-01 16:11:27,-4.954826,108.660110,3.70166,2015-10-03 17:35:38,2015-10-04 00:35:38,2087,764,0.388405,1,2529,0.242783,0.160774,0.792642,0.4,0.804317,0.75,0.0125062,0.0001,4.07592e-32,999999,-4.762032e-02,3,Indonesian Exclusive Economic Zone,WPP712,,SVDNB_npp_d20151003_t1731466_e1737270_b20378_c20151003233728467558_noaa_ops.h5,GDNBO_npp_d20151003_t1731466_e1737270_b20378_c20151003233728467298_noaa_ops.h5,SVI04_npp_d20151003_t1731466_e1737270_b20378_c20151003233728541959_noaa_ops.dspace_rad,VNFF_npp_d20151003_t1731466_e1737270_b20378_v21.csv,World_EEZ_v8_2014.shp,WPP_BFAR_merge.shp,KKP_IDN_merge_20161208.shp,VNF-VBD_npp_20120301-20151231_global_asia-enhanced_c201607211230.bitmask,NCEI_NGA.union.nga_lead2.add_2015ntl.mask,timezone.shp,VBD_platforms-recurring_2015_r20170330.shp,999999,VBD_bridges_c20160811.shp,9.202956;7.293124;4.987635;0.117751;-4.766567;-9.662423;-14.566307;-12.781590;-10.252750;-5.421471;-0.565886;4.309883,106.389061;120.204430;133.795395;132.636734;131.583801;130.626740;129.763702;115.696312;101.762085;103.094223;104.302101;105.397919,npp_d20151003_t1731466_e1737270_b20378,162.261,120.183,55.1244,99.636,65.6166,67.3067
209,VBD_npp_d20151003_t1736369_x1078306E_y083289S_l2611_s0766_v23,2017-06-01 16:11:27,-8.328921,107.830597,4.18462,2015-10-03 17:36:36,2015-10-04 00:36:36,2611,766,0.349709,1,2529,0.240779,0.165049,0.578288,0.4,0.760206,0.75,0.0112647,0.0001,3.33338e-34,999999,-8.788295e-02,3,Indonesian Exclusive Economic Zone,WPP573,,SVDNB_npp_d20151003_t1731466_e1737270_b20378_c20151003233728467558_noaa_ops.h5,GDNBO_npp_d20151003_t1731466_e1737270_b20378_c20151003233728467298_noaa_ops.h5,SVI04_npp_d20151003_t1731466_e1737270_b20378_c20151003233728541959_noaa_ops.dspace_rad,VNFF_npp_d20151003_t1731466_e1737270_b20378_v21.csv,World_EEZ_v8_2014.shp,WPP_BFAR_merge.shp,KKP_IDN_merge_20161208.shp,VNF-VBD_npp_20120301-20151231_global_asia-enhanced_c201607211230.bitmask,NCEI_NGA.union.nga_lead2.add_2015ntl.mask,timezone.shp,VBD_platforms-recurring_2015_r20170330.shp,999999,VBD_bridges_c20160811.shp,9.202956;7.293124;4.987635;0.117751;-4.766567;-9.662423;-14.566307;-12.781590;-10.252750;-5.421471;-0.565886;4.309883,106.389061;120.204430;133.795395;132.636734;131.583801;130.626740;129.763702;115.696312;101.762085;103.094223;104.302101;105.397919,npp_d20151003_t1731466_e1737270_b20378,160.803,129.547,55.0856,100.406,67.5061,66.0802
210,VBD_npp_d20151003_t1735525_x1085092E_y058361S_l2222_s0773_v23,2017-06-01 16:11:27,-5.836059,108.509178,33.6357,2015-10-03 17:35:52,2015-10-04 00:35:52,2222,773,0.391534,1,2529,0.947127,0.151308,0.884273,0.4,0.971509,0.75,0.0121873,0.0001,2.35406e-32,999999,4.153986e-02,3,Indonesian Exclusive Economic Zone,WPP712,Pulau Biawak District Marine Conservation Area,SVDNB_npp_d20151003_t1731466_e1737270_b20378_c20151003233728467558_noaa_ops.h5,GDNBO_npp_d20151003_t1731466_e1737270_b20378_c20151003233728467298_noaa_ops.h5,SVI04_npp_d20151003_t1731466_e1737270_b20378_c20151003233728541959_noaa_ops.dspace_rad,VNFF_npp_d20151003_t1731466_e1737270_b20378_v21.csv,World_EEZ_v8_2014.shp,WPP_BFAR_merge.shp,KKP_IDN_merge_20161208.shp,VNF-VBD_npp_20120301-20151231_global_asia-enhanced_c201607211230.bitmask,NCEI_NGA.union.nga_lead2.add_2015ntl.mask,timezone.shp,VBD_platforms-recurring_2015_r20170330.shp,999999,VBD_bridges_c20160811.shp,9.202956;7.293124;4.987635;0.117751;-4.766567;-9.662423;-14.566307;-12.781590;-10.252750;-5.421471;-0.565886;4.309883,106.389061;120.204430;133.795395;132.636734;131.583801;130.626740;129.763702;115.696312;101.762085;103.094223;104.302101;105.397919,npp_d20151003_t1731466_e1737270_b20378,161.879,122.663,54.9021,99.4582,66.048,66.9532
211,VBD_npp_d20151003_t1735311_x1088338E_y045478S_l2022_s0775_v23,2017-06-01 16:11:27,-4.547768,108.833763,57.9173,2015-10-03 17:35:31,2015-10-04 00:35:31,2022,775,0.392744,1,2529,1.11775,0.167182,0.892313,0.4,0.9705,0.75,0.0127192,0.0001,1.93068e-31,999999,-1.079799e-01,3,Indonesian Exclusive Economic Zone,WPP712,,SVDNB_npp_d20151003_t1731466_e1737270_b20378_c20151003233728467558_noaa_ops.h5,GDNBO_npp_d20151003_t1731466_e1737270_b20378_c20151003233728467298_noaa_ops.h5,SVI04_npp_d20151003_t1731466_e1737270_b20378_c20151003233728541959_noaa_ops.dspace_rad,VNFF_npp_d20151003_t1731466_e1737270_b20378_v21.csv,World_EEZ_v8_2014.shp,WPP_BFAR_merge.shp,KKP_IDN_merge_20161208.shp,VNF-VBD_npp_20120301-20151231_global_asia-enhanced_c201607211230.bitmask,NCEI_NGA.union.nga_lead2.add_2015ntl.mask,timezone.shp,VBD_platforms-recurring_2015_r20170330.shp,999999,VBD_bridges_c20160811.shp,9.202956;7.293124;4.987635;0.117751;-4.766567;-9.662423;-14.566307;-12.781590;-10.252750;-5.421471;-0.565886;4.309883,106.389061;120.204430;133.795395;132.636734;131.583801;130.626740;129.763702;115.696312;101.762085;103.094223;104.302101;105.397919,npp_d20151003_t1731466_e1737270_b20378,162.336,118.84,54.8448,99.6076,65.3245,67.4467
212,VBD_npp_d20151003_t1735596_x1084286E_y062450S_l2285_s0776_v23,2017-06-01 16:11:27,-6.245019,108.428589,5.29684,2015-10-03 17:35:59,2015-10-04 00:35:59,2285,776,0.388334,1,2529,0.308457,0.140806,0.855061,0.4,0.805274,0.75,0.0120332,0.0001,1.75482e-32,999999,1.404553e-01,3,Indonesian Exclusive Economic Zone,WPP712,,SVDNB_npp_d20151003_t1731466_e1737270_b20378_c20151003233728467558_noaa_ops.h5,GDNBO_npp_d20151003_t1731466_e1737270_b20378_c20151003233728467298_noaa_ops.h5,SVI04_npp_d20151003_t1731466_e1737270_b20378_c20151003233728541959_noaa_ops.dspace_rad,VNFF_npp_d20151003_t1731466_e1737270_b20378_v21.csv,World_EEZ_v8_2014.shp,WPP_BFAR_merge.shp,KKP_IDN_merge_20161208.shp,VNF-VBD_npp_20120301-20151231_global_asia-enhanced_c201607211230.bitmask,NCEI_NGA.union.nga_lead2.add_2015ntl.mask,timezone.shp,VBD_platforms-recurring_2015_r20170330.shp,999999,VBD_bridges_c20160811.shp,9.202956;7.293124;4.987635;0.117751;-4.766567;-9.662423;-14.566307;-12.781590;-10.252750;-5.421471;-0.565886;4.309883,106.389061;120.204430;133.795395;132.636734;131.583801;130.626740;129.763702;115.696312;101.762085;103.094223;104.302101;105.397919,npp_d20151003_t1731466_e1737270_b20378,161.697,123.792,54.8263,99.571,66.2576,66.7948
213,VBD_npp_d20151003_t1735276_x1088921E_y043634S_l1993_s0777_v23,2017-06-01 16:11:27,-4.363366,108.892128,35.1458,2015-10-03 17:35:27,2015-10-04 00:35:27,1993,777,0.397225,1,2529,0.91498,0.142057,0.913556,0.4,0.955523,0.75,0.0128032,0.0001,2.76303e-31,999999,1.286655e-01,3,Indonesian Exclusive Economic Zone,WPP712,,SVDNB_npp_d20151003_t1731466_e1737270_b20378_c20151003233728467558_noaa_ops.h5,GDNBO_npp_d20151003_t1731466_e1737270_b20378_c20151003233728467298_noaa_ops.h5,SVI04_npp_d20151003_t1731466_e1737270_b20378_c20151003233728541959_noaa_ops.dspace_rad,VNFF_npp_d20151003_t1731466_e1737270_b20378_v21.csv,World_EEZ_v8_2014.shp,WPP_BFAR_merge.shp,KKP_IDN_merge_20161208.shp,VNF-VBD_npp_20120301-20151231_global_asia-enhanced_c201607211230.bitmask,NCEI_NGA.union.nga_lead2.add_2015ntl.mask,timezone.shp,VBD_platforms-recurring_2015_r20170330.shp,999999,VBD_bridges_c20160811.shp,9.202956;7.293124;4.987635;0.117751;-4.766567;-9.662423;-14.566307;-12.781590;-10.252750;-5.421471;-0.565886;4.309883,106.389061;120.204430;133.795395;132.636734;131.583801;130.626740;129.763702;115.696312;101.762085;103.094223;104.302101;105.397919,npp_d20151003_t1731466_e1737270_b20378,162.386,118.262,54.7982,99.4387,65.2125,67.5169
214,VBD_npp_d20151003_t1735596_x1084548E_y062495S_l2285_s0780_v23,2017-06-01 16:11:27,-6.249510,108.454781,23.6578,2015-10-03 17:35:59,2015-10-04 00:35:59,2285,780,0.388334,1,2529,0.780338,0.146947,0.865338,0.4,0.951759,0.75,0.0120485,0.0001,2.51186e-32,999999,8.261535e-02,3,Indonesian Exclusive Economic Zone,WPP712,,SVDNB_npp_d20151003_t1731466_e1737270_b20378_c20151003233728467558_noaa_ops.h5,GDNBO_npp_d20151003_t1731466_e1737270_b20378_c20151003233728467298_noaa_ops.h5,SVI04_npp_d20151003_t1731466_e1737270_b20378_c20151003233728541959_noaa_ops.dspace_rad,VNFF_npp_d20151003_t1731466_e1737270_b20378_v21.csv,World_EEZ_v8_2014.shp,WPP_BFAR_merge.shp,KKP_IDN_merge_20161208.shp,VNF-VBD_npp_20120301-20151231_global_asia-enhanced_c201607211230.bitmask,NCEI_NGA.union.nga_lead2.add_2015ntl.mask,timezone.shp,VBD_platforms-recurring_2015_r20170330.shp,999999,VBD_bridges_c20160811.shp,9.202956;7.293124;4.987635;0.117751;-4.766567;-9.662423;-14.566307;-12.781590;-10.252750;-5.421471;-0.565886;4.309883,106.389061;120.204430;133.795395;132.636734;131.583801;130.626740;129.763702;115.696312;101.762085;103.094223;104.302101;105.397919,npp_d20151003_t1731466_e1737270_b20378,161.673,123.757,54.7253,99.5678,66.2353,66.7854
215,VBD_npp_d20151003_t1735240_x1089630E_y041946S_l1966_s0781_v23,2017-06-01 16:11:27,-4.194645,108.962982,68.1223,2015-10-03 17:35:24,2015-10-04 00:35:24,1966,781,0.393313,1,2529,1.15443,0.142111,0.886449,0.4,0.966335,0.75,0.0128639,0.0001,4.55275e-31,999999,1.281591e-01,3,Indonesian Exclusive Economic Zone,WPP712,,SVDNB_npp_d20151003_t1731466_e1737270_b20378_c20151003233728467558_noaa_ops.h5,GDNBO_npp_d20151003_t1731466_e1737270_b20378_c20151003233728467298_noaa_ops.h5,SVI04_npp_d20151003_t1731466_e1737270_b20378_c20151003233728541959_noaa_ops.dspace_rad,VNFF_npp_d20151003_t1731466_e1737270_b20378_v21.csv,World_EEZ_v8_2014.shp,WPP_BFAR_merge.shp,KKP_IDN_merge_20161208.shp,VNF-VBD_npp_20120301-20151231_global_asia-enhanced_c201607211230.bitmask,NCEI_NGA.union.nga_lead2.add_2015ntl.mask,timezone.shp,VBD_platforms-recurring_2015_r20170330.shp,999999,VBD_bridges_c20160811.shp,9.202956;7.293124;4.987635;0.117751;-4.766567;-9.662423;-14.566307;-12.781590;-10.252750;-5.421471;-0.565886;4.309883,106.389061;120.204430;133.795395;132.636734;131.583801;130.626740;129.763702;115.696312;101.762085;103.094223;104.302101;105.397919,npp_d20151003_t1731466_e1737270_b20378,162.416,117.705,54.6946,99.1787,65.0951,67.5774
216,VBD_npp_d20151003_t1735276_x1089125E_y044009S_l1998_s0781_v23,2017-06-01 16:11:27,-4.400919,108.912476,45.1874,2015-10-03 17:35:27,2015-10-04 00:35:27,1998,781,0.392317,1,2529,1.00331,0.170863,0.920285,0.4,0.963507,0.75,0.0128054,0.0001,3.43003e-31,999999,-1.426500e-01,3,Indonesian Exclusive Economic Zone,WPP712,,SVDNB_npp_d20151003_t1731466_e1737270_b20378_c20151003233728467558_noaa_ops.h5,GDNBO_npp_d20151003_t1731466_e1737270_b20378_c20151003233728467298_noaa_ops.h5,SVI04_npp_d20151003_t1731466_e1737270_b20378_c20151003233728541959_noaa_ops.dspace_rad,VNFF_npp_d20151003_t1731466_e1737270_b20378_v21.csv,World_EEZ_v8_2014.shp,WPP_BFAR_merge.shp,KKP_IDN_merge_20161208.shp,VNF-VBD_npp_20120301-20151231_global_asia-enhanced_c201607211230.bitmask,NCEI_NGA.union.nga_lead2.add_2015ntl.mask,timezone.shp,VBD_platforms-recurring_2015_r20170330.shp,999999,VBD_bridges_c20160811.shp,9.202956;7.293124;4.987635;0.117751;-4.766567;-9.662423;-14.566307;-12.781590;-10.252750;-5.421471;-0.565886;4.309883,106.389061;120.204430;133.795395;132.636734;131.583801;130.626740;129.763702;115.696312;101.762085;103.094223;104.302101;105.397919,npp_d20151003_t1731466_e1737270_b20378,162.351,118.334,54.6984,99.2123,65.2081,67.4949
217,VBD_npp_d20151003_t1735596_x1084637E_y062374S_l2283_s0781_v23,2017-06-01 16:11:27,-6.237373,108.463699,3.75486,2015-10-03 17:35:59,2015-10-04 00:35:59,2283,781,0.392388,7,2465,0.207177,0.144648,0.865338,0.4,0.744422,0.75,0.0120576,0.0001,2.89853e-32,999999,1.042695e-01,3,,,,SVDNB_npp_d20151003_t1731466_e1737270_b20378_c20151003233728467558_noaa_ops.h5,GDNBO_npp_d20151003_t1731466_e1737270_b20378_c20151003233728467298_noaa_ops.h5,SVI04_npp_d20151003_t1731466_e1737270_b20378_c20151003233728541959_noaa_ops.dspace_rad,VNFF_npp_d20151003_t1731466_e1737270_b20378_v21.csv,World_EEZ_v8_2014.shp,WPP_BFAR_merge.shp,KKP_IDN_merge_20161208.shp,VNF-VBD_npp_20120301-20151231_global_asia-enhanced_c201607211230.bitmask,NCEI_NGA.union.nga_lead2.add_2015ntl.mask,timezone.shp,VBD_platforms-recurring_2015_r20170330.shp,999999,VBD_bridges_c20160811.shp,9.202956;7.293124;4.987635;0.117751;-4.766567;-9.662423;-14.566307;-12.781590;-10.252750;-5.421471;-0.565886;4.309883,106.389061;120.204430;133.795395;132.636734;131.583801;130.626740;129.763702;115.696312;101.762085;103.094223;104.302101;105.397919,npp_d20151003_t1731466_e1737270_b20378,161.672,123.711,54.6996,99.6567,66.2223,66.7879
218,VBD_npp_d20151003_t1735222_x1090092E_y040062S_l1937_s0782_v23,2017-06-01 16:11:27,-4.006201,109.009247,11.6789,2015-10-03 17:35:22,2015-10-04 00:35:22,1937,782,0.3076,1,2529,0.493662,0.217472,0.745576,0.4,0.864213,0.75,0.0129002,0.0001,7.81309e-31,999999,-5.816454e-01,3,Indonesian Exclusive Economic Zone,WPP712,,SVDNB_npp_d20151003_t1731466_e1737270_b20378_c20151003233728467558_noaa_ops.h5,GDNBO_npp_d20151003_t1731466_e1737270_b20378_c20151003233728467298_noaa_ops.h5,SVI04_npp_d20151003_t1731466_e1737270_b20378_c20151003233728541959_noaa_ops.dspace_rad,VNFF_npp_d20151003_t1731466_e1737270_b20378_v21.csv,World_EEZ_v8_2014.shp,WPP_BFAR_merge.shp,KKP_IDN_merge_20161208.shp,VNF-VBD_npp_20120301-20151231_global_asia-enhanced_c201607211230.bitmask,NCEI_NGA.union.nga_lead2.add_2015ntl.mask,timezone.shp,VBD_platforms-recurring_2015_r20170330.shp,999999,VBD_bridges_c20160811.shp,9.202956;7.293124;4.987635;0.117751;-4.766567;-9.662423;-14.566307;-12.781590;-10.252750;-5.421471;-0.565886;4.309883,106.389061;120.204430;133.795395;132.636734;131.583801;130.626740;129.763702;115.696312;101.762085;103.094223;104.302101;105.397919,npp_d20151003_t1731466_e1737270_b20378,162.468,117.117,54.6667,99.7459,64.9865,67.6517
219,VBD_npp_d20151003_t1735276_x1089327E_y043224S_l1986_s0782_v23,2017-06-01 16:11:27,-4.322439,108.932693,31.3847,2015-10-03 17:35:27,2015-10-04 00:35:27,1986,782,0.395945,1,2529,0.833142,0.139876,0.863611,0.4,0.846394,0.75,0.0128408,0.0001,5.0276e-31,999999,1.492142e-01,3,Indonesian Exclusive Economic Zone,WPP712,,SVDNB_npp_d20151003_t1731466_e1737270_b20378_c20151003233728467558_noaa_ops.h5,GDNBO_npp_d20151003_t1731466_e1737270_b20378_c20151003233728467298_noaa_ops.h5,SVI04_npp_d20151003_t1731466_e1737270_b20378_c20151003233728541959_noaa_ops.dspace_rad,VNFF_npp_d20151003_t1731466_e1737270_b20378_v21.csv,World_EEZ_v8_2014.shp,WPP_BFAR_merge.shp,KKP_IDN_merge_20161208.shp,VNF-VBD_npp_20120301-20151231_global_asia-enhanced_c201607211230.bitmask,NCEI_NGA.union.nga_lead2.add_2015ntl.mask,timezone.shp,VBD_platforms-recurring_2015_r20170330.shp,999999,VBD_bridges_c20160811.shp,9.202956;7.293124;4.987635;0.117751;-4.766567;-9.662423;-14.566307;-12.781590;-10.252750;-5.421471;-0.565886;4.309883,106.389061;120.204430;133.795395;132.636734;131.583801;130.626740;129.763702;115.696312;101.762085;103.094223;104.302101;105.397919,npp_d20151003_t1731466_e1737270_b20378,162.37,118.085,54.6715,99.7501,65.1591,67.5245
220,VBD_npp_d20151003_t1735276_x1089247E_y043689S_l1993_s0782_v23,2017-06-01 16:11:27,-4.368851,108.924713,52.9104,2015-10-03 17:35:27,2015-10-04 00:35:27,1993,782,0.38876,1,2529,1.05662,0.167764,0.921206,0.4,0.955555,0.75,0.0128224,0.0001,4.23153e-31,999999,-1.134550e-01,3,Indonesian Exclusive Economic Zone,WPP712,,SVDNB_npp_d20151003_t1731466_e1737270_b20378_c20151003233728467558_noaa_ops.h5,GDNBO_npp_d20151003_t1731466_e1737270_b20378_c20151003233728467298_noaa_ops.h5,SVI04_npp_d20151003_t1731466_e1737270_b20378_c20151003233728541959_noaa_ops.dspace_rad,VNFF_npp_d20151003_t1731466_e1737270_b20378_v21.csv,World_EEZ_v8_2014.shp,WPP_BFAR_merge.shp,KKP_IDN_merge_20161208.shp,VNF-VBD_npp_20120301-20151231_global_asia-enhanced_c201607211230.bitmask,NCEI_NGA.union.nga_lead2.add_2015ntl.mask,timezone.shp,VBD_platforms-recurring_2015_r20170330.shp,999999,VBD_bridges_c20160811.shp,9.202956;7.293124;4.987635;0.117751;-4.766567;-9.662423;-14.566307;-12.781590;-10.252750;-5.421471;-0.565886;4.309883,106.389061;120.204430;133.795395;132.636734;131.583801;130.626740;129.763702;115.696312;101.762085;103.094223;104.302101;105.397919,npp_d20151003_t1731466_e1737270_b20378,162.355,118.226,54.672,99.436,65.1844,67.506
221,VBD_npp_d20151003_t1735276_x1089403E_y043169S_l1985_s0783_v23,2017-06-01 16:11:27,-4.316925,108.940323,20.9194,2015-10-03 17:35:27,2015-10-04 00:35:27,1985,783,0.397581,1,2529,0.691503,0.143803,0.875299,0.4,0.922527,0.75,0.0128473,0.0001,5.60589e-31,999999,1.122284e-01,3,Indonesian Exclusive Economic Zone,WPP712,,SVDNB_npp_d20151003_t1731466_e1737270_b20378_c20151003233728467558_noaa_ops.h5,GDNBO_npp_d20151003_t1731466_e1737270_b20378_c20151003233728467298_noaa_ops.h5,SVI04_npp_d20151003_t1731466_e1737270_b20378_c20151003233728541959_noaa_ops.dspace_rad,VNFF_npp_d20151003_t1731466_e1737270_b20378_v21.csv,World_EEZ_v8_2014.shp,WPP_BFAR_merge.shp,KKP_IDN_merge_20161208.shp,VNF-VBD_npp_20120301-20151231_global_asia-enhanced_c201607211230.bitmask,NCEI_NGA.union.nga_lead2.add_2015ntl.mask,timezone.shp,VBD_platforms-recurring_2015_r20170330.shp,999999,VBD_bridges_c20160811.shp,9.202956;7.293124;4.987635;0.117751;-4.766567;-9.662423;-14.566307;-12.781590;-10.252750;-5.421471;-0.565886;4.309883,106.389061;120.204430;133.795395;132.636734;131.583801;130.626740;129.763702;115.696312;101.762085;103.094223;104.302101;105.397919,npp_d20151003_t1731466_e1737270_b20378,162.366,118.058,54.6463,99.7946,65.1499,67.525
222,VBD_npp_d20151003_t1735311_x1088933E_y045926S_l2027_s0785_v23,2017-06-01 16:11:27,-4.592635,108.893295,32.1366,2015-10-03 17:35:31,2015-10-04 00:35:31,2027,785,0.395375,8,18913,0.928856,0.146342,0.891354,0.4,0.964367,0.75,0.0127445,0.0001,4.01007e-31,999999,8.830848e-02,3,Indonesian Exclusive Economic Zone,WPP712,,SVDNB_npp_d20151003_t1731466_e1737270_b20378_c20151003233728467558_noaa_ops.h5,GDNBO_npp_d20151003_t1731466_e1737270_b20378_c20151003233728467298_noaa_ops.h5,SVI04_npp_d20151003_t1731466_e1737270_b20378_c20151003233728541959_noaa_ops.dspace_rad,VNFF_npp_d20151003_t1731466_e1737270_b20378_v21.csv,World_EEZ_v8_2014.shp,WPP_BFAR_merge.shp,KKP_IDN_merge_20161208.shp,VNF-VBD_npp_20120301-20151231_global_asia-enhanced_c201607211230.bitmask,NCEI_NGA.union.nga_lead2.add_2015ntl.mask,timezone.shp,VBD_platforms-recurring_2015_r20170330.shp,0.210129,VBD_bridges_c20160811.shp,9.202956;7.293124;4.987635;0.117751;-4.766567;-9.662423;-14.566307;-12.781590;-10.252750;-5.421471;-0.565886;4.309883,106.389061;120.204430;133.795395;132.636734;131.583801;130.626740;129.763702;115.696312;101.762085;103.094223;104.302101;105.397919,npp_d20151003_t1731466_e1737270_b20378,162.263,118.868,54.5924,99.3736,65.2867,67.4113
223,VBD_npp_d20151003_t1735240_x1090055E_y041466S_l1958_s0786_v23,2017-06-01 16:11:27,-4.146573,109.005455,17.0736,2015-10-03 17:35:24,2015-10-04 00:35:24,1958,786,0.390254,1,2529,0.704625,0.149639,0.85228,0.4,0.943848,0.75,0.0128922,0.0001,8.55336e-31,999999,5.726044e-02,3,Indonesian Exclusive Economic Zone,WPP712,,SVDNB_npp_d20151003_t1731466_e1737270_b20378_c20151003233728467558_noaa_ops.h5,GDNBO_npp_d20151003_t1731466_e1737270_b20378_c20151003233728467298_noaa_ops.h5,SVI04_npp_d20151003_t1731466_e1737270_b20378_c20151003233728541959_noaa_ops.dspace_rad,VNFF_npp_d20151003_t1731466_e1737270_b20378_v21.csv,World_EEZ_v8_2014.shp,WPP_BFAR_merge.shp,KKP_IDN_merge_20161208.shp,VNF-VBD_npp_20120301-20151231_global_asia-enhanced_c201607211230.bitmask,NCEI_NGA.union.nga_lead2.add_2015ntl.mask,timezone.shp,VBD_platforms-recurring_2015_r20170330.shp,999999,VBD_bridges_c20160811.shp,9.202956;7.293124;4.987635;0.117751;-4.766567;-9.662423;-14.566307;-12.781590;-10.252750;-5.421471;-0.565886;4.309883,106.389061;120.204430;133.795395;132.636734;131.583801;130.626740;129.763702;115.696312;101.762085;103.094223;104.302101;105.397919,npp_d20151003_t1731466_e1737270_b20378,162.401,117.506,54.5639,99.5396,65.0372,67.5879
224,VBD_npp_d20151003_t1735187_x1090876E_y038734S_l1915_s0788_v23,2017-06-01 16:11:27,-3.873369,109.087585,23.8024,2015-10-03 17:35:18,2015-10-04 00:35:18,1915,788,0.393526,1,2529,0.779096,0.139176,0.849313,0.4,0.910988,0.75,0.0129479,0.0001,1.34159e-30,999999,1.558035e-01,3,Indonesian Exclusive Economic Zone,WPP712,,SVDNB_npp_d20151003_t1731466_e1737270_b20378_c20151003233728467558_noaa_ops.h5,GDNBO_npp_d20151003_t1731466_e1737270_b20378_c20151003233728467298_noaa_ops.h5,SVI04_npp_d20151003_t1731466_e1737270_b20378_c20151003233728541959_noaa_ops.dspace_rad,VNFF_npp_d20151003_t1731466_e1737270_b20378_v21.csv,World_EEZ_v8_2014.shp,WPP_BFAR_merge.shp,KKP_IDN_merge_20161208.shp,VNF-VBD_npp_20120301-20151231_global_asia-enhanced_c201607211230.bitmask,NCEI_NGA.union.nga_lead2.add_2015ntl.mask,timezone.shp,VBD_platforms-recurring_2015_r20170330.shp,999999,VBD_bridges_c20160811.shp,9.202956;7.293124;4.987635;0.117751;-4.766567;-9.662423;-14.566307;-12.781590;-10.252750;-5.421471;-0.565886;4.309883,106.389061;120.204430;133.795395;132.636734;131.583801;130.626740;129.763702;115.696312;101.762085;103.094223;104.302101;105.397919,npp_d20151003_t1731466_e1737270_b20378,162.472,116.647,54.5101,99.2565,64.8762,67.6953
225,VBD_npp_d20151003_t1735293_x1089510E_y044241S_l2001_s0788_v23,2017-06-01 16:11:27,-4.424140,108.951019,5.88325,2015-10-03 17:35:29,2015-10-04 00:35:29,2001,788,0.397083,1,2529,0.262079,0.129905,0.903461,0.4,0.774405,0.75,0.0128245,0.0001,7.79826e-31,999999,2.431305e-01,3,Indonesian Exclusive Economic Zone,WPP712,,SVDNB_npp_d20151003_t1731466_e1737270_b20378_c20151003233728467558_noaa_ops.h5,GDNBO_npp_d20151003_t1731466_e1737270_b20378_c20151003233728467298_noaa_ops.h5,SVI04_npp_d20151003_t1731466_e1737270_b20378_c20151003233728541959_noaa_ops.dspace_rad,VNFF_npp_d20151003_t1731466_e1737270_b20378_v21.csv,World_EEZ_v8_2014.shp,WPP_BFAR_merge.shp,KKP_IDN_merge_20161208.shp,VNF-VBD_npp_20120301-20151231_global_asia-enhanced_c201607211230.bitmask,NCEI_NGA.union.nga_lead2.add_2015ntl.mask,timezone.shp,VBD_platforms-recurring_2015_r20170330.shp,999999,VBD_bridges_c20160811.shp,9.202956;7.293124;4.987635;0.117751;-4.766567;-9.662423;-14.566307;-12.781590;-10.252750;-5.421471;-0.565886;4.309883,106.389061;120.204430;133.795395;132.636734;131.583801;130.626740;129.763702;115.696312;101.762085;103.094223;104.302101;105.397919,npp_d20151003_t1731466_e1737270_b20378,162.299,118.326,54.5095,99.8231,65.1747,67.4727
226,VBD_npp_d20151003_t1735276_x1089923E_y043451S_l1988_s0791_v23,2017-06-01 16:11:27,-4.345084,108.992256,43.5029,2015-10-03 17:35:27,2015-10-04 00:35:27,1988,791,0.389756,1,2529,0.999581,0.176814,0.901696,0.4,0.950982,0.75,0.0128703,0.0001,1.06971e-30,999999,-1.987020e-01,3,Indonesian Exclusive Economic Zone,WPP712,,SVDNB_npp_d20151003_t1731466_e1737270_b20378_c20151003233728467558_noaa_ops.h5,GDNBO_npp_d20151003_t1731466_e1737270_b20378_c20151003233728467298_noaa_ops.h5,SVI04_npp_d20151003_t1731466_e1737270_b20378_c20151003233728541959_noaa_ops.dspace_rad,VNFF_npp_d20151003_t1731466_e1737270_b20378_v21.csv,World_EEZ_v8_2014.shp,WPP_BFAR_merge.shp,KKP_IDN_merge_20161208.shp,VNF-VBD_npp_20120301-20151231_global_asia-enhanced_c201607211230.bitmask,NCEI_NGA.union.nga_lead2.add_2015ntl.mask,timezone.shp,VBD_platforms-recurring_2015_r20170330.shp,999999,VBD_bridges_c20160811.shp,9.202956;7.293124;4.987635;0.117751;-4.766567;-9.662423;-14.566307;-12.781590;-10.252750;-5.421471;-0.565886;4.309883,106.389061;120.204430;133.795395;132.636734;131.583801;130.626740;129.763702;115.696312;101.762085;103.094223;104.302101;105.397919,npp_d20151003_t1731466_e1737270_b20378,162.307,118.055,54.4313,99.6639,65.1126,67.499
227,VBD_npp_d20151003_t1735293_x1089708E_y044346S_l2002_s0791_v23,2017-06-01 16:11:27,-4.434603,108.970764,24.7612,2015-10-03 17:35:29,2015-10-04 00:35:29,2002,791,0.398007,1,2529,0.736088,0.149427,0.912931,0.4,0.892556,0.75,0.0128334,0.0001,9.97166e-31,999999,5.925091e-02,3,Indonesian Exclusive Economic Zone,WPP712,,SVDNB_npp_d20151003_t1731466_e1737270_b20378_c20151003233728467558_noaa_ops.h5,GDNBO_npp_d20151003_t1731466_e1737270_b20378_c20151003233728467298_noaa_ops.h5,SVI04_npp_d20151003_t1731466_e1737270_b20378_c20151003233728541959_noaa_ops.dspace_rad,VNFF_npp_d20151003_t1731466_e1737270_b20378_v21.csv,World_EEZ_v8_2014.shp,WPP_BFAR_merge.shp,KKP_IDN_merge_20161208.shp,VNF-VBD_npp_20120301-20151231_global_asia-enhanced_c201607211230.bitmask,NCEI_NGA.union.nga_lead2.add_2015ntl.mask,timezone.shp,VBD_platforms-recurring_2015_r20170330.shp,999999,VBD_bridges_c20160811.shp,9.202956;7.293124;4.987635;0.117751;-4.766567;-9.662423;-14.566307;-12.781590;-10.252750;-5.421471;-0.565886;4.309883,106.389061;120.204430;133.795395;132.636734;131.583801;130.626740;129.763702;115.696312;101.762085;103.094223;104.302101;105.397919,npp_d20151003_t1731466_e1737270_b20378,162.277,118.324,54.4277,99.775,65.1604,67.4629
228,VBD_npp_d20151003_t1735293_x1089742E_y044564S_l2005_s0792_v23,2017-06-01 16:11:27,-4.456351,108.974190,60.889,2015-10-03 17:35:29,2015-10-04 00:35:29,2005,792,0.394806,1,2529,1.06798,0.175184,0.91994,0.4,0.959186,0.75,0.0128294,0.0001,1.01164e-30,999999,-1.833493e-01,3,Indonesian Exclusive Economic Zone,WPP712,,SVDNB_npp_d20151003_t1731466_e1737270_b20378_c20151003233728467558_noaa_ops.h5,GDNBO_npp_d20151003_t1731466_e1737270_b20378_c20151003233728467298_noaa_ops.h5,SVI04_npp_d20151003_t1731466_e1737270_b20378_c20151003233728541959_noaa_ops.dspace_rad,VNFF_npp_d20151003_t1731466_e1737270_b20378_v21.csv,World_EEZ_v8_2014.shp,WPP_BFAR_merge.shp,KKP_IDN_merge_20161208.shp,VNF-VBD_npp_20120301-20151231_global_asia-enhanced_c201607211230.bitmask,NCEI_NGA.union.nga_lead2.add_2015ntl.mask,timezone.shp,VBD_platforms-recurring_2015_r20170330.shp,999999,VBD_bridges_c20160811.shp,9.202956;7.293124;4.987635;0.117751;-4.766567;-9.662423;-14.566307;-12.781590;-10.252750;-5.421471;-0.565886;4.309883,106.389061;120.204430;133.795395;132.636734;131.583801;130.626740;129.763702;115.696312;101.762085;103.094223;104.302101;105.397919,npp_d20151003_t1731466_e1737270_b20378,162.264,118.379,54.4006,99.6343,65.1656,67.4523
229,VBD_npp_d20151003_t1735276_x1089932E_y044228S_l1999_s0793_v23,2017-06-01 16:11:27,-4.422777,108.993187,14.8343,2015-10-03 17:35:27,2015-10-04 00:35:27,1999,793,0.398292,8,18913,0.580919,0.114796,0.912931,0.4,0.835042,0.75,0.012849,0.0001,9.67796e-31,999999,3.854376e-01,3,Indonesian Exclusive Economic Zone,WPP712,,SVDNB_npp_d20151003_t1731466_e1737270_b20378_c20151003233728467558_noaa_ops.h5,GDNBO_npp_d20151003_t1731466_e1737270_b20378_c20151003233728467298_noaa_ops.h5,SVI04_npp_d20151003_t1731466_e1737270_b20378_c20151003233728541959_noaa_ops.dspace_rad,VNFF_npp_d20151003_t1731466_e1737270_b20378_v21.csv,World_EEZ_v8_2014.shp,WPP_BFAR_merge.shp,KKP_IDN_merge_20161208.shp,VNF-VBD_npp_20120301-20151231_global_asia-enhanced_c201607211230.bitmask,NCEI_NGA.union.nga_lead2.add_2015ntl.mask,timezone.shp,VBD_platforms-recurring_2015_r20170330.shp,0.677196,VBD_bridges_c20160811.shp,9.202956;7.293124;4.987635;0.117751;-4.766567;-9.662423;-14.566307;-12.781590;-10.252750;-5.421471;-0.565886;4.309883,106.389061;120.204430;133.795395;132.636734;131.583801;130.626740;129.763702;115.696312;101.762085;103.094223;104.302101;105.397919,npp_d20151003_t1731466_e1737270_b20378,162.269,118.268,54.3789,99.1484,65.1417,67.4641
230,VBD_npp_d20151003_t1735258_x1090260E_y043136S_l1982_s0794_v23,2017-06-01 16:11:27,-4.313559,109.026009,40.0863,2015-10-03 17:35:25,2015-10-04 00:35:25,1982,794,0.394949,1,2529,0.976751,0.143809,0.904857,0.4,0.955788,0.75,0.0128962,0.0001,1.23962e-30,999999,1.121719e-01,3,Indonesian Exclusive Economic Zone,WPP712,,SVDNB_npp_d20151003_t1731466_e1737270_b20378_c20151003233728467558_noaa_ops.h5,GDNBO_npp_d20151003_t1731466_e1737270_b20378_c20151003233728467298_noaa_ops.h5,SVI04_npp_d20151003_t1731466_e1737270_b20378_c20151003233728541959_noaa_ops.dspace_rad,VNFF_npp_d20151003_t1731466_e1737270_b20378_v21.csv,World_EEZ_v8_2014.shp,WPP_BFAR_merge.shp,KKP_IDN_merge_20161208.shp,VNF-VBD_npp_20120301-20151231_global_asia-enhanced_c201607211230.bitmask,NCEI_NGA.union.nga_lead2.add_2015ntl.mask,timezone.shp,VBD_platforms-recurring_2015_r20170330.shp,999999,VBD_bridges_c20160811.shp,9.202956;7.293124;4.987635;0.117751;-4.766567;-9.662423;-14.566307;-12.781590;-10.252750;-5.421471;-0.565886;4.309883,106.389061;120.204430;133.795395;132.636734;131.583801;130.626740;129.763702;115.696312;101.762085;103.094223;104.302101;105.397919,npp_d20151003_t1731466_e1737270_b20378,162.298,117.927,54.3518,99.1797,65.0757,67.5061
231,VBD_npp_d20151003_t1735293_x1089869E_y044656S_l2006_s0794_v23,2017-06-01 16:11:27,-4.465563,108.986900,44.308,2015-10-03 17:35:29,2015-10-04 00:35:29,2006,794,0.393384,1,2529,0.951477,0.176764,0.91994,0.4,0.950436,0.75,0.0128344,0.0001,1.18039e-30,999999,-1.982306e-01,3,Indonesian Exclusive Economic Zone,WPP712,,SVDNB_npp_d20151003_t1731466_e1737270_b20378_c20151003233728467558_noaa_ops.h5,GDNBO_npp_d20151003_t1731466_e1737270_b20378_c20151003233728467298_noaa_ops.h5,SVI04_npp_d20151003_t1731466_e1737270_b20378_c20151003233728541959_noaa_ops.dspace_rad,VNFF_npp_d20151003_t1731466_e1737270_b20378_v21.csv,World_EEZ_v8_2014.shp,WPP_BFAR_merge.shp,KKP_IDN_merge_20161208.shp,VNF-VBD_npp_20120301-20151231_global_asia-enhanced_c201607211230.bitmask,NCEI_NGA.union.nga_lead2.add_2015ntl.mask,timezone.shp,VBD_platforms-recurring_2015_r20170330.shp,999999,VBD_bridges_c20160811.shp,9.202956;7.293124;4.987635;0.117751;-4.766567;-9.662423;-14.566307;-12.781590;-10.252750;-5.421471;-0.565886;4.309883,106.389061;120.204430;133.795395;132.636734;131.583801;130.626740;129.763702;115.696312;101.762085;103.094223;104.302101;105.397919,npp_d20151003_t1731466_e1737270_b20378,162.248,118.384,54.3463,99.5865,65.1574,67.4449
232,VBD_npp_d20151003_t1736352_x1080452E_y082591S_l2595_s0794_v23,2017-06-01 16:11:27,-8.259061,108.045250,2.98788,2015-10-03 17:36:35,2015-10-04 00:36:35,2595,794,0.348927,1,2529,0.201915,0.172604,0.673631,0.4,0.842659,0.75,0.0114132,0.0001,5.8468e-33,999999,-1.590429e-01,3,Indonesian Exclusive Economic Zone,WPP573,,SVDNB_npp_d20151003_t1731466_e1737270_b20378_c20151003233728467558_noaa_ops.h5,GDNBO_npp_d20151003_t1731466_e1737270_b20378_c20151003233728467298_noaa_ops.h5,SVI04_npp_d20151003_t1731466_e1737270_b20378_c20151003233728541959_noaa_ops.dspace_rad,VNFF_npp_d20151003_t1731466_e1737270_b20378_v21.csv,World_EEZ_v8_2014.shp,WPP_BFAR_merge.shp,KKP_IDN_merge_20161208.shp,VNF-VBD_npp_20120301-20151231_global_asia-enhanced_c201607211230.bitmask,NCEI_NGA.union.nga_lead2.add_2015ntl.mask,timezone.shp,VBD_platforms-recurring_2015_r20170330.shp,999999,VBD_bridges_c20160811.shp,9.202956;7.293124;4.987635;0.117751;-4.766567;-9.662423;-14.566307;-12.781590;-10.252750;-5.421471;-0.565886;4.309883,106.389061;120.204430;133.795395;132.636734;131.583801;130.626740;129.763702;115.696312;101.762085;103.094223;104.302101;105.397919,npp_d20151003_t1731466_e1737270_b20378,160.689,128.991,54.3608,100.37,67.2887,66.0418
233,VBD_npp_d20151003_t1735293_x1089962E_y044531S_l2004_s0795_v23,2017-06-01 16:11:27,-4.453062,108.996193,65.7789,2015-10-03 17:35:29,2015-10-04 00:35:29,2004,795,0.39125,1,2529,1.07849,0.176567,0.919326,0.4,0.948314,0.75,0.0128436,0.0001,1.35757e-30,999999,-1.963709e-01,3,Indonesian Exclusive Economic Zone,WPP712,,SVDNB_npp_d20151003_t1731466_e1737270_b20378_c20151003233728467558_noaa_ops.h5,GDNBO_npp_d20151003_t1731466_e1737270_b20378_c20151003233728467298_noaa_ops.h5,SVI04_npp_d20151003_t1731466_e1737270_b20378_c20151003233728541959_noaa_ops.dspace_rad,VNFF_npp_d20151003_t1731466_e1737270_b20378_v21.csv,World_EEZ_v8_2014.shp,WPP_BFAR_merge.shp,KKP_IDN_merge_20161208.shp,VNF-VBD_npp_20120301-20151231_global_asia-enhanced_c201607211230.bitmask,NCEI_NGA.union.nga_lead2.add_2015ntl.mask,timezone.shp,VBD_platforms-recurring_2015_r20170330.shp,999999,VBD_bridges_c20160811.shp,9.202956;7.293124;4.987635;0.117751;-4.766567;-9.662423;-14.566307;-12.781590;-10.252750;-5.421471;-0.565886;4.309883,106.389061;120.204430;133.795395;132.636734;131.583801;130.626740;129.763702;115.696312;101.762085;103.094223;104.302101;105.397919,npp_d20151003_t1731466_e1737270_b20378,162.246,118.335,54.3189,99.6795,65.1439,67.448
234,VBD_npp_d20151003_t1735276_x1090270E_y043510S_l1988_s0796_v23,2017-06-01 16:11:27,-4.351012,109.027000,35.1765,2015-10-03 17:35:27,2015-10-04 00:35:27,1988,796,0.3963,1,2529,0.886114,0.146029,0.896223,0.4,0.852044,0.75,0.0128896,0.0001,1.67338e-30,999999,9.126140e-02,3,Indonesian Exclusive Economic Zone,WPP712,,SVDNB_npp_d20151003_t1731466_e1737270_b20378_c20151003233728467558_noaa_ops.h5,GDNBO_npp_d20151003_t1731466_e1737270_b20378_c20151003233728467298_noaa_ops.h5,SVI04_npp_d20151003_t1731466_e1737270_b20378_c20151003233728541959_noaa_ops.dspace_rad,VNFF_npp_d20151003_t1731466_e1737270_b20378_v21.csv,World_EEZ_v8_2014.shp,WPP_BFAR_merge.shp,KKP_IDN_merge_20161208.shp,VNF-VBD_npp_20120301-20151231_global_asia-enhanced_c201607211230.bitmask,NCEI_NGA.union.nga_lead2.add_2015ntl.mask,timezone.shp,VBD_platforms-recurring_2015_r20170330.shp,999999,VBD_bridges_c20160811.shp,9.202956;7.293124;4.987635;0.117751;-4.766567;-9.662423;-14.566307;-12.781590;-10.252750;-5.421471;-0.565886;4.309883,106.389061;120.204430;133.795395;132.636734;131.583801;130.626740;129.763702;115.696312;101.762085;103.094223;104.302101;105.397919,npp_d20151003_t1731466_e1737270_b20378,162.274,118.018,54.2952,99.6614,65.0826,67.4873
235,VBD_npp_d20151003_t1735258_x1090618E_y043125S_l1981_s0799_v23,2017-06-01 16:11:27,-4.312464,109.061836,30.0246,2015-10-03 17:35:25,2015-10-04 00:35:25,1981,799,0.392673,1,2529,0.856168,0.150322,0.888259,0.4,0.949713,0.75,0.0129167,0.0001,1.9845e-30,999999,5.082787e-02,3,Indonesian Exclusive Economic Zone,WPP712,,SVDNB_npp_d20151003_t1731466_e1737270_b20378_c20151003233728467558_noaa_ops.h5,GDNBO_npp_d20151003_t1731466_e1737270_b20378_c20151003233728467298_noaa_ops.h5,SVI04_npp_d20151003_t1731466_e1737270_b20378_c20151003233728541959_noaa_ops.dspace_rad,VNFF_npp_d20151003_t1731466_e1737270_b20378_v21.csv,World_EEZ_v8_2014.shp,WPP_BFAR_merge.shp,KKP_IDN_merge_20161208.shp,VNF-VBD_npp_20120301-20151231_global_asia-enhanced_c201607211230.bitmask,NCEI_NGA.union.nga_lead2.add_2015ntl.mask,timezone.shp,VBD_platforms-recurring_2015_r20170330.shp,999999,VBD_bridges_c20160811.shp,9.202956;7.293124;4.987635;0.117751;-4.766567;-9.662423;-14.566307;-12.781590;-10.252750;-5.421471;-0.565886;4.309883,106.389061;120.204430;133.795395;132.636734;131.583801;130.626740;129.763702;115.696312;101.762085;103.094223;104.302101;105.397919,npp_d20151003_t1731466_e1737270_b20378,162.267,117.869,54.2155,99.2234,65.0421,67.4973
236,VBD_npp_d20151003_t1735293_x1090250E_y044510S_l2003_s0799_v23,2017-06-01 16:11:27,-4.450963,109.025040,102.318,2015-10-03 17:35:29,2015-10-04 00:35:29,2003,799,0.391392,1,2529,1.23917,0.173052,0.9011,0.4,0.969832,0.75,0.0128617,0.0001,1.98699e-30,999999,-1.632631e-01,3,Indonesian Exclusive Economic Zone,WPP712,,SVDNB_npp_d20151003_t1731466_e1737270_b20378_c20151003233728467558_noaa_ops.h5,GDNBO_npp_d20151003_t1731466_e1737270_b20378_c20151003233728467298_noaa_ops.h5,SVI04_npp_d20151003_t1731466_e1737270_b20378_c20151003233728541959_noaa_ops.dspace_rad,VNFF_npp_d20151003_t1731466_e1737270_b20378_v21.csv,World_EEZ_v8_2014.shp,WPP_BFAR_merge.shp,KKP_IDN_merge_20161208.shp,VNF-VBD_npp_20120301-20151231_global_asia-enhanced_c201607211230.bitmask,NCEI_NGA.union.nga_lead2.add_2015ntl.mask,timezone.shp,VBD_platforms-recurring_2015_r20170330.shp,999999,VBD_bridges_c20160811.shp,9.202956;7.293124;4.987635;0.117751;-4.766567;-9.662423;-14.566307;-12.781590;-10.252750;-5.421471;-0.565886;4.309883,106.389061;120.204430;133.795395;132.636734;131.583801;130.626740;129.763702;115.696312;101.762085;103.094223;104.302101;105.397919,npp_d20151003_t1731466_e1737270_b20378,162.222,118.285,54.2101,99.7245,65.1164,67.4414
237,VBD_npp_d20151003_t1735364_x1089146E_y049252S_l2076_s0799_v23,2017-06-01 16:11:27,-4.925197,108.914566,48.1624,2015-10-03 17:35:36,2015-10-04 00:35:36,2076,799,0.393242,1,2529,1.08411,0.149194,0.901454,0.4,0.978011,0.75,0.0126695,0.0001,9.24783e-31,999999,6.144850e-02,3,Indonesian Exclusive Economic Zone,WPP712,,SVDNB_npp_d20151003_t1731466_e1737270_b20378_c20151003233728467558_noaa_ops.h5,GDNBO_npp_d20151003_t1731466_e1737270_b20378_c20151003233728467298_noaa_ops.h5,SVI04_npp_d20151003_t1731466_e1737270_b20378_c20151003233728541959_noaa_ops.dspace_rad,VNFF_npp_d20151003_t1731466_e1737270_b20378_v21.csv,World_EEZ_v8_2014.shp,WPP_BFAR_merge.shp,KKP_IDN_merge_20161208.shp,VNF-VBD_npp_20120301-20151231_global_asia-enhanced_c201607211230.bitmask,NCEI_NGA.union.nga_lead2.add_2015ntl.mask,timezone.shp,VBD_platforms-recurring_2015_r20170330.shp,999999,VBD_bridges_c20160811.shp,9.202956;7.293124;4.987635;0.117751;-4.766567;-9.662423;-14.566307;-12.781590;-10.252750;-5.421471;-0.565886;4.309883,106.389061;120.204430;133.795395;132.636734;131.583801;130.626740;129.763702;115.696312;101.762085;103.094223;104.302101;105.397919,npp_d20151003_t1731466_e1737270_b20378,162.062,119.7,54.2128,99.3697,65.3762,67.2533
238,VBD_npp_d20151003_t1735222_x1091159E_y041279S_l1952_s0800_v23,2017-06-01 16:11:27,-4.127890,109.115944,45.2879,2015-10-03 17:35:22,2015-10-04 00:35:22,1952,800,0.391463,8,18913,1.00081,0.138651,0.852882,0.4,0.968849,0.75,0.012953,0.0001,2.6524e-30,999999,1.607462e-01,3,Indonesian Exclusive Economic Zone,WPP712,,SVDNB_npp_d20151003_t1731466_e1737270_b20378_c20151003233728467558_noaa_ops.h5,GDNBO_npp_d20151003_t1731466_e1737270_b20378_c20151003233728467298_noaa_ops.h5,SVI04_npp_d20151003_t1731466_e1737270_b20378_c20151003233728541959_noaa_ops.dspace_rad,VNFF_npp_d20151003_t1731466_e1737270_b20378_v21.csv,World_EEZ_v8_2014.shp,WPP_BFAR_merge.shp,KKP_IDN_merge_20161208.shp,VNF-VBD_npp_20120301-20151231_global_asia-enhanced_c201607211230.bitmask,NCEI_NGA.union.nga_lead2.add_2015ntl.mask,timezone.shp,VBD_platforms-recurring_2015_r20170330.shp,0.855914,VBD_bridges_c20160811.shp,9.202956;7.293124;4.987635;0.117751;-4.766567;-9.662423;-14.566307;-12.781590;-10.252750;-5.421471;-0.565886;4.309883,106.389061;120.204430;133.795395;132.636734;131.583801;130.626740;129.763702;115.696312;101.762085;103.094223;104.302101;105.397919,npp_d20151003_t1731466_e1737270_b20378,162.318,117.297,54.1841,99.0483,64.9341,67.5698
239,VBD_npp_d20151003_t1735240_x1090969E_y041971S_l1963_s0800_v23,2017-06-01 16:11:27,-4.197144,109.096870,12.9087,2015-10-03 17:35:24,2015-10-04 00:35:24,1963,800,0.391534,1,2529,0.551334,0.150329,0.836908,0.4,0.889318,0.75,0.0129407,0.0001,2.63182e-30,999999,5.075715e-02,3,Indonesian Exclusive Economic Zone,WPP712,,SVDNB_npp_d20151003_t1731466_e1737270_b20378_c20151003233728467558_noaa_ops.h5,GDNBO_npp_d20151003_t1731466_e1737270_b20378_c20151003233728467298_noaa_ops.h5,SVI04_npp_d20151003_t1731466_e1737270_b20378_c20151003233728541959_noaa_ops.dspace_rad,VNFF_npp_d20151003_t1731466_e1737270_b20378_v21.csv,World_EEZ_v8_2014.shp,WPP_BFAR_merge.shp,KKP_IDN_merge_20161208.shp,VNF-VBD_npp_20120301-20151231_global_asia-enhanced_c201607211230.bitmask,NCEI_NGA.union.nga_lead2.add_2015ntl.mask,timezone.shp,VBD_platforms-recurring_2015_r20170330.shp,999999,VBD_bridges_c20160811.shp,9.202956;7.293124;4.987635;0.117751;-4.766567;-9.662423;-14.566307;-12.781590;-10.252750;-5.421471;-0.565886;4.309883,106.389061;120.204430;133.795395;132.636734;131.583801;130.626740;129.763702;115.696312;101.762085;103.094223;104.302101;105.397919,npp_d20151003_t1731466_e1737270_b20378,162.297,117.508,54.1836,99.2983,64.9718,67.5418
240,VBD_npp_d20151003_t1735240_x1091154E_y041301S_l1953_s0801_v23,2017-06-01 16:11:27,-4.130083,109.115433,12.8375,2015-10-03 17:35:24,2015-10-04 00:35:24,1953,801,0.391463,8,18913,0.566045,0.140777,0.852882,0.4,0.87757,0.75,0.0129558,0.0001,3.67922e-30,999999,1.407208e-01,3,Indonesian Exclusive Economic Zone,WPP712,,SVDNB_npp_d20151003_t1731466_e1737270_b20378_c20151003233728467558_noaa_ops.h5,GDNBO_npp_d20151003_t1731466_e1737270_b20378_c20151003233728467298_noaa_ops.h5,SVI04_npp_d20151003_t1731466_e1737270_b20378_c20151003233728541959_noaa_ops.dspace_rad,VNFF_npp_d20151003_t1731466_e1737270_b20378_v21.csv,World_EEZ_v8_2014.shp,WPP_BFAR_merge.shp,KKP_IDN_merge_20161208.shp,VNF-VBD_npp_20120301-20151231_global_asia-enhanced_c201607211230.bitmask,NCEI_NGA.union.nga_lead2.add_2015ntl.mask,timezone.shp,VBD_platforms-recurring_2015_r20170330.shp,0.793905,VBD_bridges_c20160811.shp,9.202956;7.293124;4.987635;0.117751;-4.766567;-9.662423;-14.566307;-12.781590;-10.252750;-5.421471;-0.565886;4.309883,106.389061;120.204430;133.795395;132.636734;131.583801;130.626740;129.763702;115.696312;101.762085;103.094223;104.302101;105.397919,npp_d20151003_t1731466_e1737270_b20378,162.311,117.293,54.1555,99.7668,64.9288,67.5671
241,VBD_npp_d20151003_t1735596_x1086298E_y063017S_l2288_s0806_v23,2017-06-01 16:11:27,-6.301675,108.629784,49.7553,2015-10-03 17:35:59,2015-10-04 00:35:59,2288,806,0.38058,4,35301,0.96267,0.166386,0.849364,0.4,0.94943,0.75,0.0121398,0.0001,2.57307e-31,999999,-1.004824e-01,3,Indonesian Exclusive Economic Zone,WPP712,,SVDNB_npp_d20151003_t1731466_e1737270_b20378_c20151003233728467558_noaa_ops.h5,GDNBO_npp_d20151003_t1731466_e1737270_b20378_c20151003233728467298_noaa_ops.h5,SVI04_npp_d20151003_t1731466_e1737270_b20378_c20151003233728541959_noaa_ops.dspace_rad,VNFF_npp_d20151003_t1731466_e1737270_b20378_v21.csv,World_EEZ_v8_2014.shp,WPP_BFAR_merge.shp,KKP_IDN_merge_20161208.shp,VNF-VBD_npp_20120301-20151231_global_asia-enhanced_c201607211230.bitmask,NCEI_NGA.union.nga_lead2.add_2015ntl.mask,timezone.shp,VBD_platforms-recurring_2015_r20170330.shp,999999,VBD_bridges_c20160811.shp,9.202956;7.293124;4.987635;0.117751;-4.766567;-9.662423;-14.566307;-12.781590;-10.252750;-5.421471;-0.565886;4.309883,106.389061;120.204430;133.795395;132.636734;131.583801;130.626740;129.763702;115.696312;101.762085;103.094223;104.302101;105.397919,npp_d20151003_t1731466_e1737270_b20378,161.499,123.579,54.0279,99.3972,66.0951,66.7126
242,VBD_npp_d20151003_t1736014_x1086302E_y063039S_l2289_s0807_v23,2017-06-01 16:11:27,-6.303912,108.630219,85.5068,2015-10-03 17:36:01,2015-10-04 00:36:01,2289,807,0.37553,4,35301,1.18755,0.175388,0.856811,0.4,0.929931,0.75,0.0121409,0.0001,3.70137e-31,999999,-1.852644e-01,3,Indonesian Exclusive Economic Zone,WPP712,,SVDNB_npp_d20151003_t1731466_e1737270_b20378_c20151003233728467558_noaa_ops.h5,GDNBO_npp_d20151003_t1731466_e1737270_b20378_c20151003233728467298_noaa_ops.h5,SVI04_npp_d20151003_t1731466_e1737270_b20378_c20151003233728541959_noaa_ops.dspace_rad,VNFF_npp_d20151003_t1731466_e1737270_b20378_v21.csv,World_EEZ_v8_2014.shp,WPP_BFAR_merge.shp,KKP_IDN_merge_20161208.shp,VNF-VBD_npp_20120301-20151231_global_asia-enhanced_c201607211230.bitmask,NCEI_NGA.union.nga_lead2.add_2015ntl.mask,timezone.shp,VBD_platforms-recurring_2015_r20170330.shp,999999,VBD_bridges_c20160811.shp,9.202956;7.293124;4.987635;0.117751;-4.766567;-9.662423;-14.566307;-12.781590;-10.252750;-5.421471;-0.565886;4.309883,106.389061;120.204430;133.795395;132.636734;131.583801;130.626740;129.763702;115.696312;101.762085;103.094223;104.302101;105.397919,npp_d20151003_t1731466_e1737270_b20378,161.492,123.57,53.9955,100.12,66.089,66.7094
243,VBD_npp_d20151003_t1735240_x1091551E_y042278S_l1966_s0809_v23,2017-06-01 16:11:27,-4.227807,109.155090,46.1798,2015-10-03 17:35:24,2015-10-04 00:35:24,1966,809,0.387978,1,2529,1.01089,0.167248,0.877671,0.4,0.959324,0.75,0.0129722,0.0001,5.35339e-30,999999,-1.086001e-01,3,Indonesian Exclusive Economic Zone,WPP712,,SVDNB_npp_d20151003_t1731466_e1737270_b20378_c20151003233728467558_noaa_ops.h5,GDNBO_npp_d20151003_t1731466_e1737270_b20378_c20151003233728467298_noaa_ops.h5,SVI04_npp_d20151003_t1731466_e1737270_b20378_c20151003233728541959_noaa_ops.dspace_rad,VNFF_npp_d20151003_t1731466_e1737270_b20378_v21.csv,World_EEZ_v8_2014.shp,WPP_BFAR_merge.shp,KKP_IDN_merge_20161208.shp,VNF-VBD_npp_20120301-20151231_global_asia-enhanced_c201607211230.bitmask,NCEI_NGA.union.nga_lead2.add_2015ntl.mask,timezone.shp,VBD_platforms-recurring_2015_r20170330.shp,999999,VBD_bridges_c20160811.shp,9.202956;7.293124;4.987635;0.117751;-4.766567;-9.662423;-14.566307;-12.781590;-10.252750;-5.421471;-0.565886;4.309883,106.389061;120.204430;133.795395;132.636734;131.583801;130.626740;129.763702;115.696312;101.762085;103.094223;104.302101;105.397919,npp_d20151003_t1731466_e1737270_b20378,162.231,117.505,53.9402,99.152,64.9295,67.5129
244,VBD_npp_d20151003_t1735258_x1091352E_y042967S_l1977_s0809_v23,2017-06-01 16:11:27,-4.296676,109.135170,57.2548,2015-10-03 17:35:25,2015-10-04 00:35:25,1977,809,0.389898,1,2529,1.07695,0.164669,0.903592,0.4,0.935792,0.75,0.0129599,0.0001,5.26175e-30,999999,-8.430978e-02,3,Indonesian Exclusive Economic Zone,WPP712,,SVDNB_npp_d20151003_t1731466_e1737270_b20378_c20151003233728467558_noaa_ops.h5,GDNBO_npp_d20151003_t1731466_e1737270_b20378_c20151003233728467298_noaa_ops.h5,SVI04_npp_d20151003_t1731466_e1737270_b20378_c20151003233728541959_noaa_ops.dspace_rad,VNFF_npp_d20151003_t1731466_e1737270_b20378_v21.csv,World_EEZ_v8_2014.shp,WPP_BFAR_merge.shp,KKP_IDN_merge_20161208.shp,VNF-VBD_npp_20120301-20151231_global_asia-enhanced_c201607211230.bitmask,NCEI_NGA.union.nga_lead2.add_2015ntl.mask,timezone.shp,VBD_platforms-recurring_2015_r20170330.shp,999999,VBD_bridges_c20160811.shp,9.202956;7.293124;4.987635;0.117751;-4.766567;-9.662423;-14.566307;-12.781590;-10.252750;-5.421471;-0.565886;4.309883,106.389061;120.204430;133.795395;132.636734;131.583801;130.626740;129.763702;115.696312;101.762085;103.094223;104.302101;105.397919,npp_d20151003_t1731466_e1737270_b20378,162.21,117.714,53.9433,99.4055,64.9679,67.4853
245,VBD_npp_d20151003_t1735347_x1090212E_y048358S_l2060_s0811_v23,2017-06-01 16:11:27,-4.835845,109.021194,40.3921,2015-10-03 17:35:34,2015-10-04 00:35:34,2060,811,0.395873,1,2529,0.94045,0.13439,0.873234,0.4,0.957004,0.75,0.0127579,0.0001,3.03043e-30,999999,2.008875e-01,3,Indonesian Exclusive Economic Zone,WPP712,,SVDNB_npp_d20151003_t1731466_e1737270_b20378_c20151003233728467558_noaa_ops.h5,GDNBO_npp_d20151003_t1731466_e1737270_b20378_c20151003233728467298_noaa_ops.h5,SVI04_npp_d20151003_t1731466_e1737270_b20378_c20151003233728541959_noaa_ops.dspace_rad,VNFF_npp_d20151003_t1731466_e1737270_b20378_v21.csv,World_EEZ_v8_2014.shp,WPP_BFAR_merge.shp,KKP_IDN_merge_20161208.shp,VNF-VBD_npp_20120301-20151231_global_asia-enhanced_c201607211230.bitmask,NCEI_NGA.union.nga_lead2.add_2015ntl.mask,timezone.shp,VBD_platforms-recurring_2015_r20170330.shp,999999,VBD_bridges_c20160811.shp,9.202956;7.293124;4.987635;0.117751;-4.766567;-9.662423;-14.566307;-12.781590;-10.252750;-5.421471;-0.565886;4.309883,106.389061;120.204430;133.795395;132.636734;131.583801;130.626740;129.763702;115.696312;101.762085;103.094223;104.302101;105.397919,npp_d20151003_t1731466_e1737270_b20378,162.02,119.302,53.8897,99.344,65.2493,67.2659
246,VBD_npp_d20151003_t1735258_x1091589E_y043216S_l1980_s0813_v23,2017-06-01 16:11:27,-4.321591,109.158928,45.9367,2015-10-03 17:35:25,2015-10-04 00:35:25,1980,813,0.3963,1,2529,0.976534,0.142043,0.916749,0.4,0.953575,0.75,0.012972,0.0001,6.89783e-30,999999,1.287995e-01,3,Indonesian Exclusive Economic Zone,WPP712,,SVDNB_npp_d20151003_t1731466_e1737270_b20378_c20151003233728467558_noaa_ops.h5,GDNBO_npp_d20151003_t1731466_e1737270_b20378_c20151003233728467298_noaa_ops.h5,SVI04_npp_d20151003_t1731466_e1737270_b20378_c20151003233728541959_noaa_ops.dspace_rad,VNFF_npp_d20151003_t1731466_e1737270_b20378_v21.csv,World_EEZ_v8_2014.shp,WPP_BFAR_merge.shp,KKP_IDN_merge_20161208.shp,VNF-VBD_npp_20120301-20151231_global_asia-enhanced_c201607211230.bitmask,NCEI_NGA.union.nga_lead2.add_2015ntl.mask,timezone.shp,VBD_platforms-recurring_2015_r20170330.shp,999999,VBD_bridges_c20160811.shp,9.202956;7.293124;4.987635;0.117751;-4.766567;-9.662423;-14.566307;-12.781590;-10.252750;-5.421471;-0.565886;4.309883,106.389061;120.204430;133.795395;132.636734;131.583801;130.626740;129.763702;115.696312;101.762085;103.094223;104.302101;105.397919,npp_d20151003_t1731466_e1737270_b20378,162.178,117.746,53.8356,99.2619,64.9555,67.468
247,VBD_npp_d20151003_t1735258_x1091554E_y043419S_l1983_s0813_v23,2017-06-01 16:11:27,-4.341934,109.155418,76.4669,2015-10-03 17:35:25,2015-10-04 00:35:25,1983,813,0.394735,1,2529,1.18604,0.139708,0.908251,0.4,0.971631,0.75,0.0129686,0.0001,6.40223e-30,999999,1.507929e-01,3,Indonesian Exclusive Economic Zone,WPP712,,SVDNB_npp_d20151003_t1731466_e1737270_b20378_c20151003233728467558_noaa_ops.h5,GDNBO_npp_d20151003_t1731466_e1737270_b20378_c20151003233728467298_noaa_ops.h5,SVI04_npp_d20151003_t1731466_e1737270_b20378_c20151003233728541959_noaa_ops.dspace_rad,VNFF_npp_d20151003_t1731466_e1737270_b20378_v21.csv,World_EEZ_v8_2014.shp,WPP_BFAR_merge.shp,KKP_IDN_merge_20161208.shp,VNF-VBD_npp_20120301-20151231_global_asia-enhanced_c201607211230.bitmask,NCEI_NGA.union.nga_lead2.add_2015ntl.mask,timezone.shp,VBD_platforms-recurring_2015_r20170330.shp,999999,VBD_bridges_c20160811.shp,9.202956;7.293124;4.987635;0.117751;-4.766567;-9.662423;-14.566307;-12.781590;-10.252750;-5.421471;-0.565886;4.309883,106.389061;120.204430;133.795395;132.636734;131.583801;130.626740;129.763702;115.696312;101.762085;103.094223;104.302101;105.397919,npp_d20151003_t1731466_e1737270_b20378,162.171,117.808,53.8365,99.1206,64.9666,67.4597
248,VBD_npp_d20151003_t1736014_x1086732E_y063395S_l2293_s0814_v23,2017-06-01 16:11:27,-6.339484,108.673210,15.6983,2015-10-03 17:36:01,2015-10-04 00:36:01,2293,814,0.384421,4,51685,0.629065,0.160404,0.841353,0.4,0.883478,0.75,0.0121571,0.0001,6.27346e-31,999999,-4.413868e-02,3,Indonesian Exclusive Economic Zone,WPP712,,SVDNB_npp_d20151003_t1731466_e1737270_b20378_c20151003233728467558_noaa_ops.h5,GDNBO_npp_d20151003_t1731466_e1737270_b20378_c20151003233728467298_noaa_ops.h5,SVI04_npp_d20151003_t1731466_e1737270_b20378_c20151003233728541959_noaa_ops.dspace_rad,VNFF_npp_d20151003_t1731466_e1737270_b20378_v21.csv,World_EEZ_v8_2014.shp,WPP_BFAR_merge.shp,KKP_IDN_merge_20161208.shp,VNF-VBD_npp_20120301-20151231_global_asia-enhanced_c201607211230.bitmask,NCEI_NGA.union.nga_lead2.add_2015ntl.mask,timezone.shp,VBD_platforms-recurring_2015_r20170330.shp,0.342961,VBD_bridges_c20160811.shp,9.202956;7.293124;4.987635;0.117751;-4.766567;-9.662423;-14.566307;-12.781590;-10.252750;-5.421471;-0.565886;4.309883,106.389061;120.204430;133.795395;132.636734;131.583801;130.626740;129.763702;115.696312;101.762085;103.094223;104.302101;105.397919,npp_d20151003_t1731466_e1737270_b20378,161.436,123.584,53.8059,99.9266,66.0637,66.6818
249,VBD_npp_d20151003_t1735222_x1092276E_y041323S_l1950_s0816_v23,2017-06-01 16:11:27,-4.132258,109.227631,54.4176,2015-10-03 17:35:22,2015-10-04 00:35:22,1950,816,0.388476,1,2529,1.07408,0.150131,0.885739,0.4,0.957217,0.75,0.0130173,0.0001,1.1117e-29,999999,5.262156e-02,3,Indonesian Exclusive Economic Zone,WPP712,,SVDNB_npp_d20151003_t1731466_e1737270_b20378_c20151003233728467558_noaa_ops.h5,GDNBO_npp_d20151003_t1731466_e1737270_b20378_c20151003233728467298_noaa_ops.h5,SVI04_npp_d20151003_t1731466_e1737270_b20378_c20151003233728541959_noaa_ops.dspace_rad,VNFF_npp_d20151003_t1731466_e1737270_b20378_v21.csv,World_EEZ_v8_2014.shp,WPP_BFAR_merge.shp,KKP_IDN_merge_20161208.shp,VNF-VBD_npp_20120301-20151231_global_asia-enhanced_c201607211230.bitmask,NCEI_NGA.union.nga_lead2.add_2015ntl.mask,timezone.shp,VBD_platforms-recurring_2015_r20170330.shp,999999,VBD_bridges_c20160811.shp,9.202956;7.293124;4.987635;0.117751;-4.766567;-9.662423;-14.566307;-12.781590;-10.252750;-5.421471;-0.565886;4.309883,106.389061;120.204430;133.795395;132.636734;131.583801;130.626740;129.763702;115.696312;101.762085;103.094223;104.302101;105.397919,npp_d20151003_t1731466_e1737270_b20378,162.217,117.142,53.7499,99.1324,64.8321,67.539
250,VBD_npp_d20151003_t1735240_x1092425E_y041658S_l1955_s0820_v23,2017-06-01 16:11:27,-4.165777,109.242462,12.3458,2015-10-03 17:35:24,2015-10-04 00:35:24,1955,820,0.383852,1,2529,0.546583,0.163935,0.851884,0.4,0.83794,0.75,0.0130272,0.0001,1.78876e-29,999999,-7.739062e-02,3,Indonesian Exclusive Economic Zone,WPP712,,SVDNB_npp_d20151003_t1731466_e1737270_b20378_c20151003233728467558_noaa_ops.h5,GDNBO_npp_d20151003_t1731466_e1737270_b20378_c20151003233728467298_noaa_ops.h5,SVI04_npp_d20151003_t1731466_e1737270_b20378_c20151003233728541959_noaa_ops.dspace_rad,VNFF_npp_d20151003_t1731466_e1737270_b20378_v21.csv,World_EEZ_v8_2014.shp,WPP_BFAR_merge.shp,KKP_IDN_merge_20161208.shp,VNF-VBD_npp_20120301-20151231_global_asia-enhanced_c201607211230.bitmask,NCEI_NGA.union.nga_lead2.add_2015ntl.mask,timezone.shp,VBD_platforms-recurring_2015_r20170330.shp,999999,VBD_bridges_c20160811.shp,9.202956;7.293124;4.987635;0.117751;-4.766567;-9.662423;-14.566307;-12.781590;-10.252750;-5.421471;-0.565886;4.309883,106.389061;120.204430;133.795395;132.636734;131.583801;130.626740;129.763702;115.696312;101.762085;103.094223;104.302101;105.397919,npp_d20151003_t1731466_e1737270_b20378,162.182,117.202,53.6409,99.6648,64.8246,67.5182
251,VBD_npp_d20151003_t1735596_x1087416E_y062650S_l2280_s0821_v23,2017-06-01 16:11:27,-6.264987,108.741631,2.99543,2015-10-03 17:35:59,2015-10-04 00:35:59,2280,821,0.377379,2,2209,0.168948,0.161955,0.851575,0.4,0.74159,0.75,0.0122184,0.0001,1.22888e-30,999999,-5.874184e-02,3,Indonesian Exclusive Economic Zone,WPP712,,SVDNB_npp_d20151003_t1731466_e1737270_b20378_c20151003233728467558_noaa_ops.h5,GDNBO_npp_d20151003_t1731466_e1737270_b20378_c20151003233728467298_noaa_ops.h5,SVI04_npp_d20151003_t1731466_e1737270_b20378_c20151003233728541959_noaa_ops.dspace_rad,VNFF_npp_d20151003_t1731466_e1737270_b20378_v21.csv,World_EEZ_v8_2014.shp,WPP_BFAR_merge.shp,KKP_IDN_merge_20161208.shp,VNF-VBD_npp_20120301-20151231_global_asia-enhanced_c201607211230.bitmask,NCEI_NGA.union.nga_lead2.add_2015ntl.mask,timezone.shp,VBD_platforms-recurring_2015_r20170330.shp,999999,VBD_bridges_c20160811.shp,9.202956;7.293124;4.987635;0.117751;-4.766567;-9.662423;-14.566307;-12.781590;-10.252750;-5.421471;-0.565886;4.309883,106.389061;120.204430;133.795395;132.636734;131.583801;130.626740;129.763702;115.696312;101.762085;103.094223;104.302101;105.397919,npp_d20151003_t1731466_e1737270_b20378,161.427,123.292,53.62,99.7614,65.9777,66.6956
252,VBD_npp_d20151003_t1735364_x1090750E_y049313S_l2073_s0822_v23,2017-06-01 16:11:27,-4.931287,109.074951,39.0325,2015-10-03 17:35:36,2015-10-04 00:35:36,2073,822,0.378304,1,2529,0.988933,0.173003,0.885067,0.4,0.962291,0.75,0.0127661,0.0001,7.47677e-30,999999,-1.628065e-01,3,Indonesian Exclusive Economic Zone,WPP712,,SVDNB_npp_d20151003_t1731466_e1737270_b20378_c20151003233728467558_noaa_ops.h5,GDNBO_npp_d20151003_t1731466_e1737270_b20378_c20151003233728467298_noaa_ops.h5,SVI04_npp_d20151003_t1731466_e1737270_b20378_c20151003233728541959_noaa_ops.dspace_rad,VNFF_npp_d20151003_t1731466_e1737270_b20378_v21.csv,World_EEZ_v8_2014.shp,WPP_BFAR_merge.shp,KKP_IDN_merge_20161208.shp,VNF-VBD_npp_20120301-20151231_global_asia-enhanced_c201607211230.bitmask,NCEI_NGA.union.nga_lead2.add_2015ntl.mask,timezone.shp,VBD_platforms-recurring_2015_r20170330.shp,999999,VBD_bridges_c20160811.shp,9.202956;7.293124;4.987635;0.117751;-4.766567;-9.662423;-14.566307;-12.781590;-10.252750;-5.421471;-0.565886;4.309883,106.389061;120.204430;133.795395;132.636734;131.583801;130.626740;129.763702;115.696312;101.762085;103.094223;104.302101;105.397919,npp_d20151003_t1731466_e1737270_b20378,161.92,119.46,53.5893,99.496,65.2302,67.2072
253,VBD_npp_d20151003_t1735596_x1087556E_y062257S_l2274_s0822_v23,2017-06-01 16:11:27,-6.225659,108.755562,10.2761,2015-10-03 17:35:59,2015-10-04 00:35:59,2274,822,0.388334,1,2529,0.52469,0.153466,0.842986,0.4,0.911605,0.75,0.012238,0.0001,1.56872e-30,999999,2.121159e-02,3,Indonesian Exclusive Economic Zone,WPP712,,SVDNB_npp_d20151003_t1731466_e1737270_b20378_c20151003233728467558_noaa_ops.h5,GDNBO_npp_d20151003_t1731466_e1737270_b20378_c20151003233728467298_noaa_ops.h5,SVI04_npp_d20151003_t1731466_e1737270_b20378_c20151003233728541959_noaa_ops.dspace_rad,VNFF_npp_d20151003_t1731466_e1737270_b20378_v21.csv,World_EEZ_v8_2014.shp,WPP_BFAR_merge.shp,KKP_IDN_merge_20161208.shp,VNF-VBD_npp_20120301-20151231_global_asia-enhanced_c201607211230.bitmask,NCEI_NGA.union.nga_lead2.add_2015ntl.mask,timezone.shp,VBD_platforms-recurring_2015_r20170330.shp,999999,VBD_bridges_c20160811.shp,9.202956;7.293124;4.987635;0.117751;-4.766567;-9.662423;-14.566307;-12.781590;-10.252750;-5.421471;-0.565886;4.309883,106.389061;120.204430;133.795395;132.636734;131.583801;130.626740;129.763702;115.696312;101.762085;103.094223;104.302101;105.397919,npp_d20151003_t1731466_e1737270_b20378,161.437,123.17,53.5926,100.044,65.9492,66.7083
254,VBD_npp_d20151003_t1735204_x1093137E_y039907S_l1927_s0824_v23,2017-06-01 16:11:27,-3.990744,109.313736,62.8668,2015-10-03 17:35:20,2015-10-04 00:35:20,1927,824,0.390894,1,2529,1.0329,0.14591,0.905954,0.4,0.955585,0.75,0.0130741,0.0001,2.90186e-29,999999,9.237959e-02,3,Indonesian Exclusive Economic Zone,WPP712,,SVDNB_npp_d20151003_t1731466_e1737270_b20378_c20151003233728467558_noaa_ops.h5,GDNBO_npp_d20151003_t1731466_e1737270_b20378_c20151003233728467298_noaa_ops.h5,SVI04_npp_d20151003_t1731466_e1737270_b20378_c20151003233728541959_noaa_ops.dspace_rad,VNFF_npp_d20151003_t1731466_e1737270_b20378_v21.csv,World_EEZ_v8_2014.shp,WPP_BFAR_merge.shp,KKP_IDN_merge_20161208.shp,VNF-VBD_npp_20120301-20151231_global_asia-enhanced_c201607211230.bitmask,NCEI_NGA.union.nga_lead2.add_2015ntl.mask,timezone.shp,VBD_platforms-recurring_2015_r20170330.shp,999999,VBD_bridges_c20160811.shp,9.202956;7.293124;4.987635;0.117751;-4.766567;-9.662423;-14.566307;-12.781590;-10.252750;-5.421471;-0.565886;4.309883,106.389061;120.204430;133.795395;132.636734;131.583801;130.626740;129.763702;115.696312;101.762085;103.094223;104.302101;105.397919,npp_d20151003_t1731466_e1737270_b20378,162.211,116.632,53.5344,99.4411,64.7043,67.5828
255,VBD_npp_d20151003_t1735258_x1092332E_y043339S_l1980_s0824_v23,2017-06-01 16:11:27,-4.333943,109.233238,62.4615,2015-10-03 17:35:25,2015-10-04 00:35:25,1980,824,0.395589,1,2529,1.1495,0.150078,0.917702,0.4,0.972543,0.75,0.0130146,0.0001,1.75508e-29,999999,5.311960e-02,3,Indonesian Exclusive Economic Zone,WPP712,,SVDNB_npp_d20151003_t1731466_e1737270_b20378_c20151003233728467558_noaa_ops.h5,GDNBO_npp_d20151003_t1731466_e1737270_b20378_c20151003233728467298_noaa_ops.h5,SVI04_npp_d20151003_t1731466_e1737270_b20378_c20151003233728541959_noaa_ops.dspace_rad,VNFF_npp_d20151003_t1731466_e1737270_b20378_v21.csv,World_EEZ_v8_2014.shp,WPP_BFAR_merge.shp,KKP_IDN_merge_20161208.shp,VNF-VBD_npp_20120301-20151231_global_asia-enhanced_c201607211230.bitmask,NCEI_NGA.union.nga_lead2.add_2015ntl.mask,timezone.shp,VBD_platforms-recurring_2015_r20170330.shp,999999,VBD_bridges_c20160811.shp,9.202956;7.293124;4.987635;0.117751;-4.766567;-9.662423;-14.566307;-12.781590;-10.252750;-5.421471;-0.565886;4.309883,106.389061;120.204430;133.795395;132.636734;131.583801;130.626740;129.763702;115.696312;101.762085;103.094223;104.302101;105.397919,npp_d20151003_t1731466_e1737270_b20378,162.106,117.668,53.5384,99.2554,64.8914,67.443
256,VBD_npp_d20151003_t1735276_x1092201E_y043701S_l1986_s0824_v23,2017-06-01 16:11:27,-4.370062,109.220131,21.7772,2015-10-03 17:35:27,2015-10-04 00:35:27,1986,824,0.395945,1,2529,0.768127,0.153682,0.917504,0.4,0.948733,0.75,0.0130032,0.0001,1.97139e-29,999999,1.917229e-02,3,Indonesian Exclusive Economic Zone,WPP712,,SVDNB_npp_d20151003_t1731466_e1737270_b20378_c20151003233728467558_noaa_ops.h5,GDNBO_npp_d20151003_t1731466_e1737270_b20378_c20151003233728467298_noaa_ops.h5,SVI04_npp_d20151003_t1731466_e1737270_b20378_c20151003233728541959_noaa_ops.dspace_rad,VNFF_npp_d20151003_t1731466_e1737270_b20378_v21.csv,World_EEZ_v8_2014.shp,WPP_BFAR_merge.shp,KKP_IDN_merge_20161208.shp,VNF-VBD_npp_20120301-20151231_global_asia-enhanced_c201607211230.bitmask,NCEI_NGA.union.nga_lead2.add_2015ntl.mask,timezone.shp,VBD_platforms-recurring_2015_r20170330.shp,999999,VBD_bridges_c20160811.shp,9.202956;7.293124;4.987635;0.117751;-4.766567;-9.662423;-14.566307;-12.781590;-10.252750;-5.421471;-0.565886;4.309883,106.389061;120.204430;133.795395;132.636734;131.583801;130.626740;129.763702;115.696312;101.762085;103.094223;104.302101;105.397919,npp_d20151003_t1731466_e1737270_b20378,162.094,117.775,53.5368,99.7428,64.9108,67.4283
257,VBD_npp_d20151003_t1735596_x1087582E_y062887S_l2283_s0824_v23,2017-06-01 16:11:27,-6.288716,108.758240,7.43469,2015-10-03 17:35:59,2015-10-04 00:35:59,2283,824,0.376881,1,2529,0.408297,0.178295,0.860115,0.4,0.887448,0.75,0.0122219,0.0001,1.47958e-30,999999,-2.126471e-01,3,Indonesian Exclusive Economic Zone,WPP712,,SVDNB_npp_d20151003_t1731466_e1737270_b20378_c20151003233728467558_noaa_ops.h5,GDNBO_npp_d20151003_t1731466_e1737270_b20378_c20151003233728467298_noaa_ops.h5,SVI04_npp_d20151003_t1731466_e1737270_b20378_c20151003233728541959_noaa_ops.dspace_rad,VNFF_npp_d20151003_t1731466_e1737270_b20378_v21.csv,World_EEZ_v8_2014.shp,WPP_BFAR_merge.shp,KKP_IDN_merge_20161208.shp,VNF-VBD_npp_20120301-20151231_global_asia-enhanced_c201607211230.bitmask,NCEI_NGA.union.nga_lead2.add_2015ntl.mask,timezone.shp,VBD_platforms-recurring_2015_r20170330.shp,999999,VBD_bridges_c20160811.shp,9.202956;7.293124;4.987635;0.117751;-4.766567;-9.662423;-14.566307;-12.781590;-10.252750;-5.421471;-0.565886;4.309883,106.389061;120.204430;133.795395;132.636734;131.583801;130.626740;129.763702;115.696312;101.762085;103.094223;104.302101;105.397919,npp_d20151003_t1731466_e1737270_b20378,161.4,123.323,53.5396,99.6174,65.9718,66.6806
258,VBD_npp_d20151003_t1735596_x1087698E_y062629S_l2279_s0825_v23,2017-06-01 16:11:27,-6.262915,108.769760,4.66524,2015-10-03 17:35:59,2015-10-04 00:35:59,2279,825,0.390752,2,2465,0.287345,0.16471,0.872721,0.4,0.670264,0.75,0.0122363,0.0001,1.79326e-30,999999,-8.469580e-02,3,Indonesian Exclusive Economic Zone,WPP712,,SVDNB_npp_d20151003_t1731466_e1737270_b20378_c20151003233728467558_noaa_ops.h5,GDNBO_npp_d20151003_t1731466_e1737270_b20378_c20151003233728467298_noaa_ops.h5,SVI04_npp_d20151003_t1731466_e1737270_b20378_c20151003233728541959_noaa_ops.dspace_rad,VNFF_npp_d20151003_t1731466_e1737270_b20378_v21.csv,World_EEZ_v8_2014.shp,WPP_BFAR_merge.shp,KKP_IDN_merge_20161208.shp,VNF-VBD_npp_20120301-20151231_global_asia-enhanced_c201607211230.bitmask,NCEI_NGA.union.nga_lead2.add_2015ntl.mask,timezone.shp,VBD_platforms-recurring_2015_r20170330.shp,999999,VBD_bridges_c20160811.shp,9.202956;7.293124;4.987635;0.117751;-4.766567;-9.662423;-14.566307;-12.781590;-10.252750;-5.421471;-0.565886;4.309883,106.389061;120.204430;133.795395;132.636734;131.583801;130.626740;129.763702;115.696312;101.762085;103.094223;104.302101;105.397919,npp_d20151003_t1731466_e1737270_b20378,161.404,123.239,53.512,99.8057,65.951,66.6883
259,VBD_npp_d20151003_t1735596_x1087729E_y062843S_l2282_s0826_v23,2017-06-01 16:11:27,-6.284290,108.772888,8.99253,2015-10-03 17:35:59,2015-10-04 00:35:59,2282,826,0.380722,1,2529,0.461944,0.169806,0.872721,0.4,0.891856,0.75,0.0122322,0.0001,1.81015e-30,999999,-1.326893e-01,3,Indonesian Exclusive Economic Zone,WPP712,,SVDNB_npp_d20151003_t1731466_e1737270_b20378_c20151003233728467558_noaa_ops.h5,GDNBO_npp_d20151003_t1731466_e1737270_b20378_c20151003233728467298_noaa_ops.h5,SVI04_npp_d20151003_t1731466_e1737270_b20378_c20151003233728541959_noaa_ops.dspace_rad,VNFF_npp_d20151003_t1731466_e1737270_b20378_v21.csv,World_EEZ_v8_2014.shp,WPP_BFAR_merge.shp,KKP_IDN_merge_20161208.shp,VNF-VBD_npp_20120301-20151231_global_asia-enhanced_c201607211230.bitmask,NCEI_NGA.union.nga_lead2.add_2015ntl.mask,timezone.shp,VBD_platforms-recurring_2015_r20170330.shp,999999,VBD_bridges_c20160811.shp,9.202956;7.293124;4.987635;0.117751;-4.766567;-9.662423;-14.566307;-12.781590;-10.252750;-5.421471;-0.565886;4.309883,106.389061;120.204430;133.795395;132.636734;131.583801;130.626740;129.763702;115.696312;101.762085;103.094223;104.302101;105.397919,npp_d20151003_t1731466_e1737270_b20378,161.39,123.286,53.4855,99.6631,65.9566,66.6782
260,VBD_npp_d20151003_t1735596_x1087693E_y063045S_l2285_s0826_v23,2017-06-01 16:11:27,-6.304497,108.769279,6.59354,2015-10-03 17:35:59,2015-10-04 00:35:59,2285,826,0.382999,1,2529,0.384142,0.191766,0.860115,0.4,0.871727,0.75,0.0122243,0.0001,1.6731e-30,999999,-3.395303e-01,3,Indonesian Exclusive Economic Zone,WPP712,,SVDNB_npp_d20151003_t1731466_e1737270_b20378_c20151003233728467558_noaa_ops.h5,GDNBO_npp_d20151003_t1731466_e1737270_b20378_c20151003233728467298_noaa_ops.h5,SVI04_npp_d20151003_t1731466_e1737270_b20378_c20151003233728541959_noaa_ops.dspace_rad,VNFF_npp_d20151003_t1731466_e1737270_b20378_v21.csv,World_EEZ_v8_2014.shp,WPP_BFAR_merge.shp,KKP_IDN_merge_20161208.shp,VNF-VBD_npp_20120301-20151231_global_asia-enhanced_c201607211230.bitmask,NCEI_NGA.union.nga_lead2.add_2015ntl.mask,timezone.shp,VBD_platforms-recurring_2015_r20170330.shp,999999,VBD_bridges_c20160811.shp,9.202956;7.293124;4.987635;0.117751;-4.766567;-9.662423;-14.566307;-12.781590;-10.252750;-5.421471;-0.565886;4.309883,106.389061;120.204430;133.795395;132.636734;131.583801;130.626740;129.763702;115.696312;101.762085;103.094223;104.302101;105.397919,npp_d20151003_t1731466_e1737270_b20378,161.382,123.343,53.4862,99.5212,65.968,66.6707
261,VBD_npp_d20151003_t1735311_x1091904E_y045870S_l2019_s0827_v23,2017-06-01 16:11:27,-4.587000,109.190399,7.45817,2015-10-03 17:35:31,2015-10-04 00:35:31,2019,827,0.395447,1,2529,0.447653,0.148945,0.808017,0.4,0.911064,0.75,0.0129278,0.0001,1.94551e-29,999999,6.378908e-02,3,Indonesian Exclusive Economic Zone,WPP712,,SVDNB_npp_d20151003_t1731466_e1737270_b20378_c20151003233728467558_noaa_ops.h5,GDNBO_npp_d20151003_t1731466_e1737270_b20378_c20151003233728467298_noaa_ops.h5,SVI04_npp_d20151003_t1731466_e1737270_b20378_c20151003233728541959_noaa_ops.dspace_rad,VNFF_npp_d20151003_t1731466_e1737270_b20378_v21.csv,World_EEZ_v8_2014.shp,WPP_BFAR_merge.shp,KKP_IDN_merge_20161208.shp,VNF-VBD_npp_20120301-20151231_global_asia-enhanced_c201607211230.bitmask,NCEI_NGA.union.nga_lead2.add_2015ntl.mask,timezone.shp,VBD_platforms-recurring_2015_r20170330.shp,999999,VBD_bridges_c20160811.shp,9.202956;7.293124;4.987635;0.117751;-4.766567;-9.662423;-14.566307;-12.781590;-10.252750;-5.421471;-0.565886;4.309883,106.389061;120.204430;133.795395;132.636734;131.583801;130.626740;129.763702;115.696312;101.762085;103.094223;104.302101;105.397919,npp_d20151003_t1731466_e1737270_b20378,162.005,118.389,53.4524,99.7265,65.0092,67.3351
262,VBD_npp_d20151003_t1735204_x1093437E_y040165S_l1930_s0829_v23,2017-06-01 16:11:27,-4.016547,109.343735,39.9977,2015-10-03 17:35:20,2015-10-04 00:35:20,1930,829,0.38997,1,2529,0.944333,0.16252,0.916976,0.4,0.9585,0.75,0.0130901,0.0001,4.08681e-29,999999,-6.406880e-02,3,Indonesian Exclusive Economic Zone,WPP712,,SVDNB_npp_d20151003_t1731466_e1737270_b20378_c20151003233728467558_noaa_ops.h5,GDNBO_npp_d20151003_t1731466_e1737270_b20378_c20151003233728467298_noaa_ops.h5,SVI04_npp_d20151003_t1731466_e1737270_b20378_c20151003233728541959_noaa_ops.dspace_rad,VNFF_npp_d20151003_t1731466_e1737270_b20378_v21.csv,World_EEZ_v8_2014.shp,WPP_BFAR_merge.shp,KKP_IDN_merge_20161208.shp,VNF-VBD_npp_20120301-20151231_global_asia-enhanced_c201607211230.bitmask,NCEI_NGA.union.nga_lead2.add_2015ntl.mask,timezone.shp,VBD_platforms-recurring_2015_r20170330.shp,999999,VBD_bridges_c20160811.shp,9.202956;7.293124;4.987635;0.117751;-4.766567;-9.662423;-14.566307;-12.781590;-10.252750;-5.421471;-0.565886;4.309883,106.389061;120.204430;133.795395;132.636734;131.583801;130.626740;129.763702;115.696312;101.762085;103.094223;104.302101;105.397919,npp_d20151003_t1731466_e1737270_b20378,162.173,116.66,53.4001,99.2965,64.6864,67.5634
263,VBD_npp_d20151003_t1735258_x1092687E_y043675S_l1984_s0830_v23,2017-06-01 16:11:27,-4.367517,109.268723,32.6646,2015-10-03 17:35:25,2015-10-04 00:35:25,1984,830,0.3963,1,2529,0.874658,0.143821,0.921907,0.4,0.941865,0.75,0.0130317,0.0001,2.62629e-29,999999,1.120569e-01,3,Indonesian Exclusive Economic Zone,WPP712,,SVDNB_npp_d20151003_t1731466_e1737270_b20378_c20151003233728467558_noaa_ops.h5,GDNBO_npp_d20151003_t1731466_e1737270_b20378_c20151003233728467298_noaa_ops.h5,SVI04_npp_d20151003_t1731466_e1737270_b20378_c20151003233728541959_noaa_ops.dspace_rad,VNFF_npp_d20151003_t1731466_e1737270_b20378_v21.csv,World_EEZ_v8_2014.shp,WPP_BFAR_merge.shp,KKP_IDN_merge_20161208.shp,VNF-VBD_npp_20120301-20151231_global_asia-enhanced_c201607211230.bitmask,NCEI_NGA.union.nga_lead2.add_2015ntl.mask,timezone.shp,VBD_platforms-recurring_2015_r20170330.shp,999999,VBD_bridges_c20160811.shp,9.202956;7.293124;4.987635;0.117751;-4.766567;-9.662423;-14.566307;-12.781590;-10.252750;-5.421471;-0.565886;4.309883,106.389061;120.204430;133.795395;132.636734;131.583801;130.626740;129.763702;115.696312;101.762085;103.094223;104.302101;105.397919,npp_d20151003_t1731466_e1737270_b20378,162.059,117.706,53.3779,99.0623,64.8714,67.4185
264,VBD_npp_d20151003_t1735204_x1093594E_y040053S_l1928_s0831_v23,2017-06-01 16:11:27,-4.005316,109.359360,41.9332,2015-10-03 17:35:20,2015-10-04 00:35:20,1928,831,0.383923,1,2529,0.983474,0.171304,0.916047,0.4,0.962426,0.75,0.0131002,0.0001,5.05119e-29,999999,-1.467980e-01,3,Indonesian Exclusive Economic Zone,WPP712,,SVDNB_npp_d20151003_t1731466_e1737270_b20378_c20151003233728467558_noaa_ops.h5,GDNBO_npp_d20151003_t1731466_e1737270_b20378_c20151003233728467298_noaa_ops.h5,SVI04_npp_d20151003_t1731466_e1737270_b20378_c20151003233728541959_noaa_ops.dspace_rad,VNFF_npp_d20151003_t1731466_e1737270_b20378_v21.csv,World_EEZ_v8_2014.shp,WPP_BFAR_merge.shp,KKP_IDN_merge_20161208.shp,VNF-VBD_npp_20120301-20151231_global_asia-enhanced_c201607211230.bitmask,NCEI_NGA.union.nga_lead2.add_2015ntl.mask,timezone.shp,VBD_platforms-recurring_2015_r20170330.shp,999999,VBD_bridges_c20160811.shp,9.202956;7.293124;4.987635;0.117751;-4.766567;-9.662423;-14.566307;-12.781590;-10.252750;-5.421471;-0.565886;4.309883,106.389061;120.204430;133.795395;132.636734;131.583801;130.626740;129.763702;115.696312;101.762085;103.094223;104.302101;105.397919,npp_d20151003_t1731466_e1737270_b20378,162.164,116.606,53.3459,99.3904,64.6676,67.5645
265,VBD_npp_d20151003_t1735276_x1092744E_y044139S_l1991_s0833_v23,2017-06-01 16:11:27,-4.413941,109.274445,49.1602,2015-10-03 17:35:27,2015-10-04 00:35:27,1991,833,0.3894,1,2529,1.07589,0.187124,0.901347,0.4,0.963197,0.75,0.0130249,0.0001,3.69553e-29,999999,-2.958040e-01,3,Indonesian Exclusive Economic Zone,WPP712,,SVDNB_npp_d20151003_t1731466_e1737270_b20378_c20151003233728467558_noaa_ops.h5,GDNBO_npp_d20151003_t1731466_e1737270_b20378_c20151003233728467298_noaa_ops.h5,SVI04_npp_d20151003_t1731466_e1737270_b20378_c20151003233728541959_noaa_ops.dspace_rad,VNFF_npp_d20151003_t1731466_e1737270_b20378_v21.csv,World_EEZ_v8_2014.shp,WPP_BFAR_merge.shp,KKP_IDN_merge_20161208.shp,VNF-VBD_npp_20120301-20151231_global_asia-enhanced_c201607211230.bitmask,NCEI_NGA.union.nga_lead2.add_2015ntl.mask,timezone.shp,VBD_platforms-recurring_2015_r20170330.shp,999999,VBD_bridges_c20160811.shp,9.202956;7.293124;4.987635;0.117751;-4.766567;-9.662423;-14.566307;-12.781590;-10.252750;-5.421471;-0.565886;4.309883,106.389061;120.204430;133.795395;132.636734;131.583801;130.626740;129.763702;115.696312;101.762085;103.094223;104.302101;105.397919,npp_d20151003_t1731466_e1737270_b20378,162.026,117.813,53.2946,99.5017,64.8774,67.3943
266,VBD_npp_d20151003_t1735329_x1092021E_y047516S_l2043_s0834_v23,2017-06-01 16:11:27,-4.751612,109.202148,43.0682,2015-10-03 17:35:32,2015-10-04 00:35:32,2043,834,0.39061,8,18913,1.00737,0.159208,0.881699,0.4,0.964374,0.75,0.0128915,0.0001,2.50828e-29,999999,-3.287573e-02,3,Indonesian Exclusive Economic Zone,WPP712,,SVDNB_npp_d20151003_t1731466_e1737270_b20378_c20151003233728467558_noaa_ops.h5,GDNBO_npp_d20151003_t1731466_e1737270_b20378_c20151003233728467298_noaa_ops.h5,SVI04_npp_d20151003_t1731466_e1737270_b20378_c20151003233728541959_noaa_ops.dspace_rad,VNFF_npp_d20151003_t1731466_e1737270_b20378_v21.csv,World_EEZ_v8_2014.shp,WPP_BFAR_merge.shp,KKP_IDN_merge_20161208.shp,VNF-VBD_npp_20120301-20151231_global_asia-enhanced_c201607211230.bitmask,NCEI_NGA.union.nga_lead2.add_2015ntl.mask,timezone.shp,VBD_platforms-recurring_2015_r20170330.shp,0.361614,VBD_bridges_c20160811.shp,9.202956;7.293124;4.987635;0.117751;-4.766567;-9.662423;-14.566307;-12.781590;-10.252750;-5.421471;-0.565886;4.309883,106.389061;120.204430;133.795395;132.636734;131.583801;130.626740;129.763702;115.696312;101.762085;103.094223;104.302101;105.397919,npp_d20151003_t1731466_e1737270_b20378,161.91,118.803,53.2682,99.3614,65.0556,67.2565
267,VBD_npp_d20151003_t1735596_x1088347E_y062465S_l2275_s0834_v23,2017-06-01 16:11:27,-6.246528,108.834709,2.38326,2015-10-03 17:35:59,2015-10-04 00:35:59,2275,834,0.39502,1,2273,0.155034,0.127956,0.812486,0.4,0.802228,0.75,0.0122813,0.0001,4.33893e-30,999999,2.614850e-01,3,Indonesian Exclusive Economic Zone,WPP712,,SVDNB_npp_d20151003_t1731466_e1737270_b20378_c20151003233728467558_noaa_ops.h5,GDNBO_npp_d20151003_t1731466_e1737270_b20378_c20151003233728467298_noaa_ops.h5,SVI04_npp_d20151003_t1731466_e1737270_b20378_c20151003233728541959_noaa_ops.dspace_rad,VNFF_npp_d20151003_t1731466_e1737270_b20378_v21.csv,World_EEZ_v8_2014.shp,WPP_BFAR_merge.shp,KKP_IDN_merge_20161208.shp,VNF-VBD_npp_20120301-20151231_global_asia-enhanced_c201607211230.bitmask,NCEI_NGA.union.nga_lead2.add_2015ntl.mask,timezone.shp,VBD_platforms-recurring_2015_r20170330.shp,999999,VBD_bridges_c20160811.shp,9.202956;7.293124;4.987635;0.117751;-4.766567;-9.662423;-14.566307;-12.781590;-10.252750;-5.421471;-0.565886;4.309883,106.389061;120.204430;133.795395;132.636734;131.583801;130.626740;129.763702;115.696312;101.762085;103.094223;104.302101;105.397919,npp_d20151003_t1731466_e1737270_b20378,161.359,123.086,53.2692,99.9888,65.8847,66.6763
268,VBD_npp_d20151003_t1735240_x1093381E_y042097S_l1959_s0835_v23,2017-06-01 16:11:27,-4.209687,109.338074,55.7022,2015-10-03 17:35:24,2015-10-04 00:35:24,1959,835,0.387551,1,2529,1.0422,0.145549,0.91127,0.4,0.953521,0.75,0.0130808,0.0001,5.63812e-29,999999,9.577589e-02,3,Indonesian Exclusive Economic Zone,WPP712,,SVDNB_npp_d20151003_t1731466_e1737270_b20378_c20151003233728467558_noaa_ops.h5,GDNBO_npp_d20151003_t1731466_e1737270_b20378_c20151003233728467298_noaa_ops.h5,SVI04_npp_d20151003_t1731466_e1737270_b20378_c20151003233728541959_noaa_ops.dspace_rad,VNFF_npp_d20151003_t1731466_e1737270_b20378_v21.csv,World_EEZ_v8_2014.shp,WPP_BFAR_merge.shp,KKP_IDN_merge_20161208.shp,VNF-VBD_npp_20120301-20151231_global_asia-enhanced_c201607211230.bitmask,NCEI_NGA.union.nga_lead2.add_2015ntl.mask,timezone.shp,VBD_platforms-recurring_2015_r20170330.shp,999999,VBD_bridges_c20160811.shp,9.202956;7.293124;4.987635;0.117751;-4.766567;-9.662423;-14.566307;-12.781590;-10.252750;-5.421471;-0.565886;4.309883,106.389061;120.204430;133.795395;132.636734;131.583801;130.626740;129.763702;115.696312;101.762085;103.094223;104.302101;105.397919,npp_d20151003_t1731466_e1737270_b20378,162.077,117.181,53.2369,99.4685,64.7527,67.4735
269,VBD_npp_d20151003_t1735204_x1093880E_y040377S_l1932_s0836_v23,2017-06-01 16:11:27,-4.037698,109.387962,23.8571,2015-10-03 17:35:20,2015-10-04 00:35:20,1932,836,0.394095,1,2529,0.7471,0.137698,0.90465,0.4,0.926608,0.75,0.0131151,0.0001,6.91023e-29,999999,1.697231e-01,3,Indonesian Exclusive Economic Zone,WPP712,,SVDNB_npp_d20151003_t1731466_e1737270_b20378_c20151003233728467558_noaa_ops.h5,GDNBO_npp_d20151003_t1731466_e1737270_b20378_c20151003233728467298_noaa_ops.h5,SVI04_npp_d20151003_t1731466_e1737270_b20378_c20151003233728541959_noaa_ops.dspace_rad,VNFF_npp_d20151003_t1731466_e1737270_b20378_v21.csv,World_EEZ_v8_2014.shp,WPP_BFAR_merge.shp,KKP_IDN_merge_20161208.shp,VNF-VBD_npp_20120301-20151231_global_asia-enhanced_c201607211230.bitmask,NCEI_NGA.union.nga_lead2.add_2015ntl.mask,timezone.shp,VBD_platforms-recurring_2015_r20170330.shp,999999,VBD_bridges_c20160811.shp,9.202956;7.293124;4.987635;0.117751;-4.766567;-9.662423;-14.566307;-12.781590;-10.252750;-5.421471;-0.565886;4.309883,106.389061;120.204430;133.795395;132.636734;131.583801;130.626740;129.763702;115.696312;101.762085;103.094223;104.302101;105.397919,npp_d20151003_t1731466_e1737270_b20378,162.124,116.654,53.2122,99.1979,64.6534,67.5424
270,VBD_npp_d20151003_t1735596_x1088456E_y062623S_l2277_s0836_v23,2017-06-01 16:11:27,-6.262271,108.845619,4.84612,2015-10-03 17:35:59,2015-10-04 00:35:59,2277,836,0.3963,1,2529,0.326343,0.133516,0.816481,0.4,0.878141,0.75,0.0122837,0.0001,4.89436e-30,999999,2.091194e-01,3,Indonesian Exclusive Economic Zone,WPP712,,SVDNB_npp_d20151003_t1731466_e1737270_b20378_c20151003233728467558_noaa_ops.h5,GDNBO_npp_d20151003_t1731466_e1737270_b20378_c20151003233728467298_noaa_ops.h5,SVI04_npp_d20151003_t1731466_e1737270_b20378_c20151003233728541959_noaa_ops.dspace_rad,VNFF_npp_d20151003_t1731466_e1737270_b20378_v21.csv,World_EEZ_v8_2014.shp,WPP_BFAR_merge.shp,KKP_IDN_merge_20161208.shp,VNF-VBD_npp_20120301-20151231_global_asia-enhanced_c201607211230.bitmask,NCEI_NGA.union.nga_lead2.add_2015ntl.mask,timezone.shp,VBD_platforms-recurring_2015_r20170330.shp,999999,VBD_bridges_c20160811.shp,9.202956;7.293124;4.987635;0.117751;-4.766567;-9.662423;-14.566307;-12.781590;-10.252750;-5.421471;-0.565886;4.309883,106.389061;120.204430;133.795395;132.636734;131.583801;130.626740;129.763702;115.696312;101.762085;103.094223;104.302101;105.397919,npp_d20151003_t1731466_e1737270_b20378,161.342,123.106,53.2155,99.8926,65.881,66.6664
271,VBD_npp_d20151003_t1735596_x1088361E_y063159S_l2285_s0836_v23,2017-06-01 16:11:27,-6.315906,108.836090,9.00103,2015-10-03 17:35:59,2015-10-04 00:35:59,2285,836,0.384706,1,2529,0.48591,0.153851,0.817386,0.4,0.880384,0.75,0.0122625,0.0001,3.98374e-30,999999,1.758904e-02,3,Indonesian Exclusive Economic Zone,WPP712,,SVDNB_npp_d20151003_t1731466_e1737270_b20378_c20151003233728467558_noaa_ops.h5,GDNBO_npp_d20151003_t1731466_e1737270_b20378_c20151003233728467298_noaa_ops.h5,SVI04_npp_d20151003_t1731466_e1737270_b20378_c20151003233728541959_noaa_ops.dspace_rad,VNFF_npp_d20151003_t1731466_e1737270_b20378_v21.csv,World_EEZ_v8_2014.shp,WPP_BFAR_merge.shp,KKP_IDN_merge_20161208.shp,VNF-VBD_npp_20120301-20151231_global_asia-enhanced_c201607211230.bitmask,NCEI_NGA.union.nga_lead2.add_2015ntl.mask,timezone.shp,VBD_platforms-recurring_2015_r20170330.shp,999999,VBD_bridges_c20160811.shp,9.202956;7.293124;4.987635;0.117751;-4.766567;-9.662423;-14.566307;-12.781590;-10.252750;-5.421471;-0.565886;4.309883,106.389061;120.204430;133.795395;132.636734;131.583801;130.626740;129.763702;115.696312;101.762085;103.094223;104.302101;105.397919,npp_d20151003_t1731466_e1737270_b20378,161.32,123.256,53.2169,99.5128,65.9111,66.6462
272,VBD_npp_d20151003_t1735204_x1094071E_y039650S_l1921_s0837_v23,2017-06-01 16:11:27,-3.965036,109.407135,32.209,2015-10-03 17:35:20,2015-10-04 00:35:20,1921,837,0.393099,1,2529,0.877872,0.13565,0.893866,0.4,0.936973,0.75,0.0131313,0.0001,9.69097e-29,999999,1.890115e-01,3,Indonesian Exclusive Economic Zone,WPP712,,SVDNB_npp_d20151003_t1731466_e1737270_b20378_c20151003233728467558_noaa_ops.h5,GDNBO_npp_d20151003_t1731466_e1737270_b20378_c20151003233728467298_noaa_ops.h5,SVI04_npp_d20151003_t1731466_e1737270_b20378_c20151003233728541959_noaa_ops.dspace_rad,VNFF_npp_d20151003_t1731466_e1737270_b20378_v21.csv,World_EEZ_v8_2014.shp,WPP_BFAR_merge.shp,KKP_IDN_merge_20161208.shp,VNF-VBD_npp_20120301-20151231_global_asia-enhanced_c201607211230.bitmask,NCEI_NGA.union.nga_lead2.add_2015ntl.mask,timezone.shp,VBD_platforms-recurring_2015_r20170330.shp,999999,VBD_bridges_c20160811.shp,9.202956;7.293124;4.987635;0.117751;-4.766567;-9.662423;-14.566307;-12.781590;-10.252750;-5.421471;-0.565886;4.309883,106.389061;120.204430;133.795395;132.636734;131.583801;130.626740;129.763702;115.696312;101.762085;103.094223;104.302101;105.397919,npp_d20151003_t1731466_e1737270_b20378,162.139,116.425,53.1841,99.7202,64.6077,67.5705
273,VBD_npp_d20151003_t1735240_x1093433E_y042588S_l1966_s0837_v23,2017-06-01 16:11:27,-4.258842,109.343262,70.6761,2015-10-03 17:35:24,2015-10-04 00:35:24,1966,837,0.388334,1,2529,1.18109,0.16169,0.913606,0.4,0.974487,0.75,0.0130807,0.0001,5.61782e-29,999999,-5.624519e-02,3,Indonesian Exclusive Economic Zone,WPP712,,SVDNB_npp_d20151003_t1731466_e1737270_b20378_c20151003233728467558_noaa_ops.h5,GDNBO_npp_d20151003_t1731466_e1737270_b20378_c20151003233728467298_noaa_ops.h5,SVI04_npp_d20151003_t1731466_e1737270_b20378_c20151003233728541959_noaa_ops.dspace_rad,VNFF_npp_d20151003_t1731466_e1737270_b20378_v21.csv,World_EEZ_v8_2014.shp,WPP_BFAR_merge.shp,KKP_IDN_merge_20161208.shp,VNF-VBD_npp_20120301-20151231_global_asia-enhanced_c201607211230.bitmask,NCEI_NGA.union.nga_lead2.add_2015ntl.mask,timezone.shp,VBD_platforms-recurring_2015_r20170330.shp,999999,VBD_bridges_c20160811.shp,9.202956;7.293124;4.987635;0.117751;-4.766567;-9.662423;-14.566307;-12.781590;-10.252750;-5.421471;-0.565886;4.309883,106.389061;120.204430;133.795395;132.636734;131.583801;130.626740;129.763702;115.696312;101.762085;103.094223;104.302101;105.397919,npp_d20151003_t1731466_e1737270_b20378,162.05,117.308,53.1847,99.1348,64.7669,67.4499
274,VBD_npp_d20151003_t1735258_x1093199E_y043483S_l1980_s0837_v23,2017-06-01 16:11:27,-4.348337,109.319862,55.1868,2015-10-03 17:35:25,2015-10-04 00:35:25,1980,837,0.389258,1,2529,1.09147,0.178433,0.909581,0.4,0.968199,0.75,0.013065,0.0001,5.14936e-29,999999,-2.139505e-01,3,Indonesian Exclusive Economic Zone,WPP712,,SVDNB_npp_d20151003_t1731466_e1737270_b20378_c20151003233728467558_noaa_ops.h5,GDNBO_npp_d20151003_t1731466_e1737270_b20378_c20151003233728467298_noaa_ops.h5,SVI04_npp_d20151003_t1731466_e1737270_b20378_c20151003233728541959_noaa_ops.dspace_rad,VNFF_npp_d20151003_t1731466_e1737270_b20378_v21.csv,World_EEZ_v8_2014.shp,WPP_BFAR_merge.shp,KKP_IDN_merge_20161208.shp,VNF-VBD_npp_20120301-20151231_global_asia-enhanced_c201607211230.bitmask,NCEI_NGA.union.nga_lead2.add_2015ntl.mask,timezone.shp,VBD_platforms-recurring_2015_r20170330.shp,999999,VBD_bridges_c20160811.shp,9.202956;7.293124;4.987635;0.117751;-4.766567;-9.662423;-14.566307;-12.781590;-10.252750;-5.421471;-0.565886;4.309883,106.389061;120.204430;133.795395;132.636734;131.583801;130.626740;129.763702;115.696312;101.762085;103.094223;104.302101;105.397919,npp_d20151003_t1731466_e1737270_b20378,162.023,117.577,53.1884,99.2478,64.8166,67.4137
275,VBD_npp_d20151003_t1735240_x1093579E_y042130S_l1959_s0838_v23,2017-06-01 16:11:27,-4.213027,109.357933,27.1513,2015-10-03 17:35:24,2015-10-04 00:35:24,1959,838,0.378731,1,2529,0.770431,0.142279,0.91127,0.4,0.879008,0.75,0.0130925,0.0001,7.19719e-29,999999,1.265817e-01,3,Indonesian Exclusive Economic Zone,WPP712,,SVDNB_npp_d20151003_t1731466_e1737270_b20378_c20151003233728467558_noaa_ops.h5,GDNBO_npp_d20151003_t1731466_e1737270_b20378_c20151003233728467298_noaa_ops.h5,SVI04_npp_d20151003_t1731466_e1737270_b20378_c20151003233728541959_noaa_ops.dspace_rad,VNFF_npp_d20151003_t1731466_e1737270_b20378_v21.csv,World_EEZ_v8_2014.shp,WPP_BFAR_merge.shp,KKP_IDN_merge_20161208.shp,VNF-VBD_npp_20120301-20151231_global_asia-enhanced_c201607211230.bitmask,NCEI_NGA.union.nga_lead2.add_2015ntl.mask,timezone.shp,VBD_platforms-recurring_2015_r20170330.shp,999999,VBD_bridges_c20160811.shp,9.202956;7.293124;4.987635;0.117751;-4.766567;-9.662423;-14.566307;-12.781590;-10.252750;-5.421471;-0.565886;4.309883,106.389061;120.204430;133.795395;132.636734;131.583801;130.626740;129.763702;115.696312;101.762085;103.094223;104.302101;105.397919,npp_d20151003_t1731466_e1737270_b20378,162.058,117.161,53.1563,99.467,64.7356,67.4668
276,VBD_npp_d20151003_t1736014_x1088367E_y063543S_l2291_s0838_v23,2017-06-01 16:11:27,-6.354286,108.836685,3.68032,2015-10-03 17:36:01,2015-10-04 00:36:01,2291,838,0.379442,1,2529,0.23884,0.172614,0.712332,0.4,0.84063,0.75,0.0122543,0.0001,5.40136e-30,999999,-1.591386e-01,3,Indonesian Exclusive Economic Zone,WPP712,,SVDNB_npp_d20151003_t1731466_e1737270_b20378_c20151003233728467558_noaa_ops.h5,GDNBO_npp_d20151003_t1731466_e1737270_b20378_c20151003233728467298_noaa_ops.h5,SVI04_npp_d20151003_t1731466_e1737270_b20378_c20151003233728541959_noaa_ops.dspace_rad,VNFF_npp_d20151003_t1731466_e1737270_b20378_v21.csv,World_EEZ_v8_2014.shp,WPP_BFAR_merge.shp,KKP_IDN_merge_20161208.shp,VNF-VBD_npp_20120301-20151231_global_asia-enhanced_c201607211230.bitmask,NCEI_NGA.union.nga_lead2.add_2015ntl.mask,timezone.shp,VBD_platforms-recurring_2015_r20170330.shp,999999,VBD_bridges_c20160811.shp,9.202956;7.293124;4.987635;0.117751;-4.766567;-9.662423;-14.566307;-12.781590;-10.252750;-5.421471;-0.565886;4.309883,106.389061;120.204430;133.795395;132.636734;131.583801;130.626740;129.763702;115.696312;101.762085;103.094223;104.302101;105.397919,npp_d20151003_t1731466_e1737270_b20378,161.293,123.337,53.1587,100.005,65.9194,66.6276
277,VBD_npp_d20151003_t1735258_x1093477E_y043048S_l1973_s0840_v23,2017-06-01 16:11:27,-4.304762,109.347710,25.64,2015-10-03 17:35:25,2015-10-04 00:35:25,1973,840,0.393028,1,2529,0.824676,0.151304,0.906126,0.4,0.951359,0.75,0.0130845,0.0001,7.7593e-29,999999,4.157638e-02,3,Indonesian Exclusive Economic Zone,WPP712,,SVDNB_npp_d20151003_t1731466_e1737270_b20378_c20151003233728467558_noaa_ops.h5,GDNBO_npp_d20151003_t1731466_e1737270_b20378_c20151003233728467298_noaa_ops.h5,SVI04_npp_d20151003_t1731466_e1737270_b20378_c20151003233728541959_noaa_ops.dspace_rad,VNFF_npp_d20151003_t1731466_e1737270_b20378_v21.csv,World_EEZ_v8_2014.shp,WPP_BFAR_merge.shp,KKP_IDN_merge_20161208.shp,VNF-VBD_npp_20120301-20151231_global_asia-enhanced_c201607211230.bitmask,NCEI_NGA.union.nga_lead2.add_2015ntl.mask,timezone.shp,VBD_platforms-recurring_2015_r20170330.shp,999999,VBD_bridges_c20160811.shp,9.202956;7.293124;4.987635;0.117751;-4.766567;-9.662423;-14.566307;-12.781590;-10.252750;-5.421471;-0.565886;4.309883,106.389061;120.204430;133.795395;132.636734;131.583801;130.626740;129.763702;115.696312;101.762085;103.094223;104.302101;105.397919,npp_d20151003_t1731466_e1737270_b20378,162.018,117.416,53.1067,99.5791,64.7739,67.4261
278,VBD_npp_d20151003_t1735187_x1094593E_y039006S_l1910_s0842_v23,2017-06-01 16:11:27,-3.900560,109.459297,32.2641,2015-10-03 17:35:18,2015-10-04 00:35:18,1910,842,0.389116,8,18913,0.885827,0.147605,0.834328,0.4,0.954346,0.75,0.0131631,0.0001,1.46079e-28,999999,7.640984e-02,3,Indonesian Exclusive Economic Zone,WPP712,,SVDNB_npp_d20151003_t1731466_e1737270_b20378_c20151003233728467558_noaa_ops.h5,GDNBO_npp_d20151003_t1731466_e1737270_b20378_c20151003233728467298_noaa_ops.h5,SVI04_npp_d20151003_t1731466_e1737270_b20378_c20151003233728541959_noaa_ops.dspace_rad,VNFF_npp_d20151003_t1731466_e1737270_b20378_v21.csv,World_EEZ_v8_2014.shp,WPP_BFAR_merge.shp,KKP_IDN_merge_20161208.shp,VNF-VBD_npp_20120301-20151231_global_asia-enhanced_c201607211230.bitmask,NCEI_NGA.union.nga_lead2.add_2015ntl.mask,timezone.shp,VBD_platforms-recurring_2015_r20170330.shp,0.36073,VBD_bridges_c20160811.shp,9.202956;7.293124;4.987635;0.117751;-4.766567;-9.662423;-14.566307;-12.781590;-10.252750;-5.421471;-0.565886;4.309883,106.389061;120.204430;133.795395;132.636734;131.583801;130.626740;129.763702;115.696312;101.762085;103.094223;104.302101;105.397919,npp_d20151003_t1731466_e1737270_b20378,162.128,116.181,53.0488,99.4661,64.5411,67.5884
279,VBD_npp_d20151003_t1735222_x1094023E_y041541S_l1949_s0842_v23,2017-06-01 16:11:27,-4.154140,109.402306,21.5704,2015-10-03 17:35:22,2015-10-04 00:35:22,1949,842,0.355613,1,2529,0.69712,0.154226,0.862634,0.4,0.915362,0.75,0.0131192,0.0001,9.77598e-29,999999,1.405302e-02,3,Indonesian Exclusive Economic Zone,WPP712,,SVDNB_npp_d20151003_t1731466_e1737270_b20378_c20151003233728467558_noaa_ops.h5,GDNBO_npp_d20151003_t1731466_e1737270_b20378_c20151003233728467298_noaa_ops.h5,SVI04_npp_d20151003_t1731466_e1737270_b20378_c20151003233728541959_noaa_ops.dspace_rad,VNFF_npp_d20151003_t1731466_e1737270_b20378_v21.csv,World_EEZ_v8_2014.shp,WPP_BFAR_merge.shp,KKP_IDN_merge_20161208.shp,VNF-VBD_npp_20120301-20151231_global_asia-enhanced_c201607211230.bitmask,NCEI_NGA.union.nga_lead2.add_2015ntl.mask,timezone.shp,VBD_platforms-recurring_2015_r20170330.shp,999999,VBD_bridges_c20160811.shp,9.202956;7.293124;4.987635;0.117751;-4.766567;-9.662423;-14.566307;-12.781590;-10.252750;-5.421471;-0.565886;4.309883,106.389061;120.204430;133.795395;132.636734;131.583801;130.626740;129.763702;115.696312;101.762085;103.094223;104.302101;105.397919,npp_d20151003_t1731466_e1737270_b20378,162.052,116.944,53.0492,99.1644,64.6783,67.4838
280,VBD_npp_d20151003_t1735258_x1093540E_y043471S_l1979_s0842_v23,2017-06-01 16:11:27,-4.347129,109.354012,10.0558,2015-10-03 17:35:25,2015-10-04 00:35:25,1979,842,0.392246,2,2465,0.457173,0.178395,0.905168,0.4,0.732728,0.75,0.0130855,0.0001,7.91795e-29,999999,-2.135872e-01,3,Indonesian Exclusive Economic Zone,WPP712,,SVDNB_npp_d20151003_t1731466_e1737270_b20378_c20151003233728467558_noaa_ops.h5,GDNBO_npp_d20151003_t1731466_e1737270_b20378_c20151003233728467298_noaa_ops.h5,SVI04_npp_d20151003_t1731466_e1737270_b20378_c20151003233728541959_noaa_ops.dspace_rad,VNFF_npp_d20151003_t1731466_e1737270_b20378_v21.csv,World_EEZ_v8_2014.shp,WPP_BFAR_merge.shp,KKP_IDN_merge_20161208.shp,VNF-VBD_npp_20120301-20151231_global_asia-enhanced_c201607211230.bitmask,NCEI_NGA.union.nga_lead2.add_2015ntl.mask,timezone.shp,VBD_platforms-recurring_2015_r20170330.shp,999999,VBD_bridges_c20160811.shp,9.202956;7.293124;4.987635;0.117751;-4.766567;-9.662423;-14.566307;-12.781590;-10.252750;-5.421471;-0.565886;4.309883,106.389061;120.204430;133.795395;132.636734;131.583801;130.626740;129.763702;115.696312;101.762085;103.094223;104.302101;105.397919,npp_d20151003_t1731466_e1737270_b20378,161.993,117.523,53.0538,99.2925,64.7844,67.4053
281,VBD_npp_d20151003_t1731594_x1120436E_y076623N_l0124_s0843_v23,2017-06-01 16:11:27,7.662274,112.043617,5.33604,2015-10-03 17:31:59,2015-10-04 00:31:59,124,843,0.287754,1,2529,0.328254,0.143091,0.719188,0.4,0.848155,0.75,0.0168454,0.0001,5.29861e-24,999999,-6.300409e-02,3,Vietnamese Exclusive Economic Zone,,,SVDNB_npp_d20151003_t1731466_e1737270_b20378_c20151003233728467558_noaa_ops.h5,GDNBO_npp_d20151003_t1731466_e1737270_b20378_c20151003233728467298_noaa_ops.h5,SVI04_npp_d20151003_t1731466_e1737270_b20378_c20151003233728541959_noaa_ops.dspace_rad,VNFF_npp_d20151003_t1731466_e1737270_b20378_v21.csv,World_EEZ_v8_2014.shp,WPP_BFAR_merge.shp,KKP_IDN_merge_20161208.shp,VNF-VBD_npp_20120301-20151231_global_asia-enhanced_c201607211230.bitmask,NCEI_NGA.union.nga_lead2.add_2015ntl.mask,timezone.shp,VBD_platforms-recurring_2015_r20170330.shp,999999,VBD_bridges_c20160811.shp,9.202956;7.293124;4.987635;0.117751;-4.766567;-9.662423;-14.566307;-12.781590;-10.252750;-5.421471;-0.565886;4.309883,106.389061;120.204430;133.795395;132.636734;131.583801;130.626740;129.763702;115.696312;101.762085;103.094223;104.302101;105.397919,npp_d20151003_t1731466_e1737270_b20378,161.947,79.4133,53.0015,97.5732,58.931,73.4051
282,VBD_npp_d20151003_t1735204_x1094387E_y040186S_l1928_s0843_v23,2017-06-01 16:11:27,-4.018585,109.438690,36.931,2015-10-03 17:35:20,2015-10-04 00:35:20,1928,843,0.391108,1,2529,0.933346,0.150797,0.899745,0.4,0.955613,0.75,0.0131467,0.0001,1.33471e-28,999999,4.634948e-02,3,Indonesian Exclusive Economic Zone,WPP712,,SVDNB_npp_d20151003_t1731466_e1737270_b20378_c20151003233728467558_noaa_ops.h5,GDNBO_npp_d20151003_t1731466_e1737270_b20378_c20151003233728467298_noaa_ops.h5,SVI04_npp_d20151003_t1731466_e1737270_b20378_c20151003233728541959_noaa_ops.dspace_rad,VNFF_npp_d20151003_t1731466_e1737270_b20378_v21.csv,World_EEZ_v8_2014.shp,WPP_BFAR_merge.shp,KKP_IDN_merge_20161208.shp,VNF-VBD_npp_20120301-20151231_global_asia-enhanced_c201607211230.bitmask,NCEI_NGA.union.nga_lead2.add_2015ntl.mask,timezone.shp,VBD_platforms-recurring_2015_r20170330.shp,999999,VBD_bridges_c20160811.shp,9.202956;7.293124;4.987635;0.117751;-4.766567;-9.662423;-14.566307;-12.781590;-10.252750;-5.421471;-0.565886;4.309883,106.389061;120.204430;133.795395;132.636734;131.583801;130.626740;129.763702;115.696312;101.762085;103.094223;104.302101;105.397919,npp_d20151003_t1731466_e1737270_b20378,162.087,116.528,53.0234,99.3846,64.599,67.538
283,VBD_npp_d20151003_t1735222_x1094169E_y041084S_l1942_s0843_v23,2017-06-01 16:11:27,-4.108426,109.416878,9.37617,2015-10-03 17:35:22,2015-10-04 00:35:22,1942,843,0.391463,1,2529,0.499708,0.156199,0.885497,0.4,0.91898,0.75,0.013131,0.0001,1.24829e-28,999999,-4.531352e-03,3,Indonesian Exclusive Economic Zone,WPP712,,SVDNB_npp_d20151003_t1731466_e1737270_b20378_c20151003233728467558_noaa_ops.h5,GDNBO_npp_d20151003_t1731466_e1737270_b20378_c20151003233728467298_noaa_ops.h5,SVI04_npp_d20151003_t1731466_e1737270_b20378_c20151003233728541959_noaa_ops.dspace_rad,VNFF_npp_d20151003_t1731466_e1737270_b20378_v21.csv,World_EEZ_v8_2014.shp,WPP_BFAR_merge.shp,KKP_IDN_merge_20161208.shp,VNF-VBD_npp_20120301-20151231_global_asia-enhanced_c201607211230.bitmask,NCEI_NGA.union.nga_lead2.add_2015ntl.mask,timezone.shp,VBD_platforms-recurring_2015_r20170330.shp,999999,VBD_bridges_c20160811.shp,9.202956;7.293124;4.987635;0.117751;-4.766567;-9.662423;-14.566307;-12.781590;-10.252750;-5.421471;-0.565886;4.309883,106.389061;120.204430;133.795395;132.636734;131.583801;130.626740;129.763702;115.696312;101.762085;103.094223;104.302101;105.397919,npp_d20151003_t1731466_e1737270_b20378,162.06,116.797,53.0211,99.4973,64.6472,67.5008
284,VBD_npp_d20151003_t1735187_x1094724E_y039028S_l1910_s0844_v23,2017-06-01 16:11:27,-3.902765,109.472427,25.8659,2015-10-03 17:35:18,2015-10-04 00:35:18,1910,844,0.396656,1,2529,0.706881,0.145802,0.833254,0.4,0.917502,0.75,0.0131709,0.0001,1.71333e-28,999999,9.339693e-02,3,Indonesian Exclusive Economic Zone,WPP712,,SVDNB_npp_d20151003_t1731466_e1737270_b20378_c20151003233728467558_noaa_ops.h5,GDNBO_npp_d20151003_t1731466_e1737270_b20378_c20151003233728467298_noaa_ops.h5,SVI04_npp_d20151003_t1731466_e1737270_b20378_c20151003233728541959_noaa_ops.dspace_rad,VNFF_npp_d20151003_t1731466_e1737270_b20378_v21.csv,World_EEZ_v8_2014.shp,WPP_BFAR_merge.shp,KKP_IDN_merge_20161208.shp,VNF-VBD_npp_20120301-20151231_global_asia-enhanced_c201607211230.bitmask,NCEI_NGA.union.nga_lead2.add_2015ntl.mask,timezone.shp,VBD_platforms-recurring_2015_r20170330.shp,999999,VBD_bridges_c20160811.shp,9.202956;7.293124;4.987635;0.117751;-4.766567;-9.662423;-14.566307;-12.781590;-10.252750;-5.421471;-0.565886;4.309883,106.389061;120.204430;133.795395;132.636734;131.583801;130.626740;129.763702;115.696312;101.762085;103.094223;104.302101;105.397919,npp_d20151003_t1731466_e1737270_b20378,162.115,116.168,52.9952,99.4652,64.5298,67.584
285,VBD_npp_d20151003_t1735204_x1094373E_y040665S_l1935_s0844_v23,2017-06-01 16:11:27,-4.066460,109.437263,47.4034,2015-10-03 17:35:20,2015-10-04 00:35:20,1935,844,0.387338,1,2529,1.00041,0.148576,0.897889,0.4,0.955688,0.75,0.0131427,0.0001,1.22698e-28,999999,6.726580e-02,3,Indonesian Exclusive Economic Zone,WPP712,,SVDNB_npp_d20151003_t1731466_e1737270_b20378_c20151003233728467558_noaa_ops.h5,GDNBO_npp_d20151003_t1731466_e1737270_b20378_c20151003233728467298_noaa_ops.h5,SVI04_npp_d20151003_t1731466_e1737270_b20378_c20151003233728541959_noaa_ops.dspace_rad,VNFF_npp_d20151003_t1731466_e1737270_b20378_v21.csv,World_EEZ_v8_2014.shp,WPP_BFAR_merge.shp,KKP_IDN_merge_20161208.shp,VNF-VBD_npp_20120301-20151231_global_asia-enhanced_c201607211230.bitmask,NCEI_NGA.union.nga_lead2.add_2015ntl.mask,timezone.shp,VBD_platforms-recurring_2015_r20170330.shp,999999,VBD_bridges_c20160811.shp,9.202956;7.293124;4.987635;0.117751;-4.766567;-9.662423;-14.566307;-12.781590;-10.252750;-5.421471;-0.565886;4.309883,106.389061;120.204430;133.795395;132.636734;131.583801;130.626740;129.763702;115.696312;101.762085;103.094223;104.302101;105.397919,npp_d20151003_t1731466_e1737270_b20378,162.067,116.662,52.9982,99.0505,64.6187,67.5165
286,VBD_npp_d20151003_t1735240_x1094179E_y042574S_l1964_s0848_v23,2017-06-01 16:11:27,-4.257427,109.417900,98.6512,2015-10-03 17:35:24,2015-10-04 00:35:24,1964,848,0.403413,1,2529,1.27442,0.103581,0.916886,0.4,0.972246,0.75,0.0131256,0.0001,1.42969e-28,999999,4.910660e-01,3,Indonesian Exclusive Economic Zone,WPP712,,SVDNB_npp_d20151003_t1731466_e1737270_b20378_c20151003233728467558_noaa_ops.h5,GDNBO_npp_d20151003_t1731466_e1737270_b20378_c20151003233728467298_noaa_ops.h5,SVI04_npp_d20151003_t1731466_e1737270_b20378_c20151003233728541959_noaa_ops.dspace_rad,VNFF_npp_d20151003_t1731466_e1737270_b20378_v21.csv,World_EEZ_v8_2014.shp,WPP_BFAR_merge.shp,KKP_IDN_merge_20161208.shp,VNF-VBD_npp_20120301-20151231_global_asia-enhanced_c201607211230.bitmask,NCEI_NGA.union.nga_lead2.add_2015ntl.mask,timezone.shp,VBD_platforms-recurring_2015_r20170330.shp,999999,VBD_bridges_c20160811.shp,9.202956;7.293124;4.987635;0.117751;-4.766567;-9.662423;-14.566307;-12.781590;-10.252750;-5.421471;-0.565886;4.309883,106.389061;120.204430;133.795395;132.636734;131.583801;130.626740;129.763702;115.696312;101.762085;103.094223;104.302101;105.397919,npp_d20151003_t1731466_e1737270_b20378,161.985,117.194,52.8889,99.2235,64.6971,67.431
287,VBD_npp_d20151003_t1735258_x1094022E_y043414S_l1977_s0849_v23,2017-06-01 16:11:27,-4.341437,109.402184,54.2546,2015-10-03 17:35:25,2015-10-04 00:35:25,1977,849,0.399714,1,2529,1.08283,0.125064,0.918077,0.4,0.969512,0.75,0.0131148,0.0001,1.45556e-28,999999,2.887243e-01,3,Indonesian Exclusive Economic Zone,WPP712,,SVDNB_npp_d20151003_t1731466_e1737270_b20378_c20151003233728467558_noaa_ops.h5,GDNBO_npp_d20151003_t1731466_e1737270_b20378_c20151003233728467298_noaa_ops.h5,SVI04_npp_d20151003_t1731466_e1737270_b20378_c20151003233728541959_noaa_ops.dspace_rad,VNFF_npp_d20151003_t1731466_e1737270_b20378_v21.csv,World_EEZ_v8_2014.shp,WPP_BFAR_merge.shp,KKP_IDN_merge_20161208.shp,VNF-VBD_npp_20120301-20151231_global_asia-enhanced_c201607211230.bitmask,NCEI_NGA.union.nga_lead2.add_2015ntl.mask,timezone.shp,VBD_platforms-recurring_2015_r20170330.shp,999999,VBD_bridges_c20160811.shp,9.202956;7.293124;4.987635;0.117751;-4.766567;-9.662423;-14.566307;-12.781590;-10.252750;-5.421471;-0.565886;4.309883,106.389061;120.204430;133.795395;132.636734;131.583801;130.626740;129.763702;115.696312;101.762085;103.094223;104.302101;105.397919,npp_d20151003_t1731466_e1737270_b20378,161.953,117.435,52.8657,99.384,64.7376,67.3952
288,VBD_npp_d20151003_t1735311_x1093346E_y046186S_l2020_s0849_v23,2017-06-01 16:11:27,-4.618560,109.334579,23.9795,2015-10-03 17:35:31,2015-10-04 00:35:31,2020,849,0.394451,1,2529,0.811914,0.147694,0.900903,0.4,0.946099,0.75,0.0130102,0.0001,1.14989e-28,999999,7.558018e-02,3,Indonesian Exclusive Economic Zone,WPP712,,SVDNB_npp_d20151003_t1731466_e1737270_b20378_c20151003233728467558_noaa_ops.h5,GDNBO_npp_d20151003_t1731466_e1737270_b20378_c20151003233728467298_noaa_ops.h5,SVI04_npp_d20151003_t1731466_e1737270_b20378_c20151003233728541959_noaa_ops.dspace_rad,VNFF_npp_d20151003_t1731466_e1737270_b20378_v21.csv,World_EEZ_v8_2014.shp,WPP_BFAR_merge.shp,KKP_IDN_merge_20161208.shp,VNF-VBD_npp_20120301-20151231_global_asia-enhanced_c201607211230.bitmask,NCEI_NGA.union.nga_lead2.add_2015ntl.mask,timezone.shp,VBD_platforms-recurring_2015_r20170330.shp,999999,VBD_bridges_c20160811.shp,9.202956;7.293124;4.987635;0.117751;-4.766567;-9.662423;-14.566307;-12.781590;-10.252750;-5.421471;-0.565886;4.309883,106.389061;120.204430;133.795395;132.636734;131.583801;130.626740;129.763702;115.696312;101.762085;103.094223;104.302101;105.397919,npp_d20151003_t1731466_e1737270_b20378,161.864,118.254,52.8612,99.6685,64.8879,67.2824
289,VBD_npp_d20151003_t1735311_x1093277E_y046586S_l2026_s0849_v23,2017-06-01 16:11:27,-4.658559,109.327705,13.9485,2015-10-03 17:35:31,2015-10-04 00:35:31,2026,849,0.396016,8,18913,0.633817,0.139745,0.903891,0.4,0.934064,0.75,0.0129943,0.0001,9.98142e-29,999999,1.504502e-01,3,Indonesian Exclusive Economic Zone,WPP712,,SVDNB_npp_d20151003_t1731466_e1737270_b20378_c20151003233728467558_noaa_ops.h5,GDNBO_npp_d20151003_t1731466_e1737270_b20378_c20151003233728467298_noaa_ops.h5,SVI04_npp_d20151003_t1731466_e1737270_b20378_c20151003233728541959_noaa_ops.dspace_rad,VNFF_npp_d20151003_t1731466_e1737270_b20378_v21.csv,World_EEZ_v8_2014.shp,WPP_BFAR_merge.shp,KKP_IDN_merge_20161208.shp,VNF-VBD_npp_20120301-20151231_global_asia-enhanced_c201607211230.bitmask,NCEI_NGA.union.nga_lead2.add_2015ntl.mask,timezone.shp,VBD_platforms-recurring_2015_r20170330.shp,0.163898,VBD_bridges_c20160811.shp,9.202956;7.293124;4.987635;0.117751;-4.766567;-9.662423;-14.566307;-12.781590;-10.252750;-5.421471;-0.565886;4.309883,106.389061;120.204430;133.795395;132.636734;131.583801;130.626740;129.763702;115.696312;101.762085;103.094223;104.302101;105.397919,npp_d20151003_t1731466_e1737270_b20378,161.851,118.371,52.862,99.3821,64.9098,67.2663
290,VBD_npp_d20151003_t1735204_x1094800E_y040529S_l1932_s0850_v23,2017-06-01 16:11:27,-4.052898,109.479958,16.7469,2015-10-03 17:35:20,2015-10-04 00:35:20,1932,850,0.394166,8,18849,0.574494,0.138007,0.893703,0.4,0.723579,0.75,0.0131694,0.0001,2.12119e-28,999999,1.668144e-01,3,Indonesian Exclusive Economic Zone,WPP712,,SVDNB_npp_d20151003_t1731466_e1737270_b20378_c20151003233728467558_noaa_ops.h5,GDNBO_npp_d20151003_t1731466_e1737270_b20378_c20151003233728467298_noaa_ops.h5,SVI04_npp_d20151003_t1731466_e1737270_b20378_c20151003233728541959_noaa_ops.dspace_rad,VNFF_npp_d20151003_t1731466_e1737270_b20378_v21.csv,World_EEZ_v8_2014.shp,WPP_BFAR_merge.shp,KKP_IDN_merge_20161208.shp,VNF-VBD_npp_20120301-20151231_global_asia-enhanced_c201607211230.bitmask,NCEI_NGA.union.nga_lead2.add_2015ntl.mask,timezone.shp,VBD_platforms-recurring_2015_r20170330.shp,0.567683,VBD_bridges_c20160811.shp,9.202956;7.293124;4.987635;0.117751;-4.766567;-9.662423;-14.566307;-12.781590;-10.252750;-5.421471;-0.565886;4.309883,106.389061;120.204430;133.795395;132.636734;131.583801;130.626740;129.763702;115.696312;101.762085;103.094223;104.302101;105.397919,npp_d20151003_t1731466_e1737270_b20378,162.035,116.563,52.8365,99.1902,64.5739,67.5116
291,VBD_npp_d20151003_t1735222_x1094615E_y041228S_l1943_s0850_v23,2017-06-01 16:11:27,-4.122803,109.461540,63.0789,2015-10-03 17:35:22,2015-10-04 00:35:22,1943,850,0.369413,1,2529,1.09789,0.150222,0.896949,0.4,0.964008,0.75,0.013157,0.0001,2.12851e-28,999999,5.176306e-02,3,Indonesian Exclusive Economic Zone,WPP712,,SVDNB_npp_d20151003_t1731466_e1737270_b20378_c20151003233728467558_noaa_ops.h5,GDNBO_npp_d20151003_t1731466_e1737270_b20378_c20151003233728467298_noaa_ops.h5,SVI04_npp_d20151003_t1731466_e1737270_b20378_c20151003233728541959_noaa_ops.dspace_rad,VNFF_npp_d20151003_t1731466_e1737270_b20378_v21.csv,World_EEZ_v8_2014.shp,WPP_BFAR_merge.shp,KKP_IDN_merge_20161208.shp,VNF-VBD_npp_20120301-20151231_global_asia-enhanced_c201607211230.bitmask,NCEI_NGA.union.nga_lead2.add_2015ntl.mask,timezone.shp,VBD_platforms-recurring_2015_r20170330.shp,999999,VBD_bridges_c20160811.shp,9.202956;7.293124;4.987635;0.117751;-4.766567;-9.662423;-14.566307;-12.781590;-10.252750;-5.421471;-0.565886;4.309883,106.389061;120.204430;133.795395;132.636734;131.583801;130.626740;129.763702;115.696312;101.762085;103.094223;104.302101;105.397919,npp_d20151003_t1731466_e1737270_b20378,162.013,116.771,52.8336,99.4464,64.6113,67.4827
292,VBD_npp_d20151003_t1735240_x1094435E_y041863S_l1953_s0850_v23,2017-06-01 16:11:27,-4.186288,109.443481,24.2797,2015-10-03 17:35:24,2015-10-04 00:35:24,1953,850,0.323675,8,18913,0.759713,0.152362,0.879245,0.4,0.925048,0.75,0.0131457,0.0001,2.16235e-28,999999,3.160663e-02,3,Indonesian Exclusive Economic Zone,WPP712,,SVDNB_npp_d20151003_t1731466_e1737270_b20378_c20151003233728467558_noaa_ops.h5,GDNBO_npp_d20151003_t1731466_e1737270_b20378_c20151003233728467298_noaa_ops.h5,SVI04_npp_d20151003_t1731466_e1737270_b20378_c20151003233728541959_noaa_ops.dspace_rad,VNFF_npp_d20151003_t1731466_e1737270_b20378_v21.csv,World_EEZ_v8_2014.shp,WPP_BFAR_merge.shp,KKP_IDN_merge_20161208.shp,VNF-VBD_npp_20120301-20151231_global_asia-enhanced_c201607211230.bitmask,NCEI_NGA.union.nga_lead2.add_2015ntl.mask,timezone.shp,VBD_platforms-recurring_2015_r20170330.shp,0.242231,VBD_bridges_c20160811.shp,9.202956;7.293124;4.987635;0.117751;-4.766567;-9.662423;-14.566307;-12.781590;-10.252750;-5.421471;-0.565886;4.309883,106.389061;120.204430;133.795395;132.636734;131.583801;130.626740;129.763702;115.696312;101.762085;103.094223;104.302101;105.397919,npp_d20151003_t1731466_e1737270_b20378,161.994,116.961,52.8342,99.7478,64.6459,67.4566
293,VBD_npp_d20151003_t1735240_x1094264E_y042862S_l1968_s0850_v23,2017-06-01 16:11:27,-4.286245,109.426384,14.8378,2015-10-03 17:35:24,2015-10-04 00:35:24,1968,850,0.392246,1,2529,0.564822,0.152887,0.917261,0.4,0.887499,0.75,0.0131288,0.0001,1.52532e-28,999999,2.666270e-02,3,Indonesian Exclusive Economic Zone,WPP712,,SVDNB_npp_d20151003_t1731466_e1737270_b20378_c20151003233728467558_noaa_ops.h5,GDNBO_npp_d20151003_t1731466_e1737270_b20378_c20151003233728467298_noaa_ops.h5,SVI04_npp_d20151003_t1731466_e1737270_b20378_c20151003233728541959_noaa_ops.dspace_rad,VNFF_npp_d20151003_t1731466_e1737270_b20378_v21.csv,World_EEZ_v8_2014.shp,WPP_BFAR_merge.shp,KKP_IDN_merge_20161208.shp,VNF-VBD_npp_20120301-20151231_global_asia-enhanced_c201607211230.bitmask,NCEI_NGA.union.nga_lead2.add_2015ntl.mask,timezone.shp,VBD_platforms-recurring_2015_r20170330.shp,999999,VBD_bridges_c20160811.shp,9.202956;7.293124;4.987635;0.117751;-4.766567;-9.662423;-14.566307;-12.781590;-10.252750;-5.421471;-0.565886;4.309883,106.389061;120.204430;133.795395;132.636734;131.583801;130.626740;129.763702;115.696312;101.762085;103.094223;104.302101;105.397919,npp_d20151003_t1731466_e1737270_b20378,161.964,117.26,52.8366,99.0314,64.7004,67.4157
294,VBD_npp_d20151003_t1735258_x1094133E_y043159S_l1973_s0850_v23,2017-06-01 16:11:27,-4.315872,109.413261,23.8806,2015-10-03 17:35:25,2015-10-04 00:35:25,1973,850,0.39438,1,2529,0.75669,0.153655,0.916029,0.4,0.834105,0.75,0.0131232,0.0001,1.72982e-28,999999,1.942629e-02,3,Indonesian Exclusive Economic Zone,WPP712,,SVDNB_npp_d20151003_t1731466_e1737270_b20378_c20151003233728467558_noaa_ops.h5,GDNBO_npp_d20151003_t1731466_e1737270_b20378_c20151003233728467298_noaa_ops.h5,SVI04_npp_d20151003_t1731466_e1737270_b20378_c20151003233728541959_noaa_ops.dspace_rad,VNFF_npp_d20151003_t1731466_e1737270_b20378_v21.csv,World_EEZ_v8_2014.shp,WPP_BFAR_merge.shp,KKP_IDN_merge_20161208.shp,VNF-VBD_npp_20120301-20151231_global_asia-enhanced_c201607211230.bitmask,NCEI_NGA.union.nga_lead2.add_2015ntl.mask,timezone.shp,VBD_platforms-recurring_2015_r20170330.shp,999999,VBD_bridges_c20160811.shp,9.202956;7.293124;4.987635;0.117751;-4.766567;-9.662423;-14.566307;-12.781590;-10.252750;-5.421471;-0.565886;4.309883,106.389061;120.204430;133.795395;132.636734;131.583801;130.626740;129.763702;115.696312;101.762085;103.094223;104.302101;105.397919,npp_d20151003_t1731466_e1737270_b20378,161.955,117.349,52.8384,99.5745,64.7174,67.4038
295,VBD_npp_d20151003_t1735258_x1094030E_y043758S_l1982_s0850_v23,2017-06-01 16:11:27,-4.375849,109.402985,25.0667,2015-10-03 17:35:25,2015-10-04 00:35:25,1982,850,0.3963,1,2529,0.732591,0.134854,0.909062,0.4,0.915977,0.75,0.0131131,0.0001,1.40113e-28,999999,1.965094e-01,3,Indonesian Exclusive Economic Zone,WPP712,,SVDNB_npp_d20151003_t1731466_e1737270_b20378_c20151003233728467558_noaa_ops.h5,GDNBO_npp_d20151003_t1731466_e1737270_b20378_c20151003233728467298_noaa_ops.h5,SVI04_npp_d20151003_t1731466_e1737270_b20378_c20151003233728541959_noaa_ops.dspace_rad,VNFF_npp_d20151003_t1731466_e1737270_b20378_v21.csv,World_EEZ_v8_2014.shp,WPP_BFAR_merge.shp,KKP_IDN_merge_20161208.shp,VNF-VBD_npp_20120301-20151231_global_asia-enhanced_c201607211230.bitmask,NCEI_NGA.union.nga_lead2.add_2015ntl.mask,timezone.shp,VBD_platforms-recurring_2015_r20170330.shp,999999,VBD_bridges_c20160811.shp,9.202956;7.293124;4.987635;0.117751;-4.766567;-9.662423;-14.566307;-12.781590;-10.252750;-5.421471;-0.565886;4.309883,106.389061;120.204430;133.795395;132.636734;131.583801;130.626740;129.763702;115.696312;101.762085;103.094223;104.302101;105.397919,npp_d20151003_t1731466_e1737270_b20378,161.937,117.528,52.8401,99.1447,64.7501,67.3794
297,VBD_npp_d20151003_t1735169_x1095420E_y038072S_l1894_s0851_v23,2017-06-01 16:11:27,-3.807236,109.542023,10.3212,2015-10-03 17:35:16,2015-10-04 00:35:16,1894,851,0.392957,8,18913,0.555142,0.145696,0.84413,0.4,0.941747,0.75,0.0132161,0.0001,3.32046e-28,999999,7.247194e-02,3,Indonesian Exclusive Economic Zone,WPP712,,SVDNB_npp_d20151003_t1731466_e1737270_b20378_c20151003233728467558_noaa_ops.h5,GDNBO_npp_d20151003_t1731466_e1737270_b20378_c20151003233728467298_noaa_ops.h5,SVI04_npp_d20151003_t1731466_e1737270_b20378_c20151003233728541959_noaa_ops.dspace_rad,VNFF_npp_d20151003_t1731466_e1737270_b20378_v21.csv,World_EEZ_v8_2014.shp,WPP_BFAR_merge.shp,KKP_IDN_merge_20161208.shp,VNF-VBD_npp_20120301-20151231_global_asia-enhanced_c201607211230.bitmask,NCEI_NGA.union.nga_lead2.add_2015ntl.mask,timezone.shp,VBD_platforms-recurring_2015_r20170330.shp,0.128273,VBD_bridges_c20160811.shp,9.202956;7.293124;4.987635;0.117751;-4.766567;-9.662423;-14.566307;-12.781590;-10.252750;-5.421471;-0.565886;4.309883,106.389061;120.204430;133.795395;132.636734;131.583801;130.626740;129.763702;115.696312;101.762085;103.094223;104.302101;105.397919,npp_d20151003_t1731466_e1737270_b20378,162.101,115.814,52.8103,99.4445,64.4351,67.6119
298,VBD_npp_d20151003_t1735258_x1094243E_y042903S_l1969_s0851_v23,2017-06-01 16:11:27,-4.290331,109.424339,69.3811,2015-10-03 17:35:25,2015-10-04 00:35:25,1969,851,0.393526,1,2529,1.1651,0.158114,0.914445,0.4,0.970471,0.75,0.0131316,0.0001,2.05298e-28,999999,-2.256572e-02,3,Indonesian Exclusive Economic Zone,WPP712,,SVDNB_npp_d20151003_t1731466_e1737270_b20378_c20151003233728467558_noaa_ops.h5,GDNBO_npp_d20151003_t1731466_e1737270_b20378_c20151003233728467298_noaa_ops.h5,SVI04_npp_d20151003_t1731466_e1737270_b20378_c20151003233728541959_noaa_ops.dspace_rad,VNFF_npp_d20151003_t1731466_e1737270_b20378_v21.csv,World_EEZ_v8_2014.shp,WPP_BFAR_merge.shp,KKP_IDN_merge_20161208.shp,VNF-VBD_npp_20120301-20151231_global_asia-enhanced_c201607211230.bitmask,NCEI_NGA.union.nga_lead2.add_2015ntl.mask,timezone.shp,VBD_platforms-recurring_2015_r20170330.shp,999999,VBD_bridges_c20160811.shp,9.202956;7.293124;4.987635;0.117751;-4.766567;-9.662423;-14.566307;-12.781590;-10.252750;-5.421471;-0.565886;4.309883,106.389061;120.204430;133.795395;132.636734;131.583801;130.626740;129.763702;115.696312;101.762085;103.094223;104.302101;105.397919,npp_d20151003_t1731466_e1737270_b20378,161.957,117.263,52.8116,99.7651,64.6973,67.4125
299,VBD_npp_d20151003_t1735311_x1093350E_y046940S_l2031_s0851_v23,2017-06-01 16:11:27,-4.694046,109.334991,12.5077,2015-10-03 17:35:31,2015-10-04 00:35:31,2031,851,0.39253,1,2529,0.618631,0.164793,0.86546,0.4,0.949068,0.75,0.0129889,0.0001,1.03978e-28,999999,-8.547192e-02,3,Indonesian Exclusive Economic Zone,WPP712,,SVDNB_npp_d20151003_t1731466_e1737270_b20378_c20151003233728467558_noaa_ops.h5,GDNBO_npp_d20151003_t1731466_e1737270_b20378_c20151003233728467298_noaa_ops.h5,SVI04_npp_d20151003_t1731466_e1737270_b20378_c20151003233728541959_noaa_ops.dspace_rad,VNFF_npp_d20151003_t1731466_e1737270_b20378_v21.csv,World_EEZ_v8_2014.shp,WPP_BFAR_merge.shp,KKP_IDN_merge_20161208.shp,VNF-VBD_npp_20120301-20151231_global_asia-enhanced_c201607211230.bitmask,NCEI_NGA.union.nga_lead2.add_2015ntl.mask,timezone.shp,VBD_platforms-recurring_2015_r20170330.shp,999999,VBD_bridges_c20160811.shp,9.202956;7.293124;4.987635;0.117751;-4.766567;-9.662423;-14.566307;-12.781590;-10.252750;-5.421471;-0.565886;4.309883,106.389061;120.204430;133.795395;132.636734;131.583801;130.626740;129.763702;115.696312;101.762085;103.094223;104.302101;105.397919,npp_d20151003_t1731466_e1737270_b20378,161.828,118.455,52.8097,99.1421,64.9169,67.2484
300,VBD_npp_d20151003_t1735240_x1094463E_y042484S_l1962_s0852_v23,2017-06-01 16:11:27,-4.248438,109.446289,26.1496,2015-10-03 17:35:24,2015-10-04 00:35:24,1962,852,0.389827,8,18913,0.811605,0.148708,0.898176,0.4,0.933969,0.75,0.0131433,0.0001,2.05789e-28,999999,6.602900e-02,3,Indonesian Exclusive Economic Zone,WPP712,,SVDNB_npp_d20151003_t1731466_e1737270_b20378_c20151003233728467558_noaa_ops.h5,GDNBO_npp_d20151003_t1731466_e1737270_b20378_c20151003233728467298_noaa_ops.h5,SVI04_npp_d20151003_t1731466_e1737270_b20378_c20151003233728541959_noaa_ops.dspace_rad,VNFF_npp_d20151003_t1731466_e1737270_b20378_v21.csv,World_EEZ_v8_2014.shp,WPP_BFAR_merge.shp,KKP_IDN_merge_20161208.shp,VNF-VBD_npp_20120301-20151231_global_asia-enhanced_c201607211230.bitmask,NCEI_NGA.union.nga_lead2.add_2015ntl.mask,timezone.shp,VBD_platforms-recurring_2015_r20170330.shp,0.29399,VBD_bridges_c20160811.shp,9.202956;7.293124;4.987635;0.117751;-4.766567;-9.662423;-14.566307;-12.781590;-10.252750;-5.421471;-0.565886;4.309883,106.389061;120.204430;133.795395;132.636734;131.583801;130.626740;129.763702;115.696312;101.762085;103.094223;104.302101;105.397919,npp_d20151003_t1731466_e1737270_b20378,161.963,117.127,52.7813,99.3169,64.6673,67.4276
301,VBD_npp_d20151003_t1735151_x1095919E_y036806S_l1874_s0854_v23,2017-06-01 16:11:27,-3.680579,109.591942,26.8482,2015-10-03 17:35:15,2015-10-04 00:35:15,1874,854,0.392957,1,2529,0.831152,0.138811,0.863185,0.4,0.952462,0.75,0.0132642,0.0001,5.24624e-28,999999,1.383525e-01,3,Indonesian Exclusive Economic Zone,WPP712,,SVDNB_npp_d20151003_t1731466_e1737270_b20378_c20151003233728467558_noaa_ops.h5,GDNBO_npp_d20151003_t1731466_e1737270_b20378_c20151003233728467298_noaa_ops.h5,SVI04_npp_d20151003_t1731466_e1737270_b20378_c20151003233728541959_noaa_ops.dspace_rad,VNFF_npp_d20151003_t1731466_e1737270_b20378_v21.csv,World_EEZ_v8_2014.shp,WPP_BFAR_merge.shp,KKP_IDN_merge_20161208.shp,VNF-VBD_npp_20120301-20151231_global_asia-enhanced_c201607211230.bitmask,NCEI_NGA.union.nga_lead2.add_2015ntl.mask,timezone.shp,VBD_platforms-recurring_2015_r20170330.shp,999999,VBD_bridges_c20160811.shp,9.202956;7.293124;4.987635;0.117751;-4.766567;-9.662423;-14.566307;-12.781590;-10.252750;-5.421471;-0.565886;4.309883,106.389061;120.204430;133.795395;132.636734;131.583801;130.626740;129.763702;115.696312;101.762085;103.094223;104.302101;105.397919,npp_d20151003_t1731466_e1737270_b20378,162.118,115.401,52.7241,99.62,64.3468,67.6593
302,VBD_npp_d20151003_t1735204_x1095026E_y040772S_l1935_s0854_v23,2017-06-01 16:11:27,-4.077153,109.502579,34.8277,2015-10-03 17:35:20,2015-10-04 00:35:20,1935,854,0.395802,8,18913,0.858346,0.13086,0.903209,0.4,0.92891,0.75,0.0131815,0.0001,2.71013e-28,999999,2.341317e-01,3,Indonesian Exclusive Economic Zone,WPP712,,SVDNB_npp_d20151003_t1731466_e1737270_b20378_c20151003233728467558_noaa_ops.h5,GDNBO_npp_d20151003_t1731466_e1737270_b20378_c20151003233728467298_noaa_ops.h5,SVI04_npp_d20151003_t1731466_e1737270_b20378_c20151003233728541959_noaa_ops.dspace_rad,VNFF_npp_d20151003_t1731466_e1737270_b20378_v21.csv,World_EEZ_v8_2014.shp,WPP_BFAR_merge.shp,KKP_IDN_merge_20161208.shp,VNF-VBD_npp_20120301-20151231_global_asia-enhanced_c201607211230.bitmask,NCEI_NGA.union.nga_lead2.add_2015ntl.mask,timezone.shp,VBD_platforms-recurring_2015_r20170330.shp,0.297156,VBD_bridges_c20160811.shp,9.202956;7.293124;4.987635;0.117751;-4.766567;-9.662423;-14.566307;-12.781590;-10.252750;-5.421471;-0.565886;4.309883,106.389061;120.204430;133.795395;132.636734;131.583801;130.626740;129.763702;115.696312;101.762085;103.094223;104.302101;105.397919,npp_d20151003_t1731466_e1737270_b20378,162.004,116.597,52.7303,99.0445,64.5622,67.4947
303,VBD_npp_d20151003_t1735098_x1096734E_y033924S_l1829_s0856_v23,2017-06-01 16:11:27,-3.392433,109.673378,18.7015,2015-10-03 17:35:09,2015-10-04 00:35:09,1829,856,0.38499,1,2529,0.558355,0.14446,0.697723,0.4,0.840331,0.75,0.0133866,0.0001,7.93967e-28,999999,8.430003e-02,3,Indonesian Exclusive Economic Zone,WPP712,,SVDNB_npp_d20151003_t1731466_e1737270_b20378_c20151003233728467558_noaa_ops.h5,GDNBO_npp_d20151003_t1731466_e1737270_b20378_c20151003233728467298_noaa_ops.h5,SVI04_npp_d20151003_t1731466_e1737270_b20378_c20151003233728541959_noaa_ops.dspace_rad,VNFF_npp_d20151003_t1731466_e1737270_b20378_v21.csv,World_EEZ_v8_2014.shp,WPP_BFAR_merge.shp,KKP_IDN_merge_20161208.shp,VNF-VBD_npp_20120301-20151231_global_asia-enhanced_c201607211230.bitmask,NCEI_NGA.union.nga_lead2.add_2015ntl.mask,timezone.shp,VBD_platforms-recurring_2015_r20170330.shp,999999,VBD_bridges_c20160811.shp,9.202956;7.293124;4.987635;0.117751;-4.766567;-9.662423;-14.566307;-12.781590;-10.252750;-5.421471;-0.565886;4.309883,106.389061;120.204430;133.795395;132.636734;131.583801;130.626740;129.763702;115.696312;101.762085;103.094223;104.302101;105.397919,npp_d20151003_t1731466_e1737270_b20378,162.186,114.508,52.6768,99.4277,64.1809,67.7777
304,VBD_npp_d20151003_t1731594_x1121417E_y076903N_l0118_s0857_v23,2017-06-01 16:11:27,7.690304,112.141670,11.5028,2015-10-03 17:31:59,2015-10-04 00:31:59,118,857,0.350563,1,2529,0.58274,0.144827,0.837952,0.4,0.928451,0.75,0.0169148,0.0001,1.39815e-23,999999,-8.155810e-02,3,Vietnamese Exclusive Economic Zone,,,SVDNB_npp_d20151003_t1731466_e1737270_b20378_c20151003233728467558_noaa_ops.h5,GDNBO_npp_d20151003_t1731466_e1737270_b20378_c20151003233728467298_noaa_ops.h5,SVI04_npp_d20151003_t1731466_e1737270_b20378_c20151003233728541959_noaa_ops.dspace_rad,VNFF_npp_d20151003_t1731466_e1737270_b20378_v21.csv,World_EEZ_v8_2014.shp,WPP_BFAR_merge.shp,KKP_IDN_merge_20161208.shp,VNF-VBD_npp_20120301-20151231_global_asia-enhanced_c201607211230.bitmask,NCEI_NGA.union.nga_lead2.add_2015ntl.mask,timezone.shp,VBD_platforms-recurring_2015_r20170330.shp,999999,VBD_bridges_c20160811.shp,9.202956;7.293124;4.987635;0.117751;-4.766567;-9.662423;-14.566307;-12.781590;-10.252750;-5.421471;-0.565886;4.309883,106.389061;120.204430;133.795395;132.636734;131.583801;130.626740;129.763702;115.696312;101.762085;103.094223;104.302101;105.397919,npp_d20151003_t1731466_e1737270_b20378,161.846,79.3967,52.6247,97.8772,58.829,73.4176
305,VBD_npp_d20151003_t1735258_x1094533E_y043572S_l1978_s0857_v23,2017-06-01 16:11:27,-4.357185,109.453262,59.9771,2015-10-03 17:35:25,2015-10-04 00:35:25,1978,857,0.393953,1,2529,1.1098,0.161046,0.907778,0.4,0.966546,0.75,0.0131447,0.0001,2.6803e-28,999999,-5.018107e-02,3,Indonesian Exclusive Economic Zone,WPP712,,SVDNB_npp_d20151003_t1731466_e1737270_b20378_c20151003233728467558_noaa_ops.h5,GDNBO_npp_d20151003_t1731466_e1737270_b20378_c20151003233728467298_noaa_ops.h5,SVI04_npp_d20151003_t1731466_e1737270_b20378_c20151003233728541959_noaa_ops.dspace_rad,VNFF_npp_d20151003_t1731466_e1737270_b20378_v21.csv,World_EEZ_v8_2014.shp,WPP_BFAR_merge.shp,KKP_IDN_merge_20161208.shp,VNF-VBD_npp_20120301-20151231_global_asia-enhanced_c201607211230.bitmask,NCEI_NGA.union.nga_lead2.add_2015ntl.mask,timezone.shp,VBD_platforms-recurring_2015_r20170330.shp,999999,VBD_bridges_c20160811.shp,9.202956;7.293124;4.987635;0.117751;-4.766567;-9.662423;-14.566307;-12.781590;-10.252750;-5.421471;-0.565886;4.309883,106.389061;120.204430;133.795395;132.636734;131.583801;130.626740;129.763702;115.696312;101.762085;103.094223;104.302101;105.397919,npp_d20151003_t1731466_e1737270_b20378,161.901,117.402,52.6507,99.3293,64.6963,67.3746
306,VBD_npp_d20151003_t1735222_x1095190E_y041038S_l1939_s0858_v23,2017-06-01 16:11:27,-4.103794,109.518951,73.4652,2015-10-03 17:35:22,2015-10-04 00:35:22,1939,858,0.394166,1,2529,1.15869,0.149794,0.898065,0.4,0.968494,0.75,0.0131925,0.0001,4.42248e-28,999999,3.326023e-02,3,Indonesian Exclusive Economic Zone,WPP712,,SVDNB_npp_d20151003_t1731466_e1737270_b20378_c20151003233728467558_noaa_ops.h5,GDNBO_npp_d20151003_t1731466_e1737270_b20378_c20151003233728467298_noaa_ops.h5,SVI04_npp_d20151003_t1731466_e1737270_b20378_c20151003233728541959_noaa_ops.dspace_rad,VNFF_npp_d20151003_t1731466_e1737270_b20378_v21.csv,World_EEZ_v8_2014.shp,WPP_BFAR_merge.shp,KKP_IDN_merge_20161208.shp,VNF-VBD_npp_20120301-20151231_global_asia-enhanced_c201607211230.bitmask,NCEI_NGA.union.nga_lead2.add_2015ntl.mask,timezone.shp,VBD_platforms-recurring_2015_r20170330.shp,999999,VBD_bridges_c20160811.shp,9.202956;7.293124;4.987635;0.117751;-4.766567;-9.662423;-14.566307;-12.781590;-10.252750;-5.421471;-0.565886;4.309883,106.389061;120.204430;133.795395;132.636734;131.583801;130.626740;129.763702;115.696312;101.762085;103.094223;104.302101;105.397919,npp_d20151003_t1731466_e1737270_b20378,161.971,116.636,52.6162,99.6436,64.5507,67.4764
307,VBD_npp_d20151003_t1735311_x1094091E_y046231S_l2019_s0860_v23,2017-06-01 16:11:27,-4.623114,109.409065,25.237,2015-10-03 17:35:31,2015-10-04 00:35:31,2019,860,0.394949,1,2529,0.762736,0.153762,0.913303,0.4,0.920867,0.75,0.0130554,0.0001,2.88319e-28,999999,1.841889e-02,3,Indonesian Exclusive Economic Zone,WPP712,,SVDNB_npp_d20151003_t1731466_e1737270_b20378_c20151003233728467558_noaa_ops.h5,GDNBO_npp_d20151003_t1731466_e1737270_b20378_c20151003233728467298_noaa_ops.h5,SVI04_npp_d20151003_t1731466_e1737270_b20378_c20151003233728541959_noaa_ops.dspace_rad,VNFF_npp_d20151003_t1731466_e1737270_b20378_v21.csv,World_EEZ_v8_2014.shp,WPP_BFAR_merge.shp,KKP_IDN_merge_20161208.shp,VNF-VBD_npp_20120301-20151231_global_asia-enhanced_c201607211230.bitmask,NCEI_NGA.union.nga_lead2.add_2015ntl.mask,timezone.shp,VBD_platforms-recurring_2015_r20170330.shp,999999,VBD_bridges_c20160811.shp,9.202956;7.293124;4.987635;0.117751;-4.766567;-9.662423;-14.566307;-12.781590;-10.252750;-5.421471;-0.565886;4.309883,106.389061;120.204430;133.795395;132.636734;131.583801;130.626740;129.763702;115.696312;101.762085;103.094223;104.302101;105.397919,npp_d20151003_t1731466_e1737270_b20378,161.796,118.153,52.5597,99.7205,64.8207,67.2604
308,VBD_npp_d20151003_t1735311_x1094067E_y046368S_l2021_s0860_v23,2017-06-01 16:11:27,-4.636848,109.406708,52.8229,2015-10-03 17:35:31,2015-10-04 00:35:31,2021,860,0.394522,1,2529,1.06402,0.155467,0.913303,0.4,0.968939,0.75,0.0130501,0.0001,2.74873e-28,999999,2.362027e-03,3,Indonesian Exclusive Economic Zone,WPP712,,SVDNB_npp_d20151003_t1731466_e1737270_b20378_c20151003233728467558_noaa_ops.h5,GDNBO_npp_d20151003_t1731466_e1737270_b20378_c20151003233728467298_noaa_ops.h5,SVI04_npp_d20151003_t1731466_e1737270_b20378_c20151003233728541959_noaa_ops.dspace_rad,VNFF_npp_d20151003_t1731466_e1737270_b20378_v21.csv,World_EEZ_v8_2014.shp,WPP_BFAR_merge.shp,KKP_IDN_merge_20161208.shp,VNF-VBD_npp_20120301-20151231_global_asia-enhanced_c201607211230.bitmask,NCEI_NGA.union.nga_lead2.add_2015ntl.mask,timezone.shp,VBD_platforms-recurring_2015_r20170330.shp,999999,VBD_bridges_c20160811.shp,9.202956;7.293124;4.987635;0.117751;-4.766567;-9.662423;-14.566307;-12.781590;-10.252750;-5.421471;-0.565886;4.309883,106.389061;120.204430;133.795395;132.636734;131.583801;130.626740;129.763702;115.696312;101.762085;103.094223;104.302101;105.397919,npp_d20151003_t1731466_e1737270_b20378,161.792,118.193,52.5598,99.6212,64.8282,67.2548
309,VBD_npp_d20151003_t1735187_x1096025E_y039451S_l1913_s0864_v23,2017-06-01 16:11:27,-3.945146,109.602524,37.5424,2015-10-03 17:35:18,2015-10-04 00:35:18,1913,864,0.389614,8,18913,0.943092,0.154315,0.905784,0.4,0.956441,0.75,0.0132451,0.0001,7.95866e-28,999999,-1.000932e-02,3,Indonesian Exclusive Economic Zone,WPP712,,SVDNB_npp_d20151003_t1731466_e1737270_b20378_c20151003233728467558_noaa_ops.h5,GDNBO_npp_d20151003_t1731466_e1737270_b20378_c20151003233728467298_noaa_ops.h5,SVI04_npp_d20151003_t1731466_e1737270_b20378_c20151003233728541959_noaa_ops.dspace_rad,VNFF_npp_d20151003_t1731466_e1737270_b20378_v21.csv,World_EEZ_v8_2014.shp,WPP_BFAR_merge.shp,KKP_IDN_merge_20161208.shp,VNF-VBD_npp_20120301-20151231_global_asia-enhanced_c201607211230.bitmask,NCEI_NGA.union.nga_lead2.add_2015ntl.mask,timezone.shp,VBD_platforms-recurring_2015_r20170330.shp,0.197664,VBD_bridges_c20160811.shp,9.202956;7.293124;4.987635;0.117751;-4.766567;-9.662423;-14.566307;-12.781590;-10.252750;-5.421471;-0.565886;4.309883,106.389061;120.204430;133.795395;132.636734;131.583801;130.626740;129.763702;115.696312;101.762085;103.094223;104.302101;105.397919,npp_d20151003_t1731466_e1737270_b20378,161.98,116.101,52.4451,99.3115,64.4252,67.5311
310,VBD_npp_d20151003_t1735204_x1095776E_y040487S_l1929_s0864_v23,2017-06-01 16:11:27,-4.048732,109.577637,51.7809,2015-10-03 17:35:20,2015-10-04 00:35:20,1929,864,0.389329,1,2529,1.02794,0.181319,0.895475,0.4,0.954796,0.75,0.0132271,0.0001,7.06037e-28,999999,-2.684116e-01,3,Indonesian Exclusive Economic Zone,WPP712,,SVDNB_npp_d20151003_t1731466_e1737270_b20378_c20151003233728467558_noaa_ops.h5,GDNBO_npp_d20151003_t1731466_e1737270_b20378_c20151003233728467298_noaa_ops.h5,SVI04_npp_d20151003_t1731466_e1737270_b20378_c20151003233728541959_noaa_ops.dspace_rad,VNFF_npp_d20151003_t1731466_e1737270_b20378_v21.csv,World_EEZ_v8_2014.shp,WPP_BFAR_merge.shp,KKP_IDN_merge_20161208.shp,VNF-VBD_npp_20120301-20151231_global_asia-enhanced_c201607211230.bitmask,NCEI_NGA.union.nga_lead2.add_2015ntl.mask,timezone.shp,VBD_platforms-recurring_2015_r20170330.shp,999999,VBD_bridges_c20160811.shp,9.202956;7.293124;4.987635;0.117751;-4.766567;-9.662423;-14.566307;-12.781590;-10.252750;-5.421471;-0.565886;4.309883,106.389061;120.204430;133.795395;132.636734;131.583801;130.626740;129.763702;115.696312;101.762085;103.094223;104.302101;105.397919,npp_d20151003_t1731466_e1737270_b20378,161.95,116.411,52.4462,99.3255,64.4816,67.4882
311,VBD_npp_d20151003_t1735311_x1094449E_y046222S_l2018_s0865_v23,2017-06-01 16:11:27,-4.622190,109.444862,40.3961,2015-10-03 17:35:31,2015-10-04 00:35:31,2018,865,0.393882,1,2529,0.937438,0.158458,0.928172,0.4,0.952448,0.75,0.0130773,0.0001,4.48786e-28,999999,-2.580289e-02,3,Indonesian Exclusive Economic Zone,WPP712,,SVDNB_npp_d20151003_t1731466_e1737270_b20378_c20151003233728467558_noaa_ops.h5,GDNBO_npp_d20151003_t1731466_e1737270_b20378_c20151003233728467298_noaa_ops.h5,SVI04_npp_d20151003_t1731466_e1737270_b20378_c20151003233728541959_noaa_ops.dspace_rad,VNFF_npp_d20151003_t1731466_e1737270_b20378_v21.csv,World_EEZ_v8_2014.shp,WPP_BFAR_merge.shp,KKP_IDN_merge_20161208.shp,VNF-VBD_npp_20120301-20151231_global_asia-enhanced_c201607211230.bitmask,NCEI_NGA.union.nga_lead2.add_2015ntl.mask,timezone.shp,VBD_platforms-recurring_2015_r20170330.shp,999999,VBD_bridges_c20160811.shp,9.202956;7.293124;4.987635;0.117751;-4.766567;-9.662423;-14.566307;-12.781590;-10.252750;-5.421471;-0.565886;4.309883,106.389061;120.204430;133.795395;132.636734;131.583801;130.626740;129.763702;115.696312;101.762085;103.094223;104.302101;105.397919,npp_d20151003_t1731466_e1737270_b20378,161.765,118.096,52.416,99.7678,64.7872,67.2512
312,VBD_npp_d20151003_t1735329_x1094146E_y047526S_l2038_s0865_v23,2017-06-01 16:11:27,-4.752573,109.414612,13.8319,2015-10-03 17:35:32,2015-10-04 00:35:32,2038,865,0.389827,1,2529,0.602141,0.18037,0.904955,0.4,0.921998,0.75,0.0130244,0.0001,3.59133e-28,999999,-2.321881e-01,3,Indonesian Exclusive Economic Zone,WPP712,,SVDNB_npp_d20151003_t1731466_e1737270_b20378_c20151003233728467558_noaa_ops.h5,GDNBO_npp_d20151003_t1731466_e1737270_b20378_c20151003233728467298_noaa_ops.h5,SVI04_npp_d20151003_t1731466_e1737270_b20378_c20151003233728541959_noaa_ops.dspace_rad,VNFF_npp_d20151003_t1731466_e1737270_b20378_v21.csv,World_EEZ_v8_2014.shp,WPP_BFAR_merge.shp,KKP_IDN_merge_20161208.shp,VNF-VBD_npp_20120301-20151231_global_asia-enhanced_c201607211230.bitmask,NCEI_NGA.union.nga_lead2.add_2015ntl.mask,timezone.shp,VBD_platforms-recurring_2015_r20170330.shp,999999,VBD_bridges_c20160811.shp,9.202956;7.293124;4.987635;0.117751;-4.766567;-9.662423;-14.566307;-12.781590;-10.252750;-5.421471;-0.565886;4.309883,106.389061;120.204430;133.795395;132.636734;131.583801;130.626740;129.763702;115.696312;101.762085;103.094223;104.302101;105.397919,npp_d20151003_t1731466_e1737270_b20378,161.724,118.479,52.4195,99.5865,64.8594,67.1987
313,VBD_npp_d20151003_t1735187_x1096210E_y039201S_l1909_s0866_v23,2017-06-01 16:11:27,-3.920051,109.620979,28.0514,2015-10-03 17:35:18,2015-10-04 00:35:18,1909,866,0.388974,1,2529,0.868782,0.148554,0.90067,0.4,0.953494,0.75,0.0132574,0.0001,1.02915e-27,999999,4.512732e-02,3,Indonesian Exclusive Economic Zone,WPP712,,SVDNB_npp_d20151003_t1731466_e1737270_b20378_c20151003233728467558_noaa_ops.h5,GDNBO_npp_d20151003_t1731466_e1737270_b20378_c20151003233728467298_noaa_ops.h5,SVI04_npp_d20151003_t1731466_e1737270_b20378_c20151003233728541959_noaa_ops.dspace_rad,VNFF_npp_d20151003_t1731466_e1737270_b20378_v21.csv,World_EEZ_v8_2014.shp,WPP_BFAR_merge.shp,KKP_IDN_merge_20161208.shp,VNF-VBD_npp_20120301-20151231_global_asia-enhanced_c201607211230.bitmask,NCEI_NGA.union.nga_lead2.add_2015ntl.mask,timezone.shp,VBD_platforms-recurring_2015_r20170330.shp,999999,VBD_bridges_c20160811.shp,9.202956;7.293124;4.987635;0.117751;-4.766567;-9.662423;-14.566307;-12.781590;-10.252750;-5.421471;-0.565886;4.309883,106.389061;120.204430;133.795395;132.636734;131.583801;130.626740;129.763702;115.696312;101.762085;103.094223;104.302101;105.397919,npp_d20151003_t1731466_e1737270_b20378,161.974,116.005,52.3872,99.5096,64.3984,67.5379
314,VBD_npp_d20151003_t1735222_x1095592E_y042022S_l1952_s0866_v23,2017-06-01 16:11:27,-4.202212,109.559151,19.7394,2015-10-03 17:35:22,2015-10-04 00:35:22,1952,866,0.212498,1,2529,0.662396,0.176006,0.764416,0.4,0.903165,0.75,0.0132089,0.0001,6.31942e-28,999999,-2.175697e-01,3,Indonesian Exclusive Economic Zone,WPP712,,SVDNB_npp_d20151003_t1731466_e1737270_b20378_c20151003233728467558_noaa_ops.h5,GDNBO_npp_d20151003_t1731466_e1737270_b20378_c20151003233728467298_noaa_ops.h5,SVI04_npp_d20151003_t1731466_e1737270_b20378_c20151003233728541959_noaa_ops.dspace_rad,VNFF_npp_d20151003_t1731466_e1737270_b20378_v21.csv,World_EEZ_v8_2014.shp,WPP_BFAR_merge.shp,KKP_IDN_merge_20161208.shp,VNF-VBD_npp_20120301-20151231_global_asia-enhanced_c201607211230.bitmask,NCEI_NGA.union.nga_lead2.add_2015ntl.mask,timezone.shp,VBD_platforms-recurring_2015_r20170330.shp,999999,VBD_bridges_c20160811.shp,9.202956;7.293124;4.987635;0.117751;-4.766567;-9.662423;-14.566307;-12.781590;-10.252750;-5.421471;-0.565886;4.309883,106.389061;120.204430;133.795395;132.636734;131.583801;130.626740;129.763702;115.696312;101.762085;103.094223;104.302101;105.397919,npp_d20151003_t1731466_e1737270_b20378,161.891,116.847,52.3887,98.9932,64.5514,67.4209
315,VBD_npp_d20151003_t1735187_x1096221E_y039554S_l1914_s0867_v23,2017-06-01 16:11:27,-3.955432,109.622063,34.7928,2015-10-03 17:35:18,2015-10-04 00:35:18,1914,867,0.388405,1,2529,0.895481,0.153544,0.901671,0.4,0.950958,0.75,0.0132557,0.0001,9.94591e-28,999999,-2.629778e-03,3,Indonesian Exclusive Economic Zone,WPP712,,SVDNB_npp_d20151003_t1731466_e1737270_b20378_c20151003233728467558_noaa_ops.h5,GDNBO_npp_d20151003_t1731466_e1737270_b20378_c20151003233728467298_noaa_ops.h5,SVI04_npp_d20151003_t1731466_e1737270_b20378_c20151003233728541959_noaa_ops.dspace_rad,VNFF_npp_d20151003_t1731466_e1737270_b20378_v21.csv,World_EEZ_v8_2014.shp,WPP_BFAR_merge.shp,KKP_IDN_merge_20161208.shp,VNF-VBD_npp_20120301-20151231_global_asia-enhanced_c201607211230.bitmask,NCEI_NGA.union.nga_lead2.add_2015ntl.mask,timezone.shp,VBD_platforms-recurring_2015_r20170330.shp,999999,VBD_bridges_c20160811.shp,9.202956;7.293124;4.987635;0.117751;-4.766567;-9.662423;-14.566307;-12.781590;-10.252750;-5.421471;-0.565886;4.309883,106.389061;120.204430;133.795395;132.636734;131.583801;130.626740;129.763702;115.696312;101.762085;103.094223;104.302101;105.397919,npp_d20151003_t1731466_e1737270_b20378,161.958,116.101,52.3591,99.2602,64.411,67.5213
316,VBD_npp_d20151003_t1735204_x1095925E_y040864S_l1934_s0867_v23,2017-06-01 16:11:27,-4.086398,109.592499,58.4395,2015-10-03 17:35:20,2015-10-04 00:35:20,1934,867,0.395304,1,2529,1.02903,0.148827,0.915619,0.4,0.954545,0.75,0.0132331,0.0001,8.03292e-28,999999,4.251045e-02,3,Indonesian Exclusive Economic Zone,WPP712,,SVDNB_npp_d20151003_t1731466_e1737270_b20378_c20151003233728467558_noaa_ops.h5,GDNBO_npp_d20151003_t1731466_e1737270_b20378_c20151003233728467298_noaa_ops.h5,SVI04_npp_d20151003_t1731466_e1737270_b20378_c20151003233728541959_noaa_ops.dspace_rad,VNFF_npp_d20151003_t1731466_e1737270_b20378_v21.csv,World_EEZ_v8_2014.shp,WPP_BFAR_merge.shp,KKP_IDN_merge_20161208.shp,VNF-VBD_npp_20120301-20151231_global_asia-enhanced_c201607211230.bitmask,NCEI_NGA.union.nga_lead2.add_2015ntl.mask,timezone.shp,VBD_platforms-recurring_2015_r20170330.shp,999999,VBD_bridges_c20160811.shp,9.202956;7.293124;4.987635;0.117751;-4.766567;-9.662423;-14.566307;-12.781590;-10.252750;-5.421471;-0.565886;4.309883,106.389061;120.204430;133.795395;132.636734;131.583801;130.626740;129.763702;115.696312;101.762085;103.094223;104.302101;105.397919,npp_d20151003_t1731466_e1737270_b20378,161.92,116.493,52.3613,99.075,64.4823,67.467
317,VBD_npp_d20151003_t1735240_x1095587E_y042042S_l1953_s0867_v23,2017-06-01 16:11:27,-4.204188,109.558708,19.6651,2015-10-03 17:35:24,2015-10-04 00:35:24,1953,867,0.212498,1,2529,0.660267,0.172329,0.794139,0.4,0.885031,0.75,0.0132116,0.0001,8.6657e-28,999999,-1.823831e-01,3,Indonesian Exclusive Economic Zone,WPP712,,SVDNB_npp_d20151003_t1731466_e1737270_b20378_c20151003233728467558_noaa_ops.h5,GDNBO_npp_d20151003_t1731466_e1737270_b20378_c20151003233728467298_noaa_ops.h5,SVI04_npp_d20151003_t1731466_e1737270_b20378_c20151003233728541959_noaa_ops.dspace_rad,VNFF_npp_d20151003_t1731466_e1737270_b20378_v21.csv,World_EEZ_v8_2014.shp,WPP_BFAR_merge.shp,KKP_IDN_merge_20161208.shp,VNF-VBD_npp_20120301-20151231_global_asia-enhanced_c201607211230.bitmask,NCEI_NGA.union.nga_lead2.add_2015ntl.mask,timezone.shp,VBD_platforms-recurring_2015_r20170330.shp,999999,VBD_bridges_c20160811.shp,9.202956;7.293124;4.987635;0.117751;-4.766567;-9.662423;-14.566307;-12.781590;-10.252750;-5.421471;-0.565886;4.309883,106.389061;120.204430;133.795395;132.636734;131.583801;130.626740;129.763702;115.696312;101.762085;103.094223;104.302101;105.397919,npp_d20151003_t1731466_e1737270_b20378,161.884,116.842,52.3583,99.754,64.5459,67.4183
318,VBD_npp_d20151003_t1735293_x1094670E_y046168S_l2016_s0867_v23,2017-06-01 16:11:27,-4.616817,109.466957,72.1351,2015-10-03 17:35:29,2015-10-04 00:35:29,2016,867,0.39566,1,2529,1.12064,0.173621,0.934891,0.4,0.961249,0.75,0.0130904,0.0001,4.27021e-28,999999,-1.686236e-01,3,Indonesian Exclusive Economic Zone,WPP712,,SVDNB_npp_d20151003_t1731466_e1737270_b20378_c20151003233728467558_noaa_ops.h5,GDNBO_npp_d20151003_t1731466_e1737270_b20378_c20151003233728467298_noaa_ops.h5,SVI04_npp_d20151003_t1731466_e1737270_b20378_c20151003233728541959_noaa_ops.dspace_rad,VNFF_npp_d20151003_t1731466_e1737270_b20378_v21.csv,World_EEZ_v8_2014.shp,WPP_BFAR_merge.shp,KKP_IDN_merge_20161208.shp,VNF-VBD_npp_20120301-20151231_global_asia-enhanced_c201607211230.bitmask,NCEI_NGA.union.nga_lead2.add_2015ntl.mask,timezone.shp,VBD_platforms-recurring_2015_r20170330.shp,999999,VBD_bridges_c20160811.shp,9.202956;7.293124;4.987635;0.117751;-4.766567;-9.662423;-14.566307;-12.781590;-10.252750;-5.421471;-0.565886;4.309883,106.389061;120.204430;133.795395;132.636734;131.583801;130.626740;129.763702;115.696312;101.762085;103.094223;104.302101;105.397919,npp_d20151003_t1731466_e1737270_b20378,161.755,118.06,52.3612,99.0554,64.7712,67.2496
319,VBD_npp_d20151003_t1732278_x1118695E_y060318N_l0372_s0868_v23,2017-06-01 16:11:27,6.031832,111.869530,6.25275,2015-10-03 17:32:27,2015-10-04 01:32:27,372,868,0.326805,1,2529,0.368119,0.135888,0.730353,0.4,0.792074,0.75,0.0165386,0.0001,9.5167e-24,999999,1.400034e-02,3,Malaysian Exclusive Economic Zone,,,SVDNB_npp_d20151003_t1731466_e1737270_b20378_c20151003233728467558_noaa_ops.h5,GDNBO_npp_d20151003_t1731466_e1737270_b20378_c20151003233728467298_noaa_ops.h5,SVI04_npp_d20151003_t1731466_e1737270_b20378_c20151003233728541959_noaa_ops.dspace_rad,VNFF_npp_d20151003_t1731466_e1737270_b20378_v21.csv,World_EEZ_v8_2014.shp,WPP_BFAR_merge.shp,KKP_IDN_merge_20161208.shp,VNF-VBD_npp_20120301-20151231_global_asia-enhanced_c201607211230.bitmask,NCEI_NGA.union.nga_lead2.add_2015ntl.mask,timezone.shp,VBD_platforms-recurring_2015_r20170330.shp,999999,VBD_bridges_c20160811.shp,9.202956;7.293124;4.987635;0.117751;-4.766567;-9.662423;-14.566307;-12.781590;-10.252750;-5.421471;-0.565886;4.309883,106.389061;120.204430;133.795395;132.636734;131.583801;130.626740;129.763702;115.696312;101.762085;103.094223;104.302101;105.397919,npp_d20151003_t1731466_e1737270_b20378,162.232,84.3791,52.3118,98.1915,59.4711,72.449
320,VBD_npp_d20151003_t1735222_x1095881E_y041155S_l1939_s0868_v23,2017-06-01 16:11:27,-4.115541,109.588104,74.1802,2015-10-03 17:35:22,2015-10-04 00:35:22,1939,868,0.395091,1,2529,1.10968,0.141995,0.91266,0.4,0.94858,0.75,0.0132313,0.0001,1.01093e-27,999999,1.078877e-01,3,Indonesian Exclusive Economic Zone,WPP712,,SVDNB_npp_d20151003_t1731466_e1737270_b20378_c20151003233728467558_noaa_ops.h5,GDNBO_npp_d20151003_t1731466_e1737270_b20378_c20151003233728467298_noaa_ops.h5,SVI04_npp_d20151003_t1731466_e1737270_b20378_c20151003233728541959_noaa_ops.dspace_rad,VNFF_npp_d20151003_t1731466_e1737270_b20378_v21.csv,World_EEZ_v8_2014.shp,WPP_BFAR_merge.shp,KKP_IDN_merge_20161208.shp,VNF-VBD_npp_20120301-20151231_global_asia-enhanced_c201607211230.bitmask,NCEI_NGA.union.nga_lead2.add_2015ntl.mask,timezone.shp,VBD_platforms-recurring_2015_r20170330.shp,999999,VBD_bridges_c20160811.shp,9.202956;7.293124;4.987635;0.117751;-4.766567;-9.662423;-14.566307;-12.781590;-10.252750;-5.421471;-0.565886;4.309883,106.389061;120.204430;133.795395;132.636734;131.583801;130.626740;129.763702;115.696312;101.762085;103.094223;104.302101;105.397919,npp_d20151003_t1731466_e1737270_b20378,161.904,116.568,52.3288,99.6394,64.491,67.453
321,VBD_npp_d20151003_t1735276_x1094989E_y045078S_l1999_s0868_v23,2017-06-01 16:11:27,-4.507758,109.498947,19.895,2015-10-03 17:35:27,2015-10-04 00:35:27,1999,868,0.394806,1,2529,0.758553,0.163555,0.865094,0.4,0.958438,0.75,0.0131392,0.0001,5.29684e-28,999999,-7.381444e-02,3,Indonesian Exclusive Economic Zone,WPP712,,SVDNB_npp_d20151003_t1731466_e1737270_b20378_c20151003233728467558_noaa_ops.h5,GDNBO_npp_d20151003_t1731466_e1737270_b20378_c20151003233728467298_noaa_ops.h5,SVI04_npp_d20151003_t1731466_e1737270_b20378_c20151003233728541959_noaa_ops.dspace_rad,VNFF_npp_d20151003_t1731466_e1737270_b20378_v21.csv,World_EEZ_v8_2014.shp,WPP_BFAR_merge.shp,KKP_IDN_merge_20161208.shp,VNF-VBD_npp_20120301-20151231_global_asia-enhanced_c201607211230.bitmask,NCEI_NGA.union.nga_lead2.add_2015ntl.mask,timezone.shp,VBD_platforms-recurring_2015_r20170330.shp,999999,VBD_bridges_c20160811.shp,9.202956;7.293124;4.987635;0.117751;-4.766567;-9.662423;-14.566307;-12.781590;-10.252750;-5.421471;-0.565886;4.309883,106.389061;120.204430;133.795395;132.636734;131.583801;130.626740;129.763702;115.696312;101.762085;103.094223;104.302101;105.397919,npp_d20151003_t1731466_e1737270_b20378,161.784,117.731,52.3354,99.0877,64.7058,67.2922
322,VBD_npp_d20151003_t1735311_x1094667E_y046189S_l2017_s0868_v23,2017-06-01 16:11:27,-4.618896,109.466698,22.6699,2015-10-03 17:35:31,2015-10-04 00:35:31,2017,868,0.394735,1,2529,0.689472,0.172892,0.934891,0.4,0.898479,0.75,0.0130916,0.0001,5.89317e-28,999999,-1.617560e-01,3,Indonesian Exclusive Economic Zone,WPP712,,SVDNB_npp_d20151003_t1731466_e1737270_b20378_c20151003233728467558_noaa_ops.h5,GDNBO_npp_d20151003_t1731466_e1737270_b20378_c20151003233728467298_noaa_ops.h5,SVI04_npp_d20151003_t1731466_e1737270_b20378_c20151003233728541959_noaa_ops.dspace_rad,VNFF_npp_d20151003_t1731466_e1737270_b20378_v21.csv,World_EEZ_v8_2014.shp,WPP_BFAR_merge.shp,KKP_IDN_merge_20161208.shp,VNF-VBD_npp_20120301-20151231_global_asia-enhanced_c201607211230.bitmask,NCEI_NGA.union.nga_lead2.add_2015ntl.mask,timezone.shp,VBD_platforms-recurring_2015_r20170330.shp,999999,VBD_bridges_c20160811.shp,9.202956;7.293124;4.987635;0.117751;-4.766567;-9.662423;-14.566307;-12.781590;-10.252750;-5.421471;-0.565886;4.309883,106.389061;120.204430;133.795395;132.636734;131.583801;130.626740;129.763702;115.696312;101.762085;103.094223;104.302101;105.397919,npp_d20151003_t1731466_e1737270_b20378,161.748,118.055,52.3299,99.8162,64.7657,67.2468
323,VBD_npp_d20151003_t1735293_x1094843E_y045986S_l2013_s0869_v23,2017-06-01 16:11:27,-4.598573,109.484268,26.9084,2015-10-03 17:35:29,2015-10-04 00:35:29,2013,869,0.392744,1,2529,0.766009,0.176638,0.924476,0.4,0.914661,0.75,0.013106,0.0001,5.41905e-28,999999,-1.970412e-01,3,Indonesian Exclusive Economic Zone,WPP712,,SVDNB_npp_d20151003_t1731466_e1737270_b20378_c20151003233728467558_noaa_ops.h5,GDNBO_npp_d20151003_t1731466_e1737270_b20378_c20151003233728467298_noaa_ops.h5,SVI04_npp_d20151003_t1731466_e1737270_b20378_c20151003233728541959_noaa_ops.dspace_rad,VNFF_npp_d20151003_t1731466_e1737270_b20378_v21.csv,World_EEZ_v8_2014.shp,WPP_BFAR_merge.shp,KKP_IDN_merge_20161208.shp,VNF-VBD_npp_20120301-20151231_global_asia-enhanced_c201607211230.bitmask,NCEI_NGA.union.nga_lead2.add_2015ntl.mask,timezone.shp,VBD_platforms-recurring_2015_r20170330.shp,999999,VBD_bridges_c20160811.shp,9.202956;7.293124;4.987635;0.117751;-4.766567;-9.662423;-14.566307;-12.781590;-10.252750;-5.421471;-0.565886;4.309883,106.389061;120.204430;133.795395;132.636734;131.583801;130.626740;129.763702;115.696312;101.762085;103.094223;104.302101;105.397919,npp_d20151003_t1731466_e1737270_b20378,161.748,117.985,52.3028,99.2034,64.7481,67.2532
324,VBD_npp_d20151003_t1735311_x1094583E_y047090S_l2030_s0869_v23,2017-06-01 16:11:27,-4.708952,109.458313,83.413,2015-10-03 17:35:31,2015-10-04 00:35:31,2030,869,0.394664,1,2529,1.22169,0.150568,0.920026,0.4,0.970147,0.75,0.0130611,0.0001,4.69794e-28,999999,4.850585e-02,3,Indonesian Exclusive Economic Zone,WPP712,,SVDNB_npp_d20151003_t1731466_e1737270_b20378_c20151003233728467558_noaa_ops.h5,GDNBO_npp_d20151003_t1731466_e1737270_b20378_c20151003233728467298_noaa_ops.h5,SVI04_npp_d20151003_t1731466_e1737270_b20378_c20151003233728541959_noaa_ops.dspace_rad,VNFF_npp_d20151003_t1731466_e1737270_b20378_v21.csv,World_EEZ_v8_2014.shp,WPP_BFAR_merge.shp,KKP_IDN_merge_20161208.shp,VNF-VBD_npp_20120301-20151231_global_asia-enhanced_c201607211230.bitmask,NCEI_NGA.union.nga_lead2.add_2015ntl.mask,timezone.shp,VBD_platforms-recurring_2015_r20170330.shp,999999,VBD_bridges_c20160811.shp,9.202956;7.293124;4.987635;0.117751;-4.766567;-9.662423;-14.566307;-12.781590;-10.252750;-5.421471;-0.565886;4.309883,106.389061;120.204430;133.795395;132.636734;131.583801;130.626740;129.763702;115.696312;101.762085;103.094223;104.302101;105.397919,npp_d20151003_t1731466_e1737270_b20378,161.712,118.308,52.303,99.1682,64.8085,67.2084
325,VBD_npp_d20151003_t1735329_x1094457E_y047367S_l2035_s0869_v23,2017-06-01 16:11:27,-4.736745,109.445694,80.2733,2015-10-03 17:35:32,2015-10-04 00:35:32,2035,869,0.394451,1,2529,1.11923,0.14458,0.918391,0.4,0.963725,0.75,0.0130478,0.0001,5.38025e-28,999999,1.049027e-01,3,Indonesian Exclusive Economic Zone,WPP712,,SVDNB_npp_d20151003_t1731466_e1737270_b20378_c20151003233728467558_noaa_ops.h5,GDNBO_npp_d20151003_t1731466_e1737270_b20378_c20151003233728467298_noaa_ops.h5,SVI04_npp_d20151003_t1731466_e1737270_b20378_c20151003233728541959_noaa_ops.dspace_rad,VNFF_npp_d20151003_t1731466_e1737270_b20378_v21.csv,World_EEZ_v8_2014.shp,WPP_BFAR_merge.shp,KKP_IDN_merge_20161208.shp,VNF-VBD_npp_20120301-20151231_global_asia-enhanced_c201607211230.bitmask,NCEI_NGA.union.nga_lead2.add_2015ntl.mask,timezone.shp,VBD_platforms-recurring_2015_r20170330.shp,999999,VBD_bridges_c20160811.shp,9.202956;7.293124;4.987635;0.117751;-4.766567;-9.662423;-14.566307;-12.781590;-10.252750;-5.421471;-0.565886;4.309883,106.389061;120.204430;133.795395;132.636734;131.583801;130.626740;129.763702;115.696312;101.762085;103.094223;104.302101;105.397919,npp_d20151003_t1731466_e1737270_b20378,161.704,118.39,52.3045,99.7337,64.8244,67.1974
326,VBD_npp_d20151003_t1735204_x1096120E_y040966S_l1935_s0870_v23,2017-06-01 16:11:27,-4.096615,109.611969,51.0451,2015-10-03 17:35:20,2015-10-04 00:35:20,1935,870,0.393384,1,2529,0.960313,0.155283,0.919865,0.4,0.941228,0.75,0.0132436,0.0001,1.00303e-27,999999,-1.926786e-02,3,Indonesian Exclusive Economic Zone,WPP712,,SVDNB_npp_d20151003_t1731466_e1737270_b20378_c20151003233728467558_noaa_ops.h5,GDNBO_npp_d20151003_t1731466_e1737270_b20378_c20151003233728467298_noaa_ops.h5,SVI04_npp_d20151003_t1731466_e1737270_b20378_c20151003233728541959_noaa_ops.dspace_rad,VNFF_npp_d20151003_t1731466_e1737270_b20378_v21.csv,World_EEZ_v8_2014.shp,WPP_BFAR_merge.shp,KKP_IDN_merge_20161208.shp,VNF-VBD_npp_20120301-20151231_global_asia-enhanced_c201607211230.bitmask,NCEI_NGA.union.nga_lead2.add_2015ntl.mask,timezone.shp,VBD_platforms-recurring_2015_r20170330.shp,999999,VBD_bridges_c20160811.shp,9.202956;7.293124;4.987635;0.117751;-4.766567;-9.662423;-14.566307;-12.781590;-10.252750;-5.421471;-0.565886;4.309883,106.389061;120.204430;133.795395;132.636734;131.583801;130.626740;129.763702;115.696312;101.762085;103.094223;104.302101;105.397919,npp_d20151003_t1731466_e1737270_b20378,161.898,116.493,52.2756,99.0232,64.4682,67.4573
327,VBD_npp_d20151003_t1735329_x1094491E_y047584S_l2038_s0870_v23,2017-06-01 16:11:27,-4.758423,109.449051,80.8561,2015-10-03 17:35:32,2015-10-04 00:35:32,2038,870,0.392459,8,18913,1.13622,0.155314,0.918391,0.4,0.963833,0.75,0.0130437,0.0001,5.44375e-28,999999,3.800896e-03,3,Indonesian Exclusive Economic Zone,WPP712,,SVDNB_npp_d20151003_t1731466_e1737270_b20378_c20151003233728467558_noaa_ops.h5,GDNBO_npp_d20151003_t1731466_e1737270_b20378_c20151003233728467298_noaa_ops.h5,SVI04_npp_d20151003_t1731466_e1737270_b20378_c20151003233728541959_noaa_ops.dspace_rad,VNFF_npp_d20151003_t1731466_e1737270_b20378_v21.csv,World_EEZ_v8_2014.shp,WPP_BFAR_merge.shp,KKP_IDN_merge_20161208.shp,VNF-VBD_npp_20120301-20151231_global_asia-enhanced_c201607211230.bitmask,NCEI_NGA.union.nga_lead2.add_2015ntl.mask,timezone.shp,VBD_platforms-recurring_2015_r20170330.shp,0.465397,VBD_bridges_c20160811.shp,9.202956;7.293124;4.987635;0.117751;-4.766567;-9.662423;-14.566307;-12.781590;-10.252750;-5.421471;-0.565886;4.309883,106.389061;120.204430;133.795395;132.636734;131.583801;130.626740;129.763702;115.696312;101.762085;103.094223;104.302101;105.397919,npp_d20151003_t1731466_e1737270_b20378,161.691,118.442,52.2759,99.5837,64.8298,67.1867
328,VBD_npp_d20151003_t1735311_x1094826E_y046498S_l2021_s0871_v23,2017-06-01 16:11:27,-4.649764,109.482635,70.195,2015-10-03 17:35:31,2015-10-04 00:35:31,2021,871,0.3963,1,2529,1.15703,0.157097,0.935534,0.4,0.970446,0.75,0.0130926,0.0001,6.87102e-28,999999,-1.299181e-02,3,Indonesian Exclusive Economic Zone,WPP712,,SVDNB_npp_d20151003_t1731466_e1737270_b20378_c20151003233728467558_noaa_ops.h5,GDNBO_npp_d20151003_t1731466_e1737270_b20378_c20151003233728467298_noaa_ops.h5,SVI04_npp_d20151003_t1731466_e1737270_b20378_c20151003233728541959_noaa_ops.dspace_rad,VNFF_npp_d20151003_t1731466_e1737270_b20378_v21.csv,World_EEZ_v8_2014.shp,WPP_BFAR_merge.shp,KKP_IDN_merge_20161208.shp,VNF-VBD_npp_20120301-20151231_global_asia-enhanced_c201607211230.bitmask,NCEI_NGA.union.nga_lead2.add_2015ntl.mask,timezone.shp,VBD_platforms-recurring_2015_r20170330.shp,999999,VBD_bridges_c20160811.shp,9.202956;7.293124;4.987635;0.117751;-4.766567;-9.662423;-14.566307;-12.781590;-10.252750;-5.421471;-0.565886;4.309883,106.389061;120.204430;133.795395;132.636734;131.583801;130.626740;129.763702;115.696312;101.762085;103.094223;104.302101;105.397919,npp_d20151003_t1731466_e1737270_b20378,161.719,118.113,52.2439,99.6154,64.7629,67.2285
329,VBD_npp_d20151003_t1735329_x1094583E_y047459S_l2036_s0871_v23,2017-06-01 16:11:27,-4.745928,109.458260,40.3421,2015-10-03 17:35:32,2015-10-04 00:35:32,2036,871,0.397083,8,18913,0.867027,0.152227,0.916533,0.4,0.931129,0.75,0.0130529,0.0001,6.19926e-28,999999,3.288075e-02,3,Indonesian Exclusive Economic Zone,WPP712,,SVDNB_npp_d20151003_t1731466_e1737270_b20378_c20151003233728467558_noaa_ops.h5,GDNBO_npp_d20151003_t1731466_e1737270_b20378_c20151003233728467298_noaa_ops.h5,SVI04_npp_d20151003_t1731466_e1737270_b20378_c20151003233728541959_noaa_ops.dspace_rad,VNFF_npp_d20151003_t1731466_e1737270_b20378_v21.csv,World_EEZ_v8_2014.shp,WPP_BFAR_merge.shp,KKP_IDN_merge_20161208.shp,VNF-VBD_npp_20120301-20151231_global_asia-enhanced_c201607211230.bitmask,NCEI_NGA.union.nga_lead2.add_2015ntl.mask,timezone.shp,VBD_platforms-recurring_2015_r20170330.shp,0.453655,VBD_bridges_c20160811.shp,9.202956;7.293124;4.987635;0.117751;-4.766567;-9.662423;-14.566307;-12.781590;-10.252750;-5.421471;-0.565886;4.309883,106.389061;120.204430;133.795395;132.636734;131.583801;130.626740;129.763702;115.696312;101.762085;103.094223;104.302101;105.397919,npp_d20151003_t1731466_e1737270_b20378,161.688,118.395,52.2472,99.6829,64.8164,67.1898
330,VBD_npp_d20151003_t1735329_x1094547E_y047664S_l2039_s0871_v23,2017-06-01 16:11:27,-4.766419,109.454735,28.7901,2015-10-03 17:35:32,2015-10-04 00:35:32,2039,871,0.396727,8,18913,0.739757,0.157444,0.89545,0.4,0.916416,0.75,0.013045,0.0001,5.77395e-28,999999,-1.625964e-02,3,Indonesian Exclusive Economic Zone,WPP712,,SVDNB_npp_d20151003_t1731466_e1737270_b20378_c20151003233728467558_noaa_ops.h5,GDNBO_npp_d20151003_t1731466_e1737270_b20378_c20151003233728467298_noaa_ops.h5,SVI04_npp_d20151003_t1731466_e1737270_b20378_c20151003233728541959_noaa_ops.dspace_rad,VNFF_npp_d20151003_t1731466_e1737270_b20378_v21.csv,World_EEZ_v8_2014.shp,WPP_BFAR_merge.shp,KKP_IDN_merge_20161208.shp,VNF-VBD_npp_20120301-20151231_global_asia-enhanced_c201607211230.bitmask,NCEI_NGA.union.nga_lead2.add_2015ntl.mask,timezone.shp,VBD_platforms-recurring_2015_r20170330.shp,0.68202,VBD_bridges_c20160811.shp,9.202956;7.293124;4.987635;0.117751;-4.766567;-9.662423;-14.566307;-12.781590;-10.252750;-5.421471;-0.565886;4.309883,106.389061;120.204430;133.795395;132.636734;131.583801;130.626740;129.763702;115.696312;101.762085;103.094223;104.302101;105.397919,npp_d20151003_t1731466_e1737270_b20378,161.682,118.455,52.2474,99.5333,64.8277,67.1815
331,VBD_npp_d20151003_t1735204_x1096280E_y040852S_l1933_s0872_v23,2017-06-01 16:11:27,-4.085207,109.628029,25.65,2015-10-03 17:35:20,2015-10-04 00:35:20,1933,872,0.394237,1,2529,0.633155,0.164798,0.909713,0.4,0.877464,0.75,0.0132536,0.0001,1.23747e-27,999999,-1.103204e-01,3,Indonesian Exclusive Economic Zone,WPP712,,SVDNB_npp_d20151003_t1731466_e1737270_b20378_c20151003233728467558_noaa_ops.h5,GDNBO_npp_d20151003_t1731466_e1737270_b20378_c20151003233728467298_noaa_ops.h5,SVI04_npp_d20151003_t1731466_e1737270_b20378_c20151003233728541959_noaa_ops.dspace_rad,VNFF_npp_d20151003_t1731466_e1737270_b20378_v21.csv,World_EEZ_v8_2014.shp,WPP_BFAR_merge.shp,KKP_IDN_merge_20161208.shp,VNF-VBD_npp_20120301-20151231_global_asia-enhanced_c201607211230.bitmask,NCEI_NGA.union.nga_lead2.add_2015ntl.mask,timezone.shp,VBD_platforms-recurring_2015_r20170330.shp,999999,VBD_bridges_c20160811.shp,9.202956;7.293124;4.987635;0.117751;-4.766567;-9.662423;-14.566307;-12.781590;-10.252750;-5.421471;-0.565886;4.309883,106.389061;120.204430;133.795395;132.636734;131.583801;130.626740;129.763702;115.696312;101.762085;103.094223;104.302101;105.397919,npp_d20151003_t1731466_e1737270_b20378,161.888,116.439,52.2175,99.1217,64.4489,67.4583
332,VBD_npp_d20151003_t1735222_x1096144E_y041270S_l1940_s0872_v23,2017-06-01 16:11:27,-4.127028,109.614395,97.2901,2015-10-03 17:35:22,2015-10-04 00:35:22,1940,872,0.395802,1,2529,1.19932,0.142618,0.917509,0.4,0.962321,0.75,0.0132457,0.0001,1.36844e-27,999999,1.019236e-01,3,Indonesian Exclusive Economic Zone,WPP712,,SVDNB_npp_d20151003_t1731466_e1737270_b20378_c20151003233728467558_noaa_ops.h5,GDNBO_npp_d20151003_t1731466_e1737270_b20378_c20151003233728467298_noaa_ops.h5,SVI04_npp_d20151003_t1731466_e1737270_b20378_c20151003233728541959_noaa_ops.dspace_rad,VNFF_npp_d20151003_t1731466_e1737270_b20378_v21.csv,World_EEZ_v8_2014.shp,WPP_BFAR_merge.shp,KKP_IDN_merge_20161208.shp,VNF-VBD_npp_20120301-20151231_global_asia-enhanced_c201607211230.bitmask,NCEI_NGA.union.nga_lead2.add_2015ntl.mask,timezone.shp,VBD_platforms-recurring_2015_r20170330.shp,999999,VBD_bridges_c20160811.shp,9.202956;7.293124;4.987635;0.117751;-4.766567;-9.662423;-14.566307;-12.781590;-10.252750;-5.421471;-0.565886;4.309883,106.389061;120.204430;133.795395;132.636734;131.583801;130.626740;129.763702;115.696312;101.762085;103.094223;104.302101;105.397919,npp_d20151003_t1731466_e1737270_b20378,161.875,116.562,52.2141,99.5878,64.4711,67.4408
333,VBD_npp_d20151003_t1735311_x1094766E_y047260S_l2032_s0872_v23,2017-06-01 16:11:27,-4.726015,109.476555,68.7767,2015-10-03 17:35:31,2015-10-04 00:35:31,2032,872,0.396016,1,2529,1.10839,0.152326,0.921832,0.4,0.957318,0.75,0.0130674,0.0001,5.73706e-28,999999,3.195302e-02,3,Indonesian Exclusive Economic Zone,WPP712,,SVDNB_npp_d20151003_t1731466_e1737270_b20378_c20151003233728467558_noaa_ops.h5,GDNBO_npp_d20151003_t1731466_e1737270_b20378_c20151003233728467298_noaa_ops.h5,SVI04_npp_d20151003_t1731466_e1737270_b20378_c20151003233728541959_noaa_ops.dspace_rad,VNFF_npp_d20151003_t1731466_e1737270_b20378_v21.csv,World_EEZ_v8_2014.shp,WPP_BFAR_merge.shp,KKP_IDN_merge_20161208.shp,VNF-VBD_npp_20120301-20151231_global_asia-enhanced_c201607211230.bitmask,NCEI_NGA.union.nga_lead2.add_2015ntl.mask,timezone.shp,VBD_platforms-recurring_2015_r20170330.shp,999999,VBD_bridges_c20160811.shp,9.202956;7.293124;4.987635;0.117751;-4.766567;-9.662423;-14.566307;-12.781590;-10.252750;-5.421471;-0.565886;4.309883,106.389061;120.204430;133.795395;132.636734;131.583801;130.626740;129.763702;115.696312;101.762085;103.094223;104.302101;105.397919,npp_d20151003_t1731466_e1737270_b20378,161.688,118.326,52.2177,99.0663,64.7983,67.1958
334,VBD_npp_d20151003_t1735418_x1093282E_y053324S_l2126_s0872_v23,2017-06-01 16:11:27,-5.332362,109.328194,26.7379,2015-10-03 17:35:41,2015-10-04 00:35:41,2126,872,0.394806,1,2529,0.841445,0.142876,0.86038,0.4,0.925362,0.75,0.0128194,0.0001,2.88481e-28,999999,1.209548e-01,3,Indonesian Exclusive Economic Zone,WPP712,,SVDNB_npp_d20151003_t1731466_e1737270_b20378_c20151003233728467558_noaa_ops.h5,GDNBO_npp_d20151003_t1731466_e1737270_b20378_c20151003233728467298_noaa_ops.h5,SVI04_npp_d20151003_t1731466_e1737270_b20378_c20151003233728541959_noaa_ops.dspace_rad,VNFF_npp_d20151003_t1731466_e1737270_b20378_v21.csv,World_EEZ_v8_2014.shp,WPP_BFAR_merge.shp,KKP_IDN_merge_20161208.shp,VNF-VBD_npp_20120301-20151231_global_asia-enhanced_c201607211230.bitmask,NCEI_NGA.union.nga_lead2.add_2015ntl.mask,timezone.shp,VBD_platforms-recurring_2015_r20170330.shp,999999,VBD_bridges_c20160811.shp,9.202956;7.293124;4.987635;0.117751;-4.766567;-9.662423;-14.566307;-12.781590;-10.252750;-5.421471;-0.565886;4.309883,106.389061;120.204430;133.795395;132.636734;131.583801;130.626740;129.763702;115.696312;101.762085;103.094223;104.302101;105.397919,npp_d20151003_t1731466_e1737270_b20378,161.483,120.076,52.2227,99.2606,65.1337,66.9537
335,VBD_npp_d20151003_t1735204_x1096360E_y040795S_l1932_s0873_v23,2017-06-01 16:11:27,-4.079510,109.636047,42.7393,2015-10-03 17:35:20,2015-10-04 00:35:20,1932,873,0.392317,1,2529,0.872415,0.1653,0.909713,0.4,0.93375,0.75,0.0132586,0.0001,1.37393e-27,999999,-1.151221e-01,3,Indonesian Exclusive Economic Zone,WPP712,,SVDNB_npp_d20151003_t1731466_e1737270_b20378_c20151003233728467558_noaa_ops.h5,GDNBO_npp_d20151003_t1731466_e1737270_b20378_c20151003233728467298_noaa_ops.h5,SVI04_npp_d20151003_t1731466_e1737270_b20378_c20151003233728541959_noaa_ops.dspace_rad,VNFF_npp_d20151003_t1731466_e1737270_b20378_v21.csv,World_EEZ_v8_2014.shp,WPP_BFAR_merge.shp,KKP_IDN_merge_20161208.shp,VNF-VBD_npp_20120301-20151231_global_asia-enhanced_c201607211230.bitmask,NCEI_NGA.union.nga_lead2.add_2015ntl.mask,timezone.shp,VBD_platforms-recurring_2015_r20170330.shp,999999,VBD_bridges_c20160811.shp,9.202956;7.293124;4.987635;0.117751;-4.766567;-9.662423;-14.566307;-12.781590;-10.252750;-5.421471;-0.565886;4.309883,106.389061;120.204430;133.795395;132.636734;131.583801;130.626740;129.763702;115.696312;101.762085;103.094223;104.302101;105.397919,npp_d20151003_t1731466_e1737270_b20378,161.884,116.412,52.1886,99.171,64.4392,67.4588
336,VBD_npp_d20151003_t1735293_x1095105E_y046099S_l2014_s0873_v23,2017-06-01 16:11:27,-4.609946,109.510536,52.2916,2015-10-03 17:35:29,2015-10-04 00:35:29,2014,873,0.398434,1,2529,0.995886,0.156107,0.933132,0.4,0.951648,0.75,0.0131189,0.0001,7.35544e-28,999999,-3.666329e-03,3,Indonesian Exclusive Economic Zone,WPP712,,SVDNB_npp_d20151003_t1731466_e1737270_b20378_c20151003233728467558_noaa_ops.h5,GDNBO_npp_d20151003_t1731466_e1737270_b20378_c20151003233728467298_noaa_ops.h5,SVI04_npp_d20151003_t1731466_e1737270_b20378_c20151003233728541959_noaa_ops.dspace_rad,VNFF_npp_d20151003_t1731466_e1737270_b20378_v21.csv,World_EEZ_v8_2014.shp,WPP_BFAR_merge.shp,KKP_IDN_merge_20161208.shp,VNF-VBD_npp_20120301-20151231_global_asia-enhanced_c201607211230.bitmask,NCEI_NGA.union.nga_lead2.add_2015ntl.mask,timezone.shp,VBD_platforms-recurring_2015_r20170330.shp,999999,VBD_bridges_c20160811.shp,9.202956;7.293124;4.987635;0.117751;-4.766567;-9.662423;-14.566307;-12.781590;-10.252750;-5.421471;-0.565886;4.309883,106.389061;120.204430;133.795395;132.636734;131.583801;130.626740;129.763702;115.696312;101.762085;103.094223;104.302101;105.397919,npp_d20151003_t1731466_e1737270_b20378,161.72,117.976,52.1884,99.1509,64.7282,67.2409
337,VBD_npp_d20151003_t1735293_x1095082E_y046236S_l2016_s0873_v23,2017-06-01 16:11:27,-4.623590,109.508179,11.765,2015-10-03 17:35:29,2015-10-04 00:35:29,2016,873,0.394806,1,2529,0.422298,0.150914,0.940372,0.4,0.780589,0.75,0.0131136,0.0001,7.01068e-28,999999,4.524772e-02,3,Indonesian Exclusive Economic Zone,WPP712,,SVDNB_npp_d20151003_t1731466_e1737270_b20378_c20151003233728467558_noaa_ops.h5,GDNBO_npp_d20151003_t1731466_e1737270_b20378_c20151003233728467298_noaa_ops.h5,SVI04_npp_d20151003_t1731466_e1737270_b20378_c20151003233728541959_noaa_ops.dspace_rad,VNFF_npp_d20151003_t1731466_e1737270_b20378_v21.csv,World_EEZ_v8_2014.shp,WPP_BFAR_merge.shp,KKP_IDN_merge_20161208.shp,VNF-VBD_npp_20120301-20151231_global_asia-enhanced_c201607211230.bitmask,NCEI_NGA.union.nga_lead2.add_2015ntl.mask,timezone.shp,VBD_platforms-recurring_2015_r20170330.shp,999999,VBD_bridges_c20160811.shp,9.202956;7.293124;4.987635;0.117751;-4.766567;-9.662423;-14.566307;-12.781590;-10.252750;-5.421471;-0.565886;4.309883,106.389061;120.204430;133.795395;132.636734;131.583801;130.626740;129.763702;115.696312;101.762085;103.094223;104.302101;105.397919,npp_d20151003_t1731466_e1737270_b20378,161.715,118.016,52.1891,99.0511,64.7357,67.2354
338,VBD_npp_d20151003_t1735329_x1094755E_y047278S_l2033_s0873_v23,2017-06-01 16:11:27,-4.727797,109.475464,87.2875,2015-10-03 17:35:32,2015-10-04 00:35:32,2033,873,0.396158,1,2529,1.19411,0.140393,0.921832,0.4,0.969547,0.75,0.0130686,0.0001,7.84113e-28,999999,1.443462e-01,3,Indonesian Exclusive Economic Zone,WPP712,,SVDNB_npp_d20151003_t1731466_e1737270_b20378_c20151003233728467558_noaa_ops.h5,GDNBO_npp_d20151003_t1731466_e1737270_b20378_c20151003233728467298_noaa_ops.h5,SVI04_npp_d20151003_t1731466_e1737270_b20378_c20151003233728541959_noaa_ops.dspace_rad,VNFF_npp_d20151003_t1731466_e1737270_b20378_v21.csv,World_EEZ_v8_2014.shp,WPP_BFAR_merge.shp,KKP_IDN_merge_20161208.shp,VNF-VBD_npp_20120301-20151231_global_asia-enhanced_c201607211230.bitmask,NCEI_NGA.union.nga_lead2.add_2015ntl.mask,timezone.shp,VBD_platforms-recurring_2015_r20170330.shp,999999,VBD_bridges_c20160811.shp,9.202956;7.293124;4.987635;0.117751;-4.766567;-9.662423;-14.566307;-12.781590;-10.252750;-5.421471;-0.565886;4.309883,106.389061;120.204430;133.795395;132.636734;131.583801;130.626740;129.763702;115.696312;101.762085;103.094223;104.302101;105.397919,npp_d20151003_t1731466_e1737270_b20378,161.682,118.321,52.1899,99.8315,64.7934,67.1933
339,VBD_npp_d20151003_t1735169_x1096974E_y038397S_l1895_s0874_v23,2017-06-01 16:11:27,-3.839678,109.697411,40.2744,2015-10-03 17:35:16,2015-10-04 00:35:16,1895,874,0.393882,1,2529,0.948,0.134648,0.904105,0.4,0.947558,0.75,0.0133043,0.0001,2.08952e-27,999999,1.781966e-01,3,Indonesian Exclusive Economic Zone,WPP712,,SVDNB_npp_d20151003_t1731466_e1737270_b20378_c20151003233728467558_noaa_ops.h5,GDNBO_npp_d20151003_t1731466_e1737270_b20378_c20151003233728467298_noaa_ops.h5,SVI04_npp_d20151003_t1731466_e1737270_b20378_c20151003233728541959_noaa_ops.dspace_rad,VNFF_npp_d20151003_t1731466_e1737270_b20378_v21.csv,World_EEZ_v8_2014.shp,WPP_BFAR_merge.shp,KKP_IDN_merge_20161208.shp,VNF-VBD_npp_20120301-20151231_global_asia-enhanced_c201607211230.bitmask,NCEI_NGA.union.nga_lead2.add_2015ntl.mask,timezone.shp,VBD_platforms-recurring_2015_r20170330.shp,999999,VBD_bridges_c20160811.shp,9.202956;7.293124;4.987635;0.117751;-4.766567;-9.662423;-14.566307;-12.781590;-10.252750;-5.421471;-0.565886;4.309883,106.389061;120.204430;133.795395;132.636734;131.583801;130.626740;129.763702;115.696312;101.762085;103.094223;104.302101;105.397919,npp_d20151003_t1731466_e1737270_b20378,161.947,115.686,52.1606,99.3888,64.3031,67.5571
340,VBD_npp_d20151003_t1735204_x1096464E_y040602S_l1929_s0874_v23,2017-06-01 16:11:27,-4.060177,109.646370,33.2222,2015-10-03 17:35:20,2015-10-04 00:35:20,1929,874,0.394735,1,2529,0.827882,0.165014,0.89216,0.4,0.90417,0.75,0.0132659,0.0001,1.5974e-27,999999,-1.123901e-01,3,Indonesian Exclusive Economic Zone,WPP712,,SVDNB_npp_d20151003_t1731466_e1737270_b20378_c20151003233728467558_noaa_ops.h5,GDNBO_npp_d20151003_t1731466_e1737270_b20378_c20151003233728467298_noaa_ops.h5,SVI04_npp_d20151003_t1731466_e1737270_b20378_c20151003233728541959_noaa_ops.dspace_rad,VNFF_npp_d20151003_t1731466_e1737270_b20378_v21.csv,World_EEZ_v8_2014.shp,WPP_BFAR_merge.shp,KKP_IDN_merge_20161208.shp,VNF-VBD_npp_20120301-20151231_global_asia-enhanced_c201607211230.bitmask,NCEI_NGA.union.nga_lead2.add_2015ntl.mask,timezone.shp,VBD_platforms-recurring_2015_r20170330.shp,999999,VBD_bridges_c20160811.shp,9.202956;7.293124;4.987635;0.117751;-4.766567;-9.662423;-14.566307;-12.781590;-10.252750;-5.421471;-0.565886;4.309883,106.389061;120.204430;133.795395;132.636734;131.583801;130.626740;129.763702;115.696312;101.762085;103.094223;104.302101;105.397919,npp_d20151003_t1731466_e1737270_b20378,161.883,116.344,52.1592,99.3202,64.4222,67.465
341,VBD_npp_d20151003_t1735311_x1095078E_y046260S_l2017_s0874_v23,2017-06-01 16:11:27,-4.625976,109.507843,49.0562,2015-10-03 17:35:31,2015-10-04 00:35:31,2017,874,0.394806,1,2529,0.967324,0.146174,0.940372,0.4,0.947757,0.75,0.0131148,0.0001,9.65017e-28,999999,8.989658e-02,3,Indonesian Exclusive Economic Zone,WPP712,,SVDNB_npp_d20151003_t1731466_e1737270_b20378_c20151003233728467558_noaa_ops.h5,GDNBO_npp_d20151003_t1731466_e1737270_b20378_c20151003233728467298_noaa_ops.h5,SVI04_npp_d20151003_t1731466_e1737270_b20378_c20151003233728541959_noaa_ops.dspace_rad,VNFF_npp_d20151003_t1731466_e1737270_b20378_v21.csv,World_EEZ_v8_2014.shp,WPP_BFAR_merge.shp,KKP_IDN_merge_20161208.shp,VNF-VBD_npp_20120301-20151231_global_asia-enhanced_c201607211230.bitmask,NCEI_NGA.union.nga_lead2.add_2015ntl.mask,timezone.shp,VBD_platforms-recurring_2015_r20170330.shp,999999,VBD_bridges_c20160811.shp,9.202956;7.293124;4.987635;0.117751;-4.766567;-9.662423;-14.566307;-12.781590;-10.252750;-5.421471;-0.565886;4.309883,106.389061;120.204430;133.795395;132.636734;131.583801;130.626740;129.763702;115.696312;101.762085;103.094223;104.302101;105.397919,npp_d20151003_t1731466_e1737270_b20378,161.708,118.012,52.1578,99.8136,64.7303,67.2325
342,VBD_npp_d20151003_t1735169_x1096961E_y038885S_l1902_s0875_v23,2017-06-01 16:11:27,-3.888541,109.696136,39.5736,2015-10-03 17:35:16,2015-10-04 00:35:16,1902,875,0.38812,1,2529,0.975279,0.167194,0.903026,0.4,0.96246,0.75,0.0133003,0.0001,1.9271e-27,999999,-1.332499e-01,3,Indonesian Exclusive Economic Zone,WPP712,,SVDNB_npp_d20151003_t1731466_e1737270_b20378_c20151003233728467558_noaa_ops.h5,GDNBO_npp_d20151003_t1731466_e1737270_b20378_c20151003233728467298_noaa_ops.h5,SVI04_npp_d20151003_t1731466_e1737270_b20378_c20151003233728541959_noaa_ops.dspace_rad,VNFF_npp_d20151003_t1731466_e1737270_b20378_v21.csv,World_EEZ_v8_2014.shp,WPP_BFAR_merge.shp,KKP_IDN_merge_20161208.shp,VNF-VBD_npp_20120301-20151231_global_asia-enhanced_c201607211230.bitmask,NCEI_NGA.union.nga_lead2.add_2015ntl.mask,timezone.shp,VBD_platforms-recurring_2015_r20170330.shp,999999,VBD_bridges_c20160811.shp,9.202956;7.293124;4.987635;0.117751;-4.766567;-9.662423;-14.566307;-12.781590;-10.252750;-5.421471;-0.565886;4.309883,106.389061;120.204430;133.795395;132.636734;131.583801;130.626740;129.763702;115.696312;101.762085;103.094223;104.302101;105.397919,npp_d20151003_t1731466_e1737270_b20378,161.927,115.823,52.1335,99.0387,64.3231,67.5348
343,VBD_npp_d20151003_t1735222_x1096359E_y041657S_l1945_s0876_v23,2017-06-01 16:11:27,-4.165720,109.635918,54.5951,2015-10-03 17:35:22,2015-10-04 00:35:22,1945,876,0.395375,1,2529,1.0738,0.144659,0.913267,0.4,0.967134,0.75,0.0132556,0.0001,1.68475e-27,999999,8.239938e-02,3,Indonesian Exclusive Economic Zone,WPP712,,SVDNB_npp_d20151003_t1731466_e1737270_b20378_c20151003233728467558_noaa_ops.h5,GDNBO_npp_d20151003_t1731466_e1737270_b20378_c20151003233728467298_noaa_ops.h5,SVI04_npp_d20151003_t1731466_e1737270_b20378_c20151003233728541959_noaa_ops.dspace_rad,VNFF_npp_d20151003_t1731466_e1737270_b20378_v21.csv,World_EEZ_v8_2014.shp,WPP_BFAR_merge.shp,KKP_IDN_merge_20161208.shp,VNF-VBD_npp_20120301-20151231_global_asia-enhanced_c201607211230.bitmask,NCEI_NGA.union.nga_lead2.add_2015ntl.mask,timezone.shp,VBD_platforms-recurring_2015_r20170330.shp,999999,VBD_bridges_c20160811.shp,9.202956;7.293124;4.987635;0.117751;-4.766567;-9.662423;-14.566307;-12.781590;-10.252750;-5.421471;-0.565886;4.309883,106.389061;120.204430;133.795395;132.636734;131.583801;130.626740;129.763702;115.696312;101.762085;103.094223;104.302101;105.397919,npp_d20151003_t1731466_e1737270_b20378,161.839,116.637,52.1,99.3362,64.4661,67.4175
344,VBD_npp_d20151003_t1735276_x1095667E_y044418S_l1988_s0876_v23,2017-06-01 16:11:27,-4.441833,109.566650,10.5529,2015-10-03 17:35:27,2015-10-04 00:35:27,1988,876,0.398932,2,2465,0.524223,0.13225,0.79892,0.4,0.732955,0.75,0.0131993,0.0001,1.32258e-27,999999,2.011385e-01,3,Indonesian Exclusive Economic Zone,WPP712,,SVDNB_npp_d20151003_t1731466_e1737270_b20378_c20151003233728467558_noaa_ops.h5,GDNBO_npp_d20151003_t1731466_e1737270_b20378_c20151003233728467298_noaa_ops.h5,SVI04_npp_d20151003_t1731466_e1737270_b20378_c20151003233728541959_noaa_ops.dspace_rad,VNFF_npp_d20151003_t1731466_e1737270_b20378_v21.csv,World_EEZ_v8_2014.shp,WPP_BFAR_merge.shp,KKP_IDN_merge_20161208.shp,VNF-VBD_npp_20120301-20151231_global_asia-enhanced_c201607211230.bitmask,NCEI_NGA.union.nga_lead2.add_2015ntl.mask,timezone.shp,VBD_platforms-recurring_2015_r20170330.shp,999999,VBD_bridges_c20160811.shp,9.202956;7.293124;4.987635;0.117751;-4.766567;-9.662423;-14.566307;-12.781590;-10.252750;-5.421471;-0.565886;4.309883,106.389061;120.204430;133.795395;132.636734;131.583801;130.626740;129.763702;115.696312;101.762085;103.094223;104.302101;105.397919,npp_d20151003_t1731466_e1737270_b20378,161.755,117.453,52.104,99.6317,64.6174,67.3041
345,VBD_npp_d20151003_t1735293_x1095311E_y046133S_l2014_s0876_v23,2017-06-01 16:11:27,-4.613337,109.531052,61.8187,2015-10-03 17:35:29,2015-10-04 00:35:29,2014,876,0.398434,1,2529,1.06881,0.165133,0.935671,0.4,0.954857,0.75,0.0131305,0.0001,9.40222e-28,999999,-8.867730e-02,3,Indonesian Exclusive Economic Zone,WPP712,,SVDNB_npp_d20151003_t1731466_e1737270_b20378_c20151003233728467558_noaa_ops.h5,GDNBO_npp_d20151003_t1731466_e1737270_b20378_c20151003233728467298_noaa_ops.h5,SVI04_npp_d20151003_t1731466_e1737270_b20378_c20151003233728541959_noaa_ops.dspace_rad,VNFF_npp_d20151003_t1731466_e1737270_b20378_v21.csv,World_EEZ_v8_2014.shp,WPP_BFAR_merge.shp,KKP_IDN_merge_20161208.shp,VNF-VBD_npp_20120301-20151231_global_asia-enhanced_c201607211230.bitmask,NCEI_NGA.union.nga_lead2.add_2015ntl.mask,timezone.shp,VBD_platforms-recurring_2015_r20170330.shp,999999,VBD_bridges_c20160811.shp,9.202956;7.293124;4.987635;0.117751;-4.766567;-9.662423;-14.566307;-12.781590;-10.252750;-5.421471;-0.565886;4.309883,106.389061;120.204430;133.795395;132.636734;131.583801;130.626740;129.763702;115.696312;101.762085;103.094223;104.302101;105.397919,npp_d20151003_t1731466_e1737270_b20378,161.7,117.955,52.1024,99.1488,64.7105,67.2339
346,VBD_npp_d20151003_t1735578_x1091296E_y062663S_l2270_s0876_v23,2017-06-01 16:11:27,-6.266258,109.129608,11.6143,2015-10-03 17:35:57,2015-10-04 00:35:57,2270,876,0.390965,1,2529,0.567943,0.174963,0.827198,0.4,0.917596,0.75,0.0124554,0.0001,1.3347e-28,999999,-1.812635e-01,3,Indonesian Exclusive Economic Zone,WPP712,,SVDNB_npp_d20151003_t1731466_e1737270_b20378_c20151003233728467558_noaa_ops.h5,GDNBO_npp_d20151003_t1731466_e1737270_b20378_c20151003233728467298_noaa_ops.h5,SVI04_npp_d20151003_t1731466_e1737270_b20378_c20151003233728541959_noaa_ops.dspace_rad,VNFF_npp_d20151003_t1731466_e1737270_b20378_v21.csv,World_EEZ_v8_2014.shp,WPP_BFAR_merge.shp,KKP_IDN_merge_20161208.shp,VNF-VBD_npp_20120301-20151231_global_asia-enhanced_c201607211230.bitmask,NCEI_NGA.union.nga_lead2.add_2015ntl.mask,timezone.shp,VBD_platforms-recurring_2015_r20170330.shp,999999,VBD_bridges_c20160811.shp,9.202956;7.293124;4.987635;0.117751;-4.766567;-9.662423;-14.566307;-12.781590;-10.252750;-5.421471;-0.565886;4.309883,106.389061;120.204430;133.795395;132.636734;131.583801;130.626740;129.763702;115.696312;101.762085;103.094223;104.302101;105.397919,npp_d20151003_t1731466_e1737270_b20378,161.109,122.647,52.1077,99.4062,65.6282,66.5833
347,VBD_npp_d20151003_t1735169_x1097190E_y038363S_l1894_s0877_v23,2017-06-01 16:11:27,-3.836282,109.719017,22.1933,2015-10-03 17:35:16,2015-10-04 00:35:16,1894,877,0.395589,1,2529,0.695439,0.153561,0.910268,0.4,0.913615,0.75,0.0133171,0.0001,2.71815e-27,999999,-2.785157e-03,3,Indonesian Exclusive Economic Zone,WPP712,,SVDNB_npp_d20151003_t1731466_e1737270_b20378_c20151003233728467558_noaa_ops.h5,GDNBO_npp_d20151003_t1731466_e1737270_b20378_c20151003233728467298_noaa_ops.h5,SVI04_npp_d20151003_t1731466_e1737270_b20378_c20151003233728541959_noaa_ops.dspace_rad,VNFF_npp_d20151003_t1731466_e1737270_b20378_v21.csv,World_EEZ_v8_2014.shp,WPP_BFAR_merge.shp,KKP_IDN_merge_20161208.shp,VNF-VBD_npp_20120301-20151231_global_asia-enhanced_c201607211230.bitmask,NCEI_NGA.union.nga_lead2.add_2015ntl.mask,timezone.shp,VBD_platforms-recurring_2015_r20170330.shp,999999,VBD_bridges_c20160811.shp,9.202956;7.293124;4.987635;0.117751;-4.766567;-9.662423;-14.566307;-12.781590;-10.252750;-5.421471;-0.565886;4.309883,106.389061;120.204430;133.795395;132.636734;131.583801;130.626740;129.763702;115.696312;101.762085;103.094223;104.302101;105.397919,npp_d20151003_t1731466_e1737270_b20378,161.929,115.647,52.0745,99.4374,64.2818,67.5531
348,VBD_npp_d20151003_t1735311_x1095340E_y046375S_l2018_s0878_v23,2017-06-01 16:11:27,-4.637475,109.533951,27.8384,2015-10-03 17:35:31,2015-10-04 00:35:31,2018,878,0.396727,1,2529,0.796302,0.149984,0.940506,0.4,0.936403,0.75,0.0131276,0.0001,1.30541e-27,999999,5.400774e-02,3,Indonesian Exclusive Economic Zone,WPP712,,SVDNB_npp_d20151003_t1731466_e1737270_b20378_c20151003233728467558_noaa_ops.h5,GDNBO_npp_d20151003_t1731466_e1737270_b20378_c20151003233728467298_noaa_ops.h5,SVI04_npp_d20151003_t1731466_e1737270_b20378_c20151003233728541959_noaa_ops.dspace_rad,VNFF_npp_d20151003_t1731466_e1737270_b20378_v21.csv,World_EEZ_v8_2014.shp,WPP_BFAR_merge.shp,KKP_IDN_merge_20161208.shp,VNF-VBD_npp_20120301-20151231_global_asia-enhanced_c201607211230.bitmask,NCEI_NGA.union.nga_lead2.add_2015ntl.mask,timezone.shp,VBD_platforms-recurring_2015_r20170330.shp,999999,VBD_bridges_c20160811.shp,9.202956;7.293124;4.987635;0.117751;-4.766567;-9.662423;-14.566307;-12.781590;-10.252750;-5.421471;-0.565886;4.309883,106.389061;120.204430;133.795395;132.636734;131.583801;130.626740;129.763702;115.696312;101.762085;103.094223;104.302101;105.397919,npp_d20151003_t1731466_e1737270_b20378,161.68,118.004,52.0432,99.7618,64.7106,67.2202
349,VBD_npp_d20151003_t1735293_x1095539E_y046031S_l2012_s0879_v23,2017-06-01 16:11:27,-4.603112,109.553856,75.542,2015-10-03 17:35:29,2015-10-04 00:35:29,2012,879,0.396016,8,18913,1.11651,0.160017,0.934903,0.4,0.963317,0.75,0.0131473,0.0001,1.25818e-27,999999,-4.049349e-02,3,Indonesian Exclusive Economic Zone,WPP712,,SVDNB_npp_d20151003_t1731466_e1737270_b20378_c20151003233728467558_noaa_ops.h5,GDNBO_npp_d20151003_t1731466_e1737270_b20378_c20151003233728467298_noaa_ops.h5,SVI04_npp_d20151003_t1731466_e1737270_b20378_c20151003233728541959_noaa_ops.dspace_rad,VNFF_npp_d20151003_t1731466_e1737270_b20378_v21.csv,World_EEZ_v8_2014.shp,WPP_BFAR_merge.shp,KKP_IDN_merge_20161208.shp,VNF-VBD_npp_20120301-20151231_global_asia-enhanced_c201607211230.bitmask,NCEI_NGA.union.nga_lead2.add_2015ntl.mask,timezone.shp,VBD_platforms-recurring_2015_r20170330.shp,0.720972,VBD_bridges_c20160811.shp,9.202956;7.293124;4.987635;0.117751;-4.766567;-9.662423;-14.566307;-12.781590;-10.252750;-5.421471;-0.565886;4.309883,106.389061;120.204430;133.795395;132.636734;131.583801;130.626740;129.763702;115.696312;101.762085;103.094223;104.302101;105.397919,npp_d20151003_t1731466_e1737270_b20378,161.685,117.893,52.0159,99.2468,64.6854,67.2323
350,VBD_npp_d20151003_t1732492_x1116727E_y046926N_l0576_s0880_v23,2017-06-01 16:11:27,4.692581,111.672668,3.43418,2015-10-03 17:32:49,2015-10-04 01:32:49,576,880,0.331358,8,18913,0.21365,0.123281,0.586574,0.4,0.829161,0.75,0.0161816,0.0001,7.06536e-24,999999,1.487708e-01,3,Malaysian Exclusive Economic Zone,,,SVDNB_npp_d20151003_t1731466_e1737270_b20378_c20151003233728467558_noaa_ops.h5,GDNBO_npp_d20151003_t1731466_e1737270_b20378_c20151003233728467298_noaa_ops.h5,SVI04_npp_d20151003_t1731466_e1737270_b20378_c20151003233728541959_noaa_ops.dspace_rad,VNFF_npp_d20151003_t1731466_e1737270_b20378_v21.csv,World_EEZ_v8_2014.shp,WPP_BFAR_merge.shp,KKP_IDN_merge_20161208.shp,VNF-VBD_npp_20120301-20151231_global_asia-enhanced_c201607211230.bitmask,NCEI_NGA.union.nga_lead2.add_2015ntl.mask,timezone.shp,VBD_platforms-recurring_2015_r20170330.shp,0.27771,VBD_bridges_c20160811.shp,9.202956;7.293124;4.987635;0.117751;-4.766567;-9.662423;-14.566307;-12.781590;-10.252750;-5.421471;-0.565886;4.309883,106.389061;120.204430;133.795395;132.636734;131.583801;130.626740;129.763702;115.696312;101.762085;103.094223;104.302101;105.397919,npp_d20151003_t1731466_e1737270_b20378,162.422,88.5446,51.9737,97.7542,59.9931,71.6906
351,VBD_npp_d20151003_t1735169_x1097394E_y038397S_l1894_s0880_v23,2017-06-01 16:11:27,-3.839694,109.739403,68.7571,2015-10-03 17:35:16,2015-10-04 00:35:16,1894,880,0.390112,1,2529,1.08178,0.158673,0.907444,0.4,0.959784,0.75,0.0133288,0.0001,3.45066e-27,999999,-5.170446e-02,3,Indonesian Exclusive Economic Zone,WPP712,,SVDNB_npp_d20151003_t1731466_e1737270_b20378_c20151003233728467558_noaa_ops.h5,GDNBO_npp_d20151003_t1731466_e1737270_b20378_c20151003233728467298_noaa_ops.h5,SVI04_npp_d20151003_t1731466_e1737270_b20378_c20151003233728541959_noaa_ops.dspace_rad,VNFF_npp_d20151003_t1731466_e1737270_b20378_v21.csv,World_EEZ_v8_2014.shp,WPP_BFAR_merge.shp,KKP_IDN_merge_20161208.shp,VNF-VBD_npp_20120301-20151231_global_asia-enhanced_c201607211230.bitmask,NCEI_NGA.union.nga_lead2.add_2015ntl.mask,timezone.shp,VBD_platforms-recurring_2015_r20170330.shp,999999,VBD_bridges_c20160811.shp,9.202956;7.293124;4.987635;0.117751;-4.766567;-9.662423;-14.566307;-12.781590;-10.252750;-5.421471;-0.565886;4.309883,106.389061;120.204430;133.795395;132.636734;131.583801;130.626740;129.763702;115.696312;101.762085;103.094223;104.302101;105.397919,npp_d20151003_t1731466_e1737270_b20378,161.91,115.628,51.9887,99.4361,64.2641,67.5462
352,VBD_npp_d20151003_t1735240_x1096348E_y042942S_l1964_s0880_v23,2017-06-01 16:11:27,-4.294189,109.634819,19.6081,2015-10-03 17:35:24,2015-10-04 00:35:24,1964,880,0.393882,8,18913,0.710096,0.169184,0.842063,0.4,0.922808,0.75,0.0132496,0.0001,1.92821e-27,999999,-1.522939e-01,3,Indonesian Exclusive Economic Zone,WPP712,,SVDNB_npp_d20151003_t1731466_e1737270_b20378_c20151003233728467558_noaa_ops.h5,GDNBO_npp_d20151003_t1731466_e1737270_b20378_c20151003233728467298_noaa_ops.h5,SVI04_npp_d20151003_t1731466_e1737270_b20378_c20151003233728541959_noaa_ops.dspace_rad,VNFF_npp_d20151003_t1731466_e1737270_b20378_v21.csv,World_EEZ_v8_2014.shp,WPP_BFAR_merge.shp,KKP_IDN_merge_20161208.shp,VNF-VBD_npp_20120301-20151231_global_asia-enhanced_c201607211230.bitmask,NCEI_NGA.union.nga_lead2.add_2015ntl.mask,timezone.shp,VBD_platforms-recurring_2015_r20170330.shp,0.800949,VBD_bridges_c20160811.shp,9.202956;7.293124;4.987635;0.117751;-4.766567;-9.662423;-14.566307;-12.781590;-10.252750;-5.421471;-0.565886;4.309883,106.389061;120.204430;133.795395;132.636734;131.583801;130.626740;129.763702;115.696312;101.762085;103.094223;104.302101;105.397919,npp_d20151003_t1731466_e1737270_b20378,161.775,116.976,51.9869,99.1984,64.5102,67.3571
353,VBD_npp_d20151003_t1735169_x1097496E_y038204S_l1891_s0881_v23,2017-06-01 16:11:27,-3.820433,109.749626,66.4315,2015-10-03 17:35:16,2015-10-04 00:35:16,1891,881,0.393242,1,2529,1.1046,0.144805,0.907444,0.4,0.957998,0.75,0.013336,0.0001,3.99578e-27,999999,8.099516e-02,3,Indonesian Exclusive Economic Zone,WPP712,,SVDNB_npp_d20151003_t1731466_e1737270_b20378_c20151003233728467558_noaa_ops.h5,GDNBO_npp_d20151003_t1731466_e1737270_b20378_c20151003233728467298_noaa_ops.h5,SVI04_npp_d20151003_t1731466_e1737270_b20378_c20151003233728541959_noaa_ops.dspace_rad,VNFF_npp_d20151003_t1731466_e1737270_b20378_v21.csv,World_EEZ_v8_2014.shp,WPP_BFAR_merge.shp,KKP_IDN_merge_20161208.shp,VNF-VBD_npp_20120301-20151231_global_asia-enhanced_c201607211230.bitmask,NCEI_NGA.union.nga_lead2.add_2015ntl.mask,timezone.shp,VBD_platforms-recurring_2015_r20170330.shp,999999,VBD_bridges_c20160811.shp,9.202956;7.293124;4.987635;0.117751;-4.766567;-9.662423;-14.566307;-12.781590;-10.252750;-5.421471;-0.565886;4.309883,106.389061;120.204430;133.795395;132.636734;131.583801;130.626740;129.763702;115.696312;101.762085;103.094223;104.302101;105.397919,npp_d20151003_t1731466_e1737270_b20378,161.909,115.56,51.96,99.5859,64.2472,67.5525
354,VBD_npp_d20151003_t1735222_x1096711E_y041646S_l1944_s0881_v23,2017-06-01 16:11:27,-4.164590,109.671074,60.3069,2015-10-03 17:35:22,2015-10-04 00:35:22,1944,881,0.395162,1,2529,1.09126,0.146906,0.92249,0.4,0.964695,0.75,0.0132761,0.0001,2.5742e-27,999999,6.089379e-02,3,Indonesian Exclusive Economic Zone,WPP712,,SVDNB_npp_d20151003_t1731466_e1737270_b20378_c20151003233728467558_noaa_ops.h5,GDNBO_npp_d20151003_t1731466_e1737270_b20378_c20151003233728467298_noaa_ops.h5,SVI04_npp_d20151003_t1731466_e1737270_b20378_c20151003233728541959_noaa_ops.dspace_rad,VNFF_npp_d20151003_t1731466_e1737270_b20378_v21.csv,World_EEZ_v8_2014.shp,WPP_BFAR_merge.shp,KKP_IDN_merge_20161208.shp,VNF-VBD_npp_20120301-20151231_global_asia-enhanced_c201607211230.bitmask,NCEI_NGA.union.nga_lead2.add_2015ntl.mask,timezone.shp,VBD_platforms-recurring_2015_r20170330.shp,999999,VBD_bridges_c20160811.shp,9.202956;7.293124;4.987635;0.117751;-4.766567;-9.662423;-14.566307;-12.781590;-10.252750;-5.421471;-0.565886;4.309883,106.389061;120.204430;133.795395;132.636734;131.583801;130.626740;129.763702;115.696312;101.762085;103.094223;104.302101;105.397919,npp_d20151003_t1731466_e1737270_b20378,161.808,116.583,51.9568,99.3836,64.433,67.4087
355,VBD_npp_d20151003_t1735311_x1095555E_y046342S_l2017_s0881_v23,2017-06-01 16:11:27,-4.634172,109.555504,22.137,2015-10-03 17:35:31,2015-10-04 00:35:31,2017,881,0.396585,1,2529,0.689199,0.153151,0.938032,0.4,0.901296,0.75,0.0131418,0.0001,1.70195e-27,999999,2.417771e-02,3,Indonesian Exclusive Economic Zone,WPP712,,SVDNB_npp_d20151003_t1731466_e1737270_b20378_c20151003233728467558_noaa_ops.h5,GDNBO_npp_d20151003_t1731466_e1737270_b20378_c20151003233728467298_noaa_ops.h5,SVI04_npp_d20151003_t1731466_e1737270_b20378_c20151003233728541959_noaa_ops.dspace_rad,VNFF_npp_d20151003_t1731466_e1737270_b20378_v21.csv,World_EEZ_v8_2014.shp,WPP_BFAR_merge.shp,KKP_IDN_merge_20161208.shp,VNF-VBD_npp_20120301-20151231_global_asia-enhanced_c201607211230.bitmask,NCEI_NGA.union.nga_lead2.add_2015ntl.mask,timezone.shp,VBD_platforms-recurring_2015_r20170330.shp,999999,VBD_bridges_c20160811.shp,9.202956;7.293124;4.987635;0.117751;-4.766567;-9.662423;-14.566307;-12.781590;-10.252750;-5.421471;-0.565886;4.309883,106.389061;120.204430;133.795395;132.636734;131.583801;130.626740;129.763702;115.696312;101.762085;103.094223;104.302101;105.397919,npp_d20151003_t1731466_e1737270_b20378,161.662,117.963,51.9575,99.8105,64.6894,67.2159
356,VBD_npp_d20151003_t1735222_x1096697E_y042133S_l1951_s0882_v23,2017-06-01 16:11:27,-4.213278,109.669731,7.29607,2015-10-03 17:35:22,2015-10-04 00:35:22,1951,882,0.390183,1,2529,0.384488,0.154513,0.886015,0.4,0.866738,0.75,0.013272,0.0001,2.37082e-27,999999,-1.190351e-02,3,Indonesian Exclusive Economic Zone,WPP712,,SVDNB_npp_d20151003_t1731466_e1737270_b20378_c20151003233728467558_noaa_ops.h5,GDNBO_npp_d20151003_t1731466_e1737270_b20378_c20151003233728467298_noaa_ops.h5,SVI04_npp_d20151003_t1731466_e1737270_b20378_c20151003233728541959_noaa_ops.dspace_rad,VNFF_npp_d20151003_t1731466_e1737270_b20378_v21.csv,World_EEZ_v8_2014.shp,WPP_BFAR_merge.shp,KKP_IDN_merge_20161208.shp,VNF-VBD_npp_20120301-20151231_global_asia-enhanced_c201607211230.bitmask,NCEI_NGA.union.nga_lead2.add_2015ntl.mask,timezone.shp,VBD_platforms-recurring_2015_r20170330.shp,999999,VBD_bridges_c20160811.shp,9.202956;7.293124;4.987635;0.117751;-4.766567;-9.662423;-14.566307;-12.781590;-10.252750;-5.421471;-0.565886;4.309883,106.389061;120.204430;133.795395;132.636734;131.583801;130.626740;129.763702;115.696312;101.762085;103.094223;104.302101;105.397919,npp_d20151003_t1731466_e1737270_b20378,161.787,116.717,51.93,99.0325,64.4531,67.3868
357,VBD_npp_d20151003_t1735293_x1095731E_y046133S_l2013_s0882_v23,2017-06-01 16:11:27,-4.613289,109.573051,63.1009,2015-10-03 17:35:29,2015-10-04 00:35:29,2013,882,0.398078,1,2529,1.07882,0.15466,0.934903,0.4,0.958134,0.75,0.0131563,0.0001,1.56544e-27,999999,9.968372e-03,3,Indonesian Exclusive Economic Zone,WPP712,,SVDNB_npp_d20151003_t1731466_e1737270_b20378_c20151003233728467558_noaa_ops.h5,GDNBO_npp_d20151003_t1731466_e1737270_b20378_c20151003233728467298_noaa_ops.h5,SVI04_npp_d20151003_t1731466_e1737270_b20378_c20151003233728541959_noaa_ops.dspace_rad,VNFF_npp_d20151003_t1731466_e1737270_b20378_v21.csv,World_EEZ_v8_2014.shp,WPP_BFAR_merge.shp,KKP_IDN_merge_20161208.shp,VNF-VBD_npp_20120301-20151231_global_asia-enhanced_c201607211230.bitmask,NCEI_NGA.union.nga_lead2.add_2015ntl.mask,timezone.shp,VBD_platforms-recurring_2015_r20170330.shp,999999,VBD_bridges_c20160811.shp,9.202956;7.293124;4.987635;0.117751;-4.766567;-9.662423;-14.566307;-12.781590;-10.252750;-5.421471;-0.565886;4.309883,106.389061;120.204430;133.795395;132.636734;131.583801;130.626740;129.763702;115.696312;101.762085;103.094223;104.302101;105.397919,npp_d20151003_t1731466_e1737270_b20378,161.663,117.892,51.9304,99.1948,64.6716,67.2225
358,VBD_npp_d20151003_t1735311_x1095656E_y046569S_l2020_s0883_v23,2017-06-01 16:11:27,-4.656873,109.565559,13.0449,2015-10-03 17:35:31,2015-10-04 00:35:31,2020,883,0.396158,1,2529,0.554673,0.16217,0.918281,0.4,0.899201,0.75,0.0131416,0.0001,1.86498e-27,999999,-6.076866e-02,3,Indonesian Exclusive Economic Zone,WPP712,,SVDNB_npp_d20151003_t1731466_e1737270_b20378_c20151003233728467558_noaa_ops.h5,GDNBO_npp_d20151003_t1731466_e1737270_b20378_c20151003233728467298_noaa_ops.h5,SVI04_npp_d20151003_t1731466_e1737270_b20378_c20151003233728541959_noaa_ops.dspace_rad,VNFF_npp_d20151003_t1731466_e1737270_b20378_v21.csv,World_EEZ_v8_2014.shp,WPP_BFAR_merge.shp,KKP_IDN_merge_20161208.shp,VNF-VBD_npp_20120301-20151231_global_asia-enhanced_c201607211230.bitmask,NCEI_NGA.union.nga_lead2.add_2015ntl.mask,timezone.shp,VBD_platforms-recurring_2015_r20170330.shp,999999,VBD_bridges_c20160811.shp,9.202956;7.293124;4.987635;0.117751;-4.766567;-9.662423;-14.566307;-12.781590;-10.252750;-5.421471;-0.565886;4.309883,106.389061;120.204430;133.795395;132.636734;131.583801;130.626740;129.763702;115.696312;101.762085;103.094223;104.302101;105.397919,npp_d20151003_t1731466_e1737270_b20378,161.643,118.008,51.9002,99.6594,64.689,67.2029
359,VBD_npp_d20151003_t1735187_x1097392E_y039679S_l1913_s0884_v23,2017-06-01 16:11:27,-3.967860,109.739182,18.049,2015-10-03 17:35:18,2015-10-04 00:35:18,1913,884,0.39502,1,2529,0.698947,0.139549,0.848912,0.4,0.928662,0.75,0.0133228,0.0001,3.9884e-27,999999,1.312983e-01,3,Indonesian Exclusive Economic Zone,WPP712,,SVDNB_npp_d20151003_t1731466_e1737270_b20378_c20151003233728467558_noaa_ops.h5,GDNBO_npp_d20151003_t1731466_e1737270_b20378_c20151003233728467298_noaa_ops.h5,SVI04_npp_d20151003_t1731466_e1737270_b20378_c20151003233728541959_noaa_ops.dspace_rad,VNFF_npp_d20151003_t1731466_e1737270_b20378_v21.csv,World_EEZ_v8_2014.shp,WPP_BFAR_merge.shp,KKP_IDN_merge_20161208.shp,VNF-VBD_npp_20120301-20151231_global_asia-enhanced_c201607211230.bitmask,NCEI_NGA.union.nga_lead2.add_2015ntl.mask,timezone.shp,VBD_platforms-recurring_2015_r20170330.shp,999999,VBD_bridges_c20160811.shp,9.202956;7.293124;4.987635;0.117751;-4.766567;-9.662423;-14.566307;-12.781590;-10.252750;-5.421471;-0.565886;4.309883,106.389061;120.204430;133.795395;132.636734;131.583801;130.626740;129.763702;115.696312;101.762085;103.094223;104.302101;105.397919,npp_d20151003_t1731466_e1737270_b20378,161.847,115.97,51.8721,99.3013,64.3071,67.4852
360,VBD_npp_d20151003_t1735258_x1096386E_y043881S_l1978_s0884_v23,2017-06-01 16:11:27,-4.388104,109.638626,52.9323,2015-10-03 17:35:25,2015-10-04 00:35:25,1978,884,0.393882,1,2529,1.07758,0.167925,0.888374,0.4,0.9641,0.75,0.0132493,0.0001,2.45456e-27,999999,-1.402375e-01,3,Indonesian Exclusive Economic Zone,WPP712,,SVDNB_npp_d20151003_t1731466_e1737270_b20378_c20151003233728467558_noaa_ops.h5,GDNBO_npp_d20151003_t1731466_e1737270_b20378_c20151003233728467298_noaa_ops.h5,SVI04_npp_d20151003_t1731466_e1737270_b20378_c20151003233728541959_noaa_ops.dspace_rad,VNFF_npp_d20151003_t1731466_e1737270_b20378_v21.csv,World_EEZ_v8_2014.shp,WPP_BFAR_merge.shp,KKP_IDN_merge_20161208.shp,VNF-VBD_npp_20120301-20151231_global_asia-enhanced_c201607211230.bitmask,NCEI_NGA.union.nga_lead2.add_2015ntl.mask,timezone.shp,VBD_platforms-recurring_2015_r20170330.shp,999999,VBD_bridges_c20160811.shp,9.202956;7.293124;4.987635;0.117751;-4.766567;-9.662423;-14.566307;-12.781590;-10.252750;-5.421471;-0.565886;4.309883,106.389061;120.204430;133.795395;132.636734;131.583801;130.626740;129.763702;115.696312;101.762085;103.094223;104.302101;105.397919,npp_d20151003_t1731466_e1737270_b20378,161.722,117.214,51.8763,99.3136,64.5365,67.3112
361,VBD_npp_d20151003_t1735222_x1096923E_y042030S_l1949_s0885_v23,2017-06-01 16:11:27,-4.203032,109.692329,28.3195,2015-10-03 17:35:22,2015-10-04 00:35:22,1949,885,0.39566,1,2529,0.824313,0.154359,0.920363,0.4,0.933022,0.75,0.0132859,0.0001,3.15234e-27,999999,-1.042364e-02,3,Indonesian Exclusive Economic Zone,WPP712,,SVDNB_npp_d20151003_t1731466_e1737270_b20378_c20151003233728467558_noaa_ops.h5,GDNBO_npp_d20151003_t1731466_e1737270_b20378_c20151003233728467298_noaa_ops.h5,SVI04_npp_d20151003_t1731466_e1737270_b20378_c20151003233728541959_noaa_ops.dspace_rad,VNFF_npp_d20151003_t1731466_e1737270_b20378_v21.csv,World_EEZ_v8_2014.shp,WPP_BFAR_merge.shp,KKP_IDN_merge_20161208.shp,VNF-VBD_npp_20120301-20151231_global_asia-enhanced_c201607211230.bitmask,NCEI_NGA.union.nga_lead2.add_2015ntl.mask,timezone.shp,VBD_platforms-recurring_2015_r20170330.shp,999999,VBD_bridges_c20160811.shp,9.202956;7.293124;4.987635;0.117751;-4.766567;-9.662423;-14.566307;-12.781590;-10.252750;-5.421471;-0.565886;4.309883,106.389061;120.204430;133.795395;132.636734;131.583801;130.626740;129.763702;115.696312;101.762085;103.094223;104.302101;105.397919,npp_d20151003_t1731466_e1737270_b20378,161.772,116.657,51.8436,99.1308,64.4282,67.3855
362,VBD_npp_d20151003_t1735542_x1092530E_y060091S_l2229_s0885_v23,2017-06-01 16:11:27,-6.009104,109.252991,29.237,2015-10-03 17:35:54,2015-10-04 00:35:54,2229,885,0.398932,1,2529,0.916683,0.134704,0.899466,0.4,0.967693,0.75,0.0125981,0.0001,4.5867e-28,999999,1.979274e-01,3,Indonesian Exclusive Economic Zone,WPP712,,SVDNB_npp_d20151003_t1731466_e1737270_b20378_c20151003233728467558_noaa_ops.h5,GDNBO_npp_d20151003_t1731466_e1737270_b20378_c20151003233728467298_noaa_ops.h5,SVI04_npp_d20151003_t1731466_e1737270_b20378_c20151003233728541959_noaa_ops.dspace_rad,VNFF_npp_d20151003_t1731466_e1737270_b20378_v21.csv,World_EEZ_v8_2014.shp,WPP_BFAR_merge.shp,KKP_IDN_merge_20161208.shp,VNF-VBD_npp_20120301-20151231_global_asia-enhanced_c201607211230.bitmask,NCEI_NGA.union.nga_lead2.add_2015ntl.mask,timezone.shp,VBD_platforms-recurring_2015_r20170330.shp,999999,VBD_bridges_c20160811.shp,9.202956;7.293124;4.987635;0.117751;-4.766567;-9.662423;-14.566307;-12.781590;-10.252750;-5.421471;-0.565886;4.309883,106.389061;120.204430;133.795395;132.636734;131.583801;130.626740;129.763702;115.696312;101.762085;103.094223;104.302101;105.397919,npp_d20151003_t1731466_e1737270_b20378,161.155,121.83,51.8448,99.8171,65.4252,66.663
363,VBD_npp_d20151003_t1735471_x1093520E_y056446S_l2172_s0886_v23,2017-06-01 16:11:27,-5.644611,109.351959,62.2527,2015-10-03 17:35:47,2015-10-04 00:35:47,2172,886,0.388618,1,2529,1.16209,0.1521,0.90189,0.4,0.974521,0.75,0.0127523,0.0001,6.80664e-28,999999,3.407334e-02,3,Indonesian Exclusive Economic Zone,WPP712,,SVDNB_npp_d20151003_t1731466_e1737270_b20378_c20151003233728467558_noaa_ops.h5,GDNBO_npp_d20151003_t1731466_e1737270_b20378_c20151003233728467298_noaa_ops.h5,SVI04_npp_d20151003_t1731466_e1737270_b20378_c20151003233728541959_noaa_ops.dspace_rad,VNFF_npp_d20151003_t1731466_e1737270_b20378_v21.csv,World_EEZ_v8_2014.shp,WPP_BFAR_merge.shp,KKP_IDN_merge_20161208.shp,VNF-VBD_npp_20120301-20151231_global_asia-enhanced_c201607211230.bitmask,NCEI_NGA.union.nga_lead2.add_2015ntl.mask,timezone.shp,VBD_platforms-recurring_2015_r20170330.shp,999999,VBD_bridges_c20160811.shp,9.202956;7.293124;4.987635;0.117751;-4.766567;-9.662423;-14.566307;-12.781590;-10.252750;-5.421471;-0.565886;4.309883,106.389061;120.204430;133.795395;132.636734;131.583801;130.626740;129.763702;115.696312;101.762085;103.094223;104.302101;105.397919,npp_d20151003_t1731466_e1737270_b20378,161.285,120.802,51.8171,99.4001,65.2155,66.8027
364,VBD_npp_d20151003_t1732385_x1118645E_y053767N_l0470_s0887_v23,2017-06-01 16:11:27,5.376718,111.864548,191.999,2015-10-03 17:32:38,2015-10-04 01:32:38,470,887,0.358316,4,100845,1.40397,0.139291,0.862793,0.4,0.96481,0.75,0.0164423,0.0001,2.08494e-23,999999,-2.238345e-02,3,Malaysian Exclusive Economic Zone,,,SVDNB_npp_d20151003_t1731466_e1737270_b20378_c20151003233728467558_noaa_ops.h5,GDNBO_npp_d20151003_t1731466_e1737270_b20378_c20151003233728467298_noaa_ops.h5,SVI04_npp_d20151003_t1731466_e1737270_b20378_c20151003233728541959_noaa_ops.dspace_rad,VNFF_npp_d20151003_t1731466_e1737270_b20378_v21.csv,World_EEZ_v8_2014.shp,WPP_BFAR_merge.shp,KKP_IDN_merge_20161208.shp,VNF-VBD_npp_20120301-20151231_global_asia-enhanced_c201607211230.bitmask,NCEI_NGA.union.nga_lead2.add_2015ntl.mask,timezone.shp,VBD_platforms-recurring_2015_r20170330.shp,999999,VBD_bridges_c20160811.shp,9.202956;7.293124;4.987635;0.117751;-4.766567;-9.662423;-14.566307;-12.781590;-10.252750;-5.421471;-0.565886;4.309883,106.389061;120.204430;133.795395;132.636734;131.583801;130.626740;129.763702;115.696312;101.762085;103.094223;104.302101;105.397919,npp_d20151003_t1731466_e1737270_b20378,162.245,86.4316,51.7685,98.1838,59.6362,72.0668
365,VBD_npp_d20151003_t1735222_x1097116E_y041714S_l1944_s0887_v23,2017-06-01 16:11:27,-4.171366,109.711601,59.0898,2015-10-03 17:35:22,2015-10-04 00:35:22,1944,887,0.396585,1,2529,1.08339,0.136,0.908381,0.4,0.969043,0.75,0.0132994,0.0001,4.14067e-27,999999,1.652550e-01,3,Indonesian Exclusive Economic Zone,WPP712,,SVDNB_npp_d20151003_t1731466_e1737270_b20378_c20151003233728467558_noaa_ops.h5,GDNBO_npp_d20151003_t1731466_e1737270_b20378_c20151003233728467298_noaa_ops.h5,SVI04_npp_d20151003_t1731466_e1737270_b20378_c20151003233728541959_noaa_ops.dspace_rad,VNFF_npp_d20151003_t1731466_e1737270_b20378_v21.csv,World_EEZ_v8_2014.shp,WPP_BFAR_merge.shp,KKP_IDN_merge_20161208.shp,VNF-VBD_npp_20120301-20151231_global_asia-enhanced_c201607211230.bitmask,NCEI_NGA.union.nga_lead2.add_2015ntl.mask,timezone.shp,VBD_platforms-recurring_2015_r20170330.shp,999999,VBD_bridges_c20160811.shp,9.202956;7.293124;4.987635;0.117751;-4.766567;-9.662423;-14.566307;-12.781590;-10.252750;-5.421471;-0.565886;4.309883,106.389061;120.204430;133.795395;132.636734;131.583801;130.626740;129.763702;115.696312;101.762085;103.094223;104.302101;105.397919,npp_d20151003_t1731466_e1737270_b20378,161.769,116.544,51.7854,99.3806,64.398,67.395
366,VBD_npp_d20151003_t1735222_x1097070E_y041985S_l1948_s0887_v23,2017-06-01 16:11:27,-4.198475,109.706985,5.14993,2015-10-03 17:35:22,2015-10-04 00:35:22,1948,887,0.394451,7,18849,0.255344,0.145242,0.912515,0.4,0.716896,0.75,0.0132948,0.0001,3.77834e-27,999999,7.681702e-02,3,,,,SVDNB_npp_d20151003_t1731466_e1737270_b20378_c20151003233728467558_noaa_ops.h5,GDNBO_npp_d20151003_t1731466_e1737270_b20378_c20151003233728467298_noaa_ops.h5,SVI04_npp_d20151003_t1731466_e1737270_b20378_c20151003233728541959_noaa_ops.dspace_rad,VNFF_npp_d20151003_t1731466_e1737270_b20378_v21.csv,World_EEZ_v8_2014.shp,WPP_BFAR_merge.shp,KKP_IDN_merge_20161208.shp,VNF-VBD_npp_20120301-20151231_global_asia-enhanced_c201607211230.bitmask,NCEI_NGA.union.nga_lead2.add_2015ntl.mask,timezone.shp,VBD_platforms-recurring_2015_r20170330.shp,0.355616,VBD_bridges_c20160811.shp,9.202956;7.293124;4.987635;0.117751;-4.766567;-9.662423;-14.566307;-12.781590;-10.252750;-5.421471;-0.565886;4.309883,106.389061;120.204430;133.795395;132.636734;131.583801;130.626740;129.763702;115.696312;101.762085;103.094223;104.302101;105.397919,npp_d20151003_t1731466_e1737270_b20378,161.761,116.624,51.7862,99.1798,64.4128,67.3837
367,VBD_npp_d20151003_t1735240_x1096833E_y042952S_l1963_s0887_v23,2017-06-01 16:11:27,-4.295244,109.683319,59.555,2015-10-03 17:35:24,2015-10-04 00:35:24,1963,887,0.393739,1,2529,1.05311,0.164026,0.888721,0.4,0.944199,0.75,0.0132779,0.0001,3.44557e-27,999999,-1.029303e-01,3,Indonesian Exclusive Economic Zone,WPP712,,SVDNB_npp_d20151003_t1731466_e1737270_b20378_c20151003233728467558_noaa_ops.h5,GDNBO_npp_d20151003_t1731466_e1737270_b20378_c20151003233728467298_noaa_ops.h5,SVI04_npp_d20151003_t1731466_e1737270_b20378_c20151003233728541959_noaa_ops.dspace_rad,VNFF_npp_d20151003_t1731466_e1737270_b20378_v21.csv,World_EEZ_v8_2014.shp,WPP_BFAR_merge.shp,KKP_IDN_merge_20161208.shp,VNF-VBD_npp_20120301-20151231_global_asia-enhanced_c201607211230.bitmask,NCEI_NGA.union.nga_lead2.add_2015ntl.mask,timezone.shp,VBD_platforms-recurring_2015_r20170330.shp,999999,VBD_bridges_c20160811.shp,9.202956;7.293124;4.987635;0.117751;-4.766567;-9.662423;-14.566307;-12.781590;-10.252750;-5.421471;-0.565886;4.309883,106.389061;120.204430;133.795395;132.636734;131.583801;130.626740;129.763702;115.696312;101.762085;103.094223;104.302101;105.397919,npp_d20151003_t1731466_e1737270_b20378,161.732,116.909,51.7867,99.2444,64.4656,67.3437
368,VBD_npp_d20151003_t1735293_x1096057E_y046257S_l2014_s0887_v23,2017-06-01 16:11:27,-4.625665,109.605675,18.8904,2015-10-03 17:35:29,2015-10-04 00:35:29,2014,887,0.394878,1,2529,0.665316,0.162726,0.923466,0.4,0.911816,0.75,0.013173,0.0001,2.28166e-27,999999,-6.601009e-02,3,Indonesian Exclusive Economic Zone,WPP712,,SVDNB_npp_d20151003_t1731466_e1737270_b20378_c20151003233728467558_noaa_ops.h5,GDNBO_npp_d20151003_t1731466_e1737270_b20378_c20151003233728467298_noaa_ops.h5,SVI04_npp_d20151003_t1731466_e1737270_b20378_c20151003233728541959_noaa_ops.dspace_rad,VNFF_npp_d20151003_t1731466_e1737270_b20378_v21.csv,World_EEZ_v8_2014.shp,WPP_BFAR_merge.shp,KKP_IDN_merge_20161208.shp,VNF-VBD_npp_20120301-20151231_global_asia-enhanced_c201607211230.bitmask,NCEI_NGA.union.nga_lead2.add_2015ntl.mask,timezone.shp,VBD_platforms-recurring_2015_r20170330.shp,999999,VBD_bridges_c20160811.shp,9.202956;7.293124;4.987635;0.117751;-4.766567;-9.662423;-14.566307;-12.781590;-10.252750;-5.421471;-0.565886;4.309883,106.389061;120.204430;133.795395;132.636734;131.583801;130.626740;129.763702;115.696312;101.762085;103.094223;104.302101;105.397919,npp_d20151003_t1731466_e1737270_b20378,161.629,117.876,51.7879,99.1413,64.6463,67.2081
369,VBD_npp_d20151003_t1732421_x1118229E_y051478N_l0505_s0888_v23,2017-06-01 16:11:27,5.147829,111.822891,82.149,2015-10-03 17:32:42,2015-10-04 01:32:42,505,888,0.351417,4,100837,1.10656,0.127873,0.860281,0.4,0.960927,0.75,0.0163704,0.0001,1.81511e-23,999999,9.967572e-02,3,Malaysian Exclusive Economic Zone,,,SVDNB_npp_d20151003_t1731466_e1737270_b20378_c20151003233728467558_noaa_ops.h5,GDNBO_npp_d20151003_t1731466_e1737270_b20378_c20151003233728467298_noaa_ops.h5,SVI04_npp_d20151003_t1731466_e1737270_b20378_c20151003233728541959_noaa_ops.dspace_rad,VNFF_npp_d20151003_t1731466_e1737270_b20378_v21.csv,World_EEZ_v8_2014.shp,WPP_BFAR_merge.shp,KKP_IDN_merge_20161208.shp,VNF-VBD_npp_20120301-20151231_global_asia-enhanced_c201607211230.bitmask,NCEI_NGA.union.nga_lead2.add_2015ntl.mask,timezone.shp,VBD_platforms-recurring_2015_r20170330.shp,999999,VBD_bridges_c20160811.shp,9.202956;7.293124;4.987635;0.117751;-4.766567;-9.662423;-14.566307;-12.781590;-10.252750;-5.421471;-0.565886;4.309883,106.389061;120.204430;133.795395;132.636734;131.583801;130.626740;129.763702;115.696312;101.762085;103.094223;104.302101;105.397919,npp_d20151003_t1731466_e1737270_b20378,162.284,87.139,51.7443,98.0587,59.7337,71.9379
370,VBD_npp_d20151003_t1735293_x1096147E_y046132S_l2012_s0888_v23,2017-06-01 16:11:27,-4.613231,109.614738,64.7299,2015-10-03 17:35:29,2015-10-04 00:35:29,2012,888,0.396442,1,2529,1.12323,0.161931,0.923466,0.4,0.969057,0.75,0.0131822,0.0001,2.58908e-27,999999,-5.851817e-02,3,Indonesian Exclusive Economic Zone,WPP712,,SVDNB_npp_d20151003_t1731466_e1737270_b20378_c20151003233728467558_noaa_ops.h5,GDNBO_npp_d20151003_t1731466_e1737270_b20378_c20151003233728467298_noaa_ops.h5,SVI04_npp_d20151003_t1731466_e1737270_b20378_c20151003233728541959_noaa_ops.dspace_rad,VNFF_npp_d20151003_t1731466_e1737270_b20378_v21.csv,World_EEZ_v8_2014.shp,WPP_BFAR_merge.shp,KKP_IDN_merge_20161208.shp,VNF-VBD_npp_20120301-20151231_global_asia-enhanced_c201607211230.bitmask,NCEI_NGA.union.nga_lead2.add_2015ntl.mask,timezone.shp,VBD_platforms-recurring_2015_r20170330.shp,999999,VBD_bridges_c20160811.shp,9.202956;7.293124;4.987635;0.117751;-4.766567;-9.662423;-14.566307;-12.781590;-10.252750;-5.421471;-0.565886;4.309883,106.389061;120.204430;133.795395;132.636734;131.583801;130.626740;129.763702;115.696312;101.762085;103.094223;104.302101;105.397919,npp_d20151003_t1731466_e1737270_b20378,161.626,117.83,51.7588,99.241,64.633,67.2113
371,VBD_npp_d20151003_t1735364_x1095459E_y049692S_l2067_s0891_v23,2017-06-01 16:11:27,-4.969223,109.545906,56.8811,2015-10-03 17:35:36,2015-10-04 00:35:36,2067,891,0.392103,1,2529,1.1477,0.150403,0.900475,0.4,0.978112,0.75,0.013048,0.0001,2.55078e-27,999999,5.006202e-02,3,Indonesian Exclusive Economic Zone,WPP712,,SVDNB_npp_d20151003_t1731466_e1737270_b20378_c20151003233728467558_noaa_ops.h5,GDNBO_npp_d20151003_t1731466_e1737270_b20378_c20151003233728467298_noaa_ops.h5,SVI04_npp_d20151003_t1731466_e1737270_b20378_c20151003233728541959_noaa_ops.dspace_rad,VNFF_npp_d20151003_t1731466_e1737270_b20378_v21.csv,World_EEZ_v8_2014.shp,WPP_BFAR_merge.shp,KKP_IDN_merge_20161208.shp,VNF-VBD_npp_20120301-20151231_global_asia-enhanced_c201607211230.bitmask,NCEI_NGA.union.nga_lead2.add_2015ntl.mask,timezone.shp,VBD_platforms-recurring_2015_r20170330.shp,999999,VBD_bridges_c20160811.shp,9.202956;7.293124;4.987635;0.117751;-4.766567;-9.662423;-14.566307;-12.781590;-10.252750;-5.421471;-0.565886;4.309883,106.389061;120.204430;133.795395;132.636734;131.583801;130.626740;129.763702;115.696312;101.762085;103.094223;104.302101;105.397919,npp_d20151003_t1731466_e1737270_b20378,161.492,118.828,51.6732,99.754,64.8096,67.0613
372,VBD_npp_d20151003_t1735240_x1097250E_y042535S_l1956_s0892_v23,2017-06-01 16:11:27,-4.253487,109.724983,75.313,2015-10-03 17:35:24,2015-10-04 00:35:24,1956,892,0.393668,1,2529,1.16697,0.166427,0.91675,0.4,0.962805,0.75,0.0133052,0.0001,5.98368e-27,999999,-1.259082e-01,3,Indonesian Exclusive Economic Zone,WPP712,,SVDNB_npp_d20151003_t1731466_e1737270_b20378_c20151003233728467558_noaa_ops.h5,GDNBO_npp_d20151003_t1731466_e1737270_b20378_c20151003233728467298_noaa_ops.h5,SVI04_npp_d20151003_t1731466_e1737270_b20378_c20151003233728541959_noaa_ops.dspace_rad,VNFF_npp_d20151003_t1731466_e1737270_b20378_v21.csv,World_EEZ_v8_2014.shp,WPP_BFAR_merge.shp,KKP_IDN_merge_20161208.shp,VNF-VBD_npp_20120301-20151231_global_asia-enhanced_c201607211230.bitmask,NCEI_NGA.union.nga_lead2.add_2015ntl.mask,timezone.shp,VBD_platforms-recurring_2015_r20170330.shp,999999,VBD_bridges_c20160811.shp,9.202956;7.293124;4.987635;0.117751;-4.766567;-9.662423;-14.566307;-12.781590;-10.252750;-5.421471;-0.565886;4.309883,106.389061;120.204430;133.795395;132.636734;131.583801;130.626740;129.763702;115.696312;101.762085;103.094223;104.302101;105.397919,npp_d20151003_t1731466_e1737270_b20378,161.713,116.737,51.643,99.5935,64.4108,67.3518
373,VBD_npp_d20151003_t1735311_x1096285E_y046537S_l2018_s0892_v23,2017-06-01 16:11:27,-4.653675,109.628464,35.9111,2015-10-03 17:35:31,2015-10-04 00:35:31,2018,892,0.398576,1,2529,0.941012,0.140896,0.916117,0.4,0.951355,0.75,0.0131817,0.0001,3.99094e-27,999999,1.396050e-01,3,Indonesian Exclusive Economic Zone,WPP712,,SVDNB_npp_d20151003_t1731466_e1737270_b20378_c20151003233728467558_noaa_ops.h5,GDNBO_npp_d20151003_t1731466_e1737270_b20378_c20151003233728467298_noaa_ops.h5,SVI04_npp_d20151003_t1731466_e1737270_b20378_c20151003233728541959_noaa_ops.dspace_rad,VNFF_npp_d20151003_t1731466_e1737270_b20378_v21.csv,World_EEZ_v8_2014.shp,WPP_BFAR_merge.shp,KKP_IDN_merge_20161208.shp,VNF-VBD_npp_20120301-20151231_global_asia-enhanced_c201607211230.bitmask,NCEI_NGA.union.nga_lead2.add_2015ntl.mask,timezone.shp,VBD_platforms-recurring_2015_r20170330.shp,999999,VBD_bridges_c20160811.shp,9.202956;7.293124;4.987635;0.117751;-4.766567;-9.662423;-14.566307;-12.781590;-10.252750;-5.421471;-0.565886;4.309883,106.389061;120.204430;133.795395;132.636734;131.583801;130.626740;129.763702;115.696312;101.762085;103.094223;104.302101;105.397919,npp_d20151003_t1731466_e1737270_b20378,161.589,117.906,51.6433,99.7555,64.6295,67.1873
374,VBD_npp_d20151003_t1735240_x1097202E_y043222S_l1966_s0893_v23,2017-06-01 16:11:27,-4.322200,109.720154,58.6265,2015-10-03 17:35:24,2015-10-04 00:35:24,1966,893,0.394878,1,2529,1.08688,0.161389,0.909134,0.4,0.962154,0.75,0.0132977,0.0001,5.15249e-27,999999,-7.769830e-02,3,Indonesian Exclusive Economic Zone,WPP712,,SVDNB_npp_d20151003_t1731466_e1737270_b20378_c20151003233728467558_noaa_ops.h5,GDNBO_npp_d20151003_t1731466_e1737270_b20378_c20151003233728467298_noaa_ops.h5,SVI04_npp_d20151003_t1731466_e1737270_b20378_c20151003233728541959_noaa_ops.dspace_rad,VNFF_npp_d20151003_t1731466_e1737270_b20378_v21.csv,World_EEZ_v8_2014.shp,WPP_BFAR_merge.shp,KKP_IDN_merge_20161208.shp,VNF-VBD_npp_20120301-20151231_global_asia-enhanced_c201607211230.bitmask,NCEI_NGA.union.nga_lead2.add_2015ntl.mask,timezone.shp,VBD_platforms-recurring_2015_r20170330.shp,999999,VBD_bridges_c20160811.shp,9.202956;7.293124;4.987635;0.117751;-4.766567;-9.662423;-14.566307;-12.781590;-10.252750;-5.421471;-0.565886;4.309883,106.389061;120.204430;133.795395;132.636734;131.583801;130.626740;129.763702;115.696312;101.762085;103.094223;104.302101;105.397919,npp_d20151003_t1731466_e1737270_b20378,161.687,116.929,51.6163,99.0899,64.442,67.3216
375,VBD_npp_d20151003_t1735222_x1097494E_y042333S_l1952_s0894_v23,2017-06-01 16:11:27,-4.233251,109.749352,63.1375,2015-10-03 17:35:22,2015-10-04 00:35:22,1952,894,0.395873,1,2529,1.06996,0.140983,0.91267,0.4,0.965786,0.75,0.0133173,0.0001,5.96416e-27,999999,1.175708e-01,3,Indonesian Exclusive Economic Zone,WPP712,,SVDNB_npp_d20151003_t1731466_e1737270_b20378_c20151003233728467558_noaa_ops.h5,GDNBO_npp_d20151003_t1731466_e1737270_b20378_c20151003233728467298_noaa_ops.h5,SVI04_npp_d20151003_t1731466_e1737270_b20378_c20151003233728541959_noaa_ops.dspace_rad,VNFF_npp_d20151003_t1731466_e1737270_b20378_v21.csv,World_EEZ_v8_2014.shp,WPP_BFAR_merge.shp,KKP_IDN_merge_20161208.shp,VNF-VBD_npp_20120301-20151231_global_asia-enhanced_c201607211230.bitmask,NCEI_NGA.union.nga_lead2.add_2015ntl.mask,timezone.shp,VBD_platforms-recurring_2015_r20170330.shp,999999,VBD_bridges_c20160811.shp,9.202956;7.293124;4.987635;0.117751;-4.766567;-9.662423;-14.566307;-12.781590;-10.252750;-5.421471;-0.565886;4.309883,106.389061;120.204430;133.795395;132.636734;131.583801;130.626740;129.763702;115.696312;101.762085;103.094223;104.302101;105.397919,npp_d20151003_t1731466_e1737270_b20378,161.707,116.658,51.5878,98.9743,64.387,67.3565
376,VBD_npp_d20151003_t1735240_x1097485E_y042366S_l1953_s0895_v23,2017-06-01 16:11:27,-4.236626,109.748474,65.5393,2015-10-03 17:35:24,2015-10-04 00:35:24,1953,895,0.395873,1,2529,1.08564,0.153959,0.91066,0.4,0.965457,0.75,0.01332,0.0001,8.07892e-27,999999,-6.597472e-03,3,Indonesian Exclusive Economic Zone,WPP712,,SVDNB_npp_d20151003_t1731466_e1737270_b20378_c20151003233728467558_noaa_ops.h5,GDNBO_npp_d20151003_t1731466_e1737270_b20378_c20151003233728467298_noaa_ops.h5,SVI04_npp_d20151003_t1731466_e1737270_b20378_c20151003233728541959_noaa_ops.dspace_rad,VNFF_npp_d20151003_t1731466_e1737270_b20378_v21.csv,World_EEZ_v8_2014.shp,WPP_BFAR_merge.shp,KKP_IDN_merge_20161208.shp,VNF-VBD_npp_20120301-20151231_global_asia-enhanced_c201607211230.bitmask,NCEI_NGA.union.nga_lead2.add_2015ntl.mask,timezone.shp,VBD_platforms-recurring_2015_r20170330.shp,999999,VBD_bridges_c20160811.shp,9.202956;7.293124;4.987635;0.117751;-4.766567;-9.662423;-14.566307;-12.781590;-10.252750;-5.421471;-0.565886;4.309883,106.389061;120.204430;133.795395;132.636734;131.583801;130.626740;129.763702;115.696312;101.762085;103.094223;104.302101;105.397919,npp_d20151003_t1731466_e1737270_b20378,161.7,116.657,51.5575,99.7433,64.3825,67.3533
377,VBD_npp_d20151003_t1735293_x1096663E_y045940S_l2008_s0895_v23,2017-06-01 16:11:27,-4.594026,109.666321,88.1315,2015-10-03 17:35:29,2015-10-04 00:35:29,2008,895,0.395162,8,18913,1.23856,0.169443,0.929967,0.4,0.973419,0.75,0.0132196,0.0001,4.9303e-27,999999,-1.547657e-01,3,Indonesian Exclusive Economic Zone,WPP712,,SVDNB_npp_d20151003_t1731466_e1737270_b20378_c20151003233728467558_noaa_ops.h5,GDNBO_npp_d20151003_t1731466_e1737270_b20378_c20151003233728467298_noaa_ops.h5,SVI04_npp_d20151003_t1731466_e1737270_b20378_c20151003233728541959_noaa_ops.dspace_rad,VNFF_npp_d20151003_t1731466_e1737270_b20378_v21.csv,World_EEZ_v8_2014.shp,WPP_BFAR_merge.shp,KKP_IDN_merge_20161208.shp,VNF-VBD_npp_20120301-20151231_global_asia-enhanced_c201607211230.bitmask,NCEI_NGA.union.nga_lead2.add_2015ntl.mask,timezone.shp,VBD_platforms-recurring_2015_r20170330.shp,0.468754,VBD_bridges_c20160811.shp,9.202956;7.293124;4.987635;0.117751;-4.766567;-9.662423;-14.566307;-12.781590;-10.252750;-5.421471;-0.565886;4.309883,106.389061;120.204430;133.795395;132.636734;131.583801;130.626740;129.763702;115.696312;101.762085;103.094223;104.302101;105.397919,npp_d20151003_t1731466_e1737270_b20378,161.59,117.703,51.5583,99.4379,64.5778,67.2061
378,VBD_npp_d20151003_t1735240_x1097549E_y042794S_l1959_s0897_v23,2017-06-01 16:11:27,-4.279377,109.754929,99.2254,2015-10-03 17:35:24,2015-10-04 00:35:24,1959,897,0.398719,1,2529,1.23725,0.128904,0.924359,0.4,0.971322,0.75,0.0133207,0.0001,8.24576e-27,999999,2.331555e-01,3,Indonesian Exclusive Economic Zone,WPP712,,SVDNB_npp_d20151003_t1731466_e1737270_b20378_c20151003233728467558_noaa_ops.h5,GDNBO_npp_d20151003_t1731466_e1737270_b20378_c20151003233728467298_noaa_ops.h5,SVI04_npp_d20151003_t1731466_e1737270_b20378_c20151003233728541959_noaa_ops.dspace_rad,VNFF_npp_d20151003_t1731466_e1737270_b20378_v21.csv,World_EEZ_v8_2014.shp,WPP_BFAR_merge.shp,KKP_IDN_merge_20161208.shp,VNF-VBD_npp_20120301-20151231_global_asia-enhanced_c201607211230.bitmask,NCEI_NGA.union.nga_lead2.add_2015ntl.mask,timezone.shp,VBD_platforms-recurring_2015_r20170330.shp,999999,VBD_bridges_c20160811.shp,9.202956;7.293124;4.987635;0.117751;-4.766567;-9.662423;-14.566307;-12.781590;-10.252750;-5.421471;-0.565886;4.309883,106.389061;120.204430;133.795395;132.636734;131.583801;130.626740;129.763702;115.696312;101.762085;103.094223;104.302101;105.397919,npp_d20151003_t1731466_e1737270_b20378,161.675,116.764,51.5007,99.4401,64.3931,67.3319
379,VBD_npp_d20151003_t1735293_x1096774E_y046098S_l2010_s0897_v23,2017-06-01 16:11:27,-4.609759,109.677368,33.7447,2015-10-03 17:35:29,2015-10-04 00:35:29,2010,897,0.396442,1,2529,0.865406,0.161225,0.929967,0.4,0.936592,0.75,0.0132218,0.0001,5.50553e-27,999999,-7.612590e-02,3,Indonesian Exclusive Economic Zone,WPP712,,SVDNB_npp_d20151003_t1731466_e1737270_b20378_c20151003233728467558_noaa_ops.h5,GDNBO_npp_d20151003_t1731466_e1737270_b20378_c20151003233728467298_noaa_ops.h5,SVI04_npp_d20151003_t1731466_e1737270_b20378_c20151003233728541959_noaa_ops.dspace_rad,VNFF_npp_d20151003_t1731466_e1737270_b20378_v21.csv,World_EEZ_v8_2014.shp,WPP_BFAR_merge.shp,KKP_IDN_merge_20161208.shp,VNF-VBD_npp_20120301-20151231_global_asia-enhanced_c201607211230.bitmask,NCEI_NGA.union.nga_lead2.add_2015ntl.mask,timezone.shp,VBD_platforms-recurring_2015_r20170330.shp,999999,VBD_bridges_c20160811.shp,9.202956;7.293124;4.987635;0.117751;-4.766567;-9.662423;-14.566307;-12.781590;-10.252750;-5.421471;-0.565886;4.309883,106.389061;120.204430;133.795395;132.636734;131.583801;130.626740;129.763702;115.696312;101.762085;103.094223;104.302101;105.397919,npp_d20151003_t1731466_e1737270_b20378,161.573,117.728,51.5017,99.336,64.5737,67.1959
380,VBD_npp_d20151003_t1735293_x1096863E_y045974S_l2008_s0898_v23,2017-06-01 16:11:27,-4.597390,109.686333,45.649,2015-10-03 17:35:29,2015-10-04 00:35:29,2008,898,0.394237,1,2529,0.965686,0.152159,0.929967,0.4,0.948118,0.75,0.0132308,0.0001,6.22964e-27,999999,1.062474e-02,3,Indonesian Exclusive Economic Zone,WPP712,,SVDNB_npp_d20151003_t1731466_e1737270_b20378_c20151003233728467558_noaa_ops.h5,GDNBO_npp_d20151003_t1731466_e1737270_b20378_c20151003233728467298_noaa_ops.h5,SVI04_npp_d20151003_t1731466_e1737270_b20378_c20151003233728541959_noaa_ops.dspace_rad,VNFF_npp_d20151003_t1731466_e1737270_b20378_v21.csv,World_EEZ_v8_2014.shp,WPP_BFAR_merge.shp,KKP_IDN_merge_20161208.shp,VNF-VBD_npp_20120301-20151231_global_asia-enhanced_c201607211230.bitmask,NCEI_NGA.union.nga_lead2.add_2015ntl.mask,timezone.shp,VBD_platforms-recurring_2015_r20170330.shp,999999,VBD_bridges_c20160811.shp,9.202956;7.293124;4.987635;0.117751;-4.766567;-9.662423;-14.566307;-12.781590;-10.252750;-5.421471;-0.565886;4.309883,106.389061;120.204430;133.795395;132.636734;131.583801;130.626740;129.763702;115.696312;101.762085;103.094223;104.302101;105.397919,npp_d20151003_t1731466_e1737270_b20378,161.571,117.682,51.4728,99.4363,64.5606,67.1991
381,VBD_npp_d20151003_t1735240_x1097636E_y043086S_l1963_s0899_v23,2017-06-01 16:11:27,-4.308563,109.763634,50.8391,2015-10-03 17:35:24,2015-10-04 00:35:24,1963,899,0.395589,1,2529,1.01067,0.158073,0.925809,0.4,0.956534,0.75,0.0133236,0.0001,8.78957e-27,999999,-4.596871e-02,3,Indonesian Exclusive Economic Zone,WPP712,,SVDNB_npp_d20151003_t1731466_e1737270_b20378_c20151003233728467558_noaa_ops.h5,GDNBO_npp_d20151003_t1731466_e1737270_b20378_c20151003233728467298_noaa_ops.h5,SVI04_npp_d20151003_t1731466_e1737270_b20378_c20151003233728541959_noaa_ops.dspace_rad,VNFF_npp_d20151003_t1731466_e1737270_b20378_v21.csv,World_EEZ_v8_2014.shp,WPP_BFAR_merge.shp,KKP_IDN_merge_20161208.shp,VNF-VBD_npp_20120301-20151231_global_asia-enhanced_c201607211230.bitmask,NCEI_NGA.union.nga_lead2.add_2015ntl.mask,timezone.shp,VBD_platforms-recurring_2015_r20170330.shp,999999,VBD_bridges_c20160811.shp,9.202956;7.293124;4.987635;0.117751;-4.766567;-9.662423;-14.566307;-12.781590;-10.252750;-5.421471;-0.565886;4.309883,106.389061;120.204430;133.795395;132.636734;131.583801;130.626740;129.763702;115.696312;101.762085;103.094223;104.302101;105.397919,npp_d20151003_t1731466_e1737270_b20378,161.654,116.83,51.4446,99.2374,64.3964,67.3162
382,VBD_npp_d20151003_t1735240_x1097817E_y042423S_l1953_s0900_v23,2017-06-01 16:11:27,-4.242305,109.781731,3.17085,2015-10-03 17:35:24,2015-10-04 00:35:24,1953,900,0.401137,2,2209,0.136605,0.113997,0.899789,0.4,0.609745,0.75,0.0133387,0.0001,1.18722e-26,999999,3.758104e-01,3,Indonesian Exclusive Economic Zone,WPP712,,SVDNB_npp_d20151003_t1731466_e1737270_b20378_c20151003233728467558_noaa_ops.h5,GDNBO_npp_d20151003_t1731466_e1737270_b20378_c20151003233728467298_noaa_ops.h5,SVI04_npp_d20151003_t1731466_e1737270_b20378_c20151003233728541959_noaa_ops.dspace_rad,VNFF_npp_d20151003_t1731466_e1737270_b20378_v21.csv,World_EEZ_v8_2014.shp,WPP_BFAR_merge.shp,KKP_IDN_merge_20161208.shp,VNF-VBD_npp_20120301-20151231_global_asia-enhanced_c201607211230.bitmask,NCEI_NGA.union.nga_lead2.add_2015ntl.mask,timezone.shp,VBD_platforms-recurring_2015_r20170330.shp,999999,VBD_bridges_c20160811.shp,9.202956;7.293124;4.987635;0.117751;-4.766567;-9.662423;-14.566307;-12.781590;-10.252750;-5.421471;-0.565886;4.309883,106.389061;120.204430;133.795395;132.636734;131.583801;130.626740;129.763702;115.696312;101.762085;103.094223;104.302101;105.397919,npp_d20151003_t1731466_e1737270_b20378,161.668,116.625,51.4152,99.7414,64.3539,67.3419
383,VBD_npp_d20151003_t1735329_x1096471E_y048198S_l2042_s0900_v23,2017-06-01 16:11:27,-4.819756,109.647095,47.9792,2015-10-03 17:35:32,2015-10-04 00:35:32,2042,900,0.397936,1,2529,1.05477,0.148076,0.895705,0.4,0.963973,0.75,0.0131482,0.0001,5.50381e-27,999999,7.198147e-02,3,Indonesian Exclusive Economic Zone,WPP712,,SVDNB_npp_d20151003_t1731466_e1737270_b20378_c20151003233728467558_noaa_ops.h5,GDNBO_npp_d20151003_t1731466_e1737270_b20378_c20151003233728467298_noaa_ops.h5,SVI04_npp_d20151003_t1731466_e1737270_b20378_c20151003233728541959_noaa_ops.dspace_rad,VNFF_npp_d20151003_t1731466_e1737270_b20378_v21.csv,World_EEZ_v8_2014.shp,WPP_BFAR_merge.shp,KKP_IDN_merge_20161208.shp,VNF-VBD_npp_20120301-20151231_global_asia-enhanced_c201607211230.bitmask,NCEI_NGA.union.nga_lead2.add_2015ntl.mask,timezone.shp,VBD_platforms-recurring_2015_r20170330.shp,999999,VBD_bridges_c20160811.shp,9.202956;7.293124;4.987635;0.117751;-4.766567;-9.662423;-14.566307;-12.781590;-10.252750;-5.421471;-0.565886;4.309883,106.389061;120.204430;133.795395;132.636734;131.583801;130.626740;129.763702;115.696312;101.762085;103.094223;104.302101;105.397919,npp_d20151003_t1731466_e1737270_b20378,161.488,118.306,51.4194,99.3656,64.6706,67.1049
384,VBD_npp_d20151003_t1735258_x1097467E_y044407S_l1983_s0901_v23,2017-06-01 16:11:27,-4.440738,109.746742,55.178,2015-10-03 17:35:25,2015-10-04 00:35:25,1983,901,0.395091,1,2529,1.09365,0.156579,0.891083,0.4,0.958062,0.75,0.0133084,0.0001,8.29083e-27,999999,-3.167209e-02,3,Indonesian Exclusive Economic Zone,WPP712,,SVDNB_npp_d20151003_t1731466_e1737270_b20378_c20151003233728467558_noaa_ops.h5,GDNBO_npp_d20151003_t1731466_e1737270_b20378_c20151003233728467298_noaa_ops.h5,SVI04_npp_d20151003_t1731466_e1737270_b20378_c20151003233728541959_noaa_ops.dspace_rad,VNFF_npp_d20151003_t1731466_e1737270_b20378_v21.csv,World_EEZ_v8_2014.shp,WPP_BFAR_merge.shp,KKP_IDN_merge_20161208.shp,VNF-VBD_npp_20120301-20151231_global_asia-enhanced_c201607211230.bitmask,NCEI_NGA.union.nga_lead2.add_2015ntl.mask,timezone.shp,VBD_platforms-recurring_2015_r20170330.shp,999999,VBD_bridges_c20160811.shp,9.202956;7.293124;4.987635;0.117751;-4.766567;-9.662423;-14.566307;-12.781590;-10.252750;-5.421471;-0.565886;4.309883,106.389061;120.204430;133.795395;132.636734;131.583801;130.626740;129.763702;115.696312;101.762085;103.094223;104.302101;105.397919,npp_d20151003_t1731466_e1737270_b20378,161.603,117.198,51.3929,99.0515,64.4568,67.2582
385,VBD_npp_d20151003_t1735293_x1097028E_y046209S_l2011_s0901_v23,2017-06-01 16:11:27,-4.620936,109.702820,70.2098,2015-10-03 17:35:29,2015-10-04 00:35:29,2011,901,0.397652,1,2529,1.15447,0.154198,0.929835,0.4,0.968553,0.75,0.0132341,0.0001,7.33973e-27,999999,-8.886583e-03,3,Indonesian Exclusive Economic Zone,WPP712,,SVDNB_npp_d20151003_t1731466_e1737270_b20378_c20151003233728467558_noaa_ops.h5,GDNBO_npp_d20151003_t1731466_e1737270_b20378_c20151003233728467298_noaa_ops.h5,SVI04_npp_d20151003_t1731466_e1737270_b20378_c20151003233728541959_noaa_ops.dspace_rad,VNFF_npp_d20151003_t1731466_e1737270_b20378_v21.csv,World_EEZ_v8_2014.shp,WPP_BFAR_merge.shp,KKP_IDN_merge_20161208.shp,VNF-VBD_npp_20120301-20151231_global_asia-enhanced_c201607211230.bitmask,NCEI_NGA.union.nga_lead2.add_2015ntl.mask,timezone.shp,VBD_platforms-recurring_2015_r20170330.shp,999999,VBD_bridges_c20160811.shp,9.202956;7.293124;4.987635;0.117751;-4.766567;-9.662423;-14.566307;-12.781590;-10.252750;-5.421471;-0.565886;4.309883,106.389061;120.204430;133.795395;132.636734;131.583801;130.626740;129.763702;115.696312;101.762085;103.094223;104.302101;105.397919,npp_d20151003_t1731466_e1737270_b20378,161.545,117.72,51.388,99.2832,64.5545,67.1839
386,VBD_npp_d20151003_t1735222_x1098095E_y042016S_l1946_s0902_v23,2017-06-01 16:11:27,-4.201565,109.809509,44.2946,2015-10-03 17:35:22,2015-10-04 00:35:22,1946,902,0.394522,8,18913,0.968612,0.155798,0.873226,0.4,0.954581,0.75,0.0133542,0.0001,1.26671e-26,999999,-2.419967e-02,3,Indonesian Exclusive Economic Zone,WPP712,,SVDNB_npp_d20151003_t1731466_e1737270_b20378_c20151003233728467558_noaa_ops.h5,GDNBO_npp_d20151003_t1731466_e1737270_b20378_c20151003233728467298_noaa_ops.h5,SVI04_npp_d20151003_t1731466_e1737270_b20378_c20151003233728541959_noaa_ops.dspace_rad,VNFF_npp_d20151003_t1731466_e1737270_b20378_v21.csv,World_EEZ_v8_2014.shp,WPP_BFAR_merge.shp,KKP_IDN_merge_20161208.shp,VNF-VBD_npp_20120301-20151231_global_asia-enhanced_c201607211230.bitmask,NCEI_NGA.union.nga_lead2.add_2015ntl.mask,timezone.shp,VBD_platforms-recurring_2015_r20170330.shp,0.217392,VBD_bridges_c20160811.shp,9.202956;7.293124;4.987635;0.117751;-4.766567;-9.662423;-14.566307;-12.781590;-10.252750;-5.421471;-0.565886;4.309883,106.389061;120.204430;133.795395;132.636734;131.583801;130.626740;129.763702;115.696312;101.762085;103.094223;104.302101;105.397919,npp_d20151003_t1731466_e1737270_b20378,161.668,116.486,51.3583,99.272,64.3189,67.3552
387,VBD_npp_d20151003_t1735222_x1098273E_y041769S_l1942_s0904_v23,2017-06-01 16:11:27,-4.176869,109.827316,27.3816,2015-10-03 17:35:22,2015-10-04 00:35:22,1942,904,0.393739,8,18913,0.672121,0.15859,0.861519,0.4,0.791913,0.75,0.0133662,0.0001,1.61271e-26,999999,-5.091386e-02,3,Indonesian Exclusive Economic Zone,WPP712,,SVDNB_npp_d20151003_t1731466_e1737270_b20378_c20151003233728467558_noaa_ops.h5,GDNBO_npp_d20151003_t1731466_e1737270_b20378_c20151003233728467298_noaa_ops.h5,SVI04_npp_d20151003_t1731466_e1737270_b20378_c20151003233728541959_noaa_ops.dspace_rad,VNFF_npp_d20151003_t1731466_e1737270_b20378_v21.csv,World_EEZ_v8_2014.shp,WPP_BFAR_merge.shp,KKP_IDN_merge_20161208.shp,VNF-VBD_npp_20120301-20151231_global_asia-enhanced_c201607211230.bitmask,NCEI_NGA.union.nga_lead2.add_2015ntl.mask,timezone.shp,VBD_platforms-recurring_2015_r20170330.shp,0.292034,VBD_bridges_c20160811.shp,9.202956;7.293124;4.987635;0.117751;-4.766567;-9.662423;-14.566307;-12.781590;-10.252750;-5.421471;-0.565886;4.309883,106.389061;120.204430;133.795395;132.636734;131.583801;130.626740;129.763702;115.696312;101.762085;103.094223;104.302101;105.397919,npp_d20151003_t1731466_e1737270_b20378,161.663,116.395,51.3008,99.4731,64.2929,67.3618
388,VBD_npp_d20151003_t1735222_x1098351E_y041713S_l1941_s0905_v23,2017-06-01 16:11:27,-4.171258,109.835052,75.7279,2015-10-03 17:35:22,2015-10-04 00:35:22,1941,905,0.392246,8,18913,1.14985,0.159514,0.861519,0.4,0.964294,0.75,0.0133711,0.0001,1.77868e-26,999999,-5.975612e-02,3,Indonesian Exclusive Economic Zone,WPP712,,SVDNB_npp_d20151003_t1731466_e1737270_b20378_c20151003233728467558_noaa_ops.h5,GDNBO_npp_d20151003_t1731466_e1737270_b20378_c20151003233728467298_noaa_ops.h5,SVI04_npp_d20151003_t1731466_e1737270_b20378_c20151003233728541959_noaa_ops.dspace_rad,VNFF_npp_d20151003_t1731466_e1737270_b20378_v21.csv,World_EEZ_v8_2014.shp,WPP_BFAR_merge.shp,KKP_IDN_merge_20161208.shp,VNF-VBD_npp_20120301-20151231_global_asia-enhanced_c201607211230.bitmask,NCEI_NGA.union.nga_lead2.add_2015ntl.mask,timezone.shp,VBD_platforms-recurring_2015_r20170330.shp,0.774092,VBD_bridges_c20160811.shp,9.202956;7.293124;4.987635;0.117751;-4.766567;-9.662423;-14.566307;-12.781590;-10.252750;-5.421471;-0.565886;4.309883,106.389061;120.204430;133.795395;132.636734;131.583801;130.626740;129.763702;115.696312;101.762085;103.094223;104.302101;105.397919,npp_d20151003_t1731466_e1737270_b20378,161.659,116.368,51.2723,99.5232,64.2835,67.3624
389,VBD_npp_d20151003_t1735240_x1098080E_y042883S_l1959_s0905_v23,2017-06-01 16:11:27,-4.288276,109.807976,76.1085,2015-10-03 17:35:24,2015-10-04 00:35:24,1959,905,0.397794,1,2529,1.18048,0.144568,0.932514,0.4,0.970905,0.75,0.0133507,0.0001,1.52223e-26,999999,8.326895e-02,3,Indonesian Exclusive Economic Zone,WPP712,,SVDNB_npp_d20151003_t1731466_e1737270_b20378_c20151003233728467558_noaa_ops.h5,GDNBO_npp_d20151003_t1731466_e1737270_b20378_c20151003233728467298_noaa_ops.h5,SVI04_npp_d20151003_t1731466_e1737270_b20378_c20151003233728541959_noaa_ops.dspace_rad,VNFF_npp_d20151003_t1731466_e1737270_b20378_v21.csv,World_EEZ_v8_2014.shp,WPP_BFAR_merge.shp,KKP_IDN_merge_20161208.shp,VNF-VBD_npp_20120301-20151231_global_asia-enhanced_c201607211230.bitmask,NCEI_NGA.union.nga_lead2.add_2015ntl.mask,timezone.shp,VBD_platforms-recurring_2015_r20170330.shp,999999,VBD_bridges_c20160811.shp,9.202956;7.293124;4.987635;0.117751;-4.766567;-9.662423;-14.566307;-12.781590;-10.252750;-5.421471;-0.565886;4.309883,106.389061;120.204430;133.795395;132.636734;131.583801;130.626740;129.763702;115.696312;101.762085;103.094223;104.302101;105.397919,npp_d20151003_t1731466_e1737270_b20378,161.624,116.712,51.2732,99.4362,64.3474,67.3137
390,VBD_npp_d20151003_t1735240_x1098088E_y043230S_l1964_s0906_v23,2017-06-01 16:11:27,-4.322966,109.808846,80.4306,2015-10-03 17:35:24,2015-10-04 00:35:24,1964,906,0.392957,1,2529,1.20162,0.188639,0.930056,0.4,0.974253,0.75,0.0133488,0.0001,1.46842e-26,999999,-3.384614e-01,3,Indonesian Exclusive Economic Zone,WPP712,,SVDNB_npp_d20151003_t1731466_e1737270_b20378_c20151003233728467558_noaa_ops.h5,GDNBO_npp_d20151003_t1731466_e1737270_b20378_c20151003233728467298_noaa_ops.h5,SVI04_npp_d20151003_t1731466_e1737270_b20378_c20151003233728541959_noaa_ops.dspace_rad,VNFF_npp_d20151003_t1731466_e1737270_b20378_v21.csv,World_EEZ_v8_2014.shp,WPP_BFAR_merge.shp,KKP_IDN_merge_20161208.shp,VNF-VBD_npp_20120301-20151231_global_asia-enhanced_c201607211230.bitmask,NCEI_NGA.union.nga_lead2.add_2015ntl.mask,timezone.shp,VBD_platforms-recurring_2015_r20170330.shp,999999,VBD_bridges_c20160811.shp,9.202956;7.293124;4.987635;0.117751;-4.766567;-9.662423;-14.566307;-12.781590;-10.252750;-5.421471;-0.565886;4.309883,106.389061;120.204430;133.795395;132.636734;131.583801;130.626740;129.763702;115.696312;101.762085;103.094223;104.302101;105.397919,npp_d20151003_t1731466_e1737270_b20378,161.607,116.804,51.2457,99.1827,64.3601,67.2975
391,VBD_npp_d20151003_t1735293_x1097336E_y046399S_l2013_s0906_v23,2017-06-01 16:11:27,-4.639877,109.733597,110.626,2015-10-03 17:35:29,2015-10-04 00:35:29,2013,906,0.399857,1,2529,1.26207,0.145567,0.928178,0.4,0.96897,0.75,0.0132476,0.0001,1.03e-26,999999,7.370434e-02,3,Indonesian Exclusive Economic Zone,WPP712,,SVDNB_npp_d20151003_t1731466_e1737270_b20378_c20151003233728467558_noaa_ops.h5,GDNBO_npp_d20151003_t1731466_e1737270_b20378_c20151003233728467298_noaa_ops.h5,SVI04_npp_d20151003_t1731466_e1737270_b20378_c20151003233728541959_noaa_ops.dspace_rad,VNFF_npp_d20151003_t1731466_e1737270_b20378_v21.csv,World_EEZ_v8_2014.shp,WPP_BFAR_merge.shp,KKP_IDN_merge_20161208.shp,VNF-VBD_npp_20120301-20151231_global_asia-enhanced_c201607211230.bitmask,NCEI_NGA.union.nga_lead2.add_2015ntl.mask,timezone.shp,VBD_platforms-recurring_2015_r20170330.shp,999999,VBD_bridges_c20160811.shp,9.202956;7.293124;4.987635;0.117751;-4.766567;-9.662423;-14.566307;-12.781590;-10.252750;-5.421471;-0.565886;4.309883,106.389061;120.204430;133.795395;132.636734;131.583801;130.626740;129.763702;115.696312;101.762085;103.094223;104.302101;105.397919,npp_d20151003_t1731466_e1737270_b20378,161.509,117.725,51.2464,99.179,64.5334,67.1669
392,VBD_npp_d20151003_t1735115_x1099905E_y035795S_l1849_s0907_v23,2017-06-01 16:11:27,-3.579493,109.990501,4.87741,2015-10-03 17:35:11,2015-10-04 00:35:11,1849,907,0.389756,2,2465,0.261412,0.173356,0.610062,0.4,0.743154,0.75,0.0135325,0.0001,3.59653e-26,999999,-1.922093e-01,3,Indonesian Exclusive Economic Zone,WPP712,,SVDNB_npp_d20151003_t1731466_e1737270_b20378_c20151003233728467558_noaa_ops.h5,GDNBO_npp_d20151003_t1731466_e1737270_b20378_c20151003233728467298_noaa_ops.h5,SVI04_npp_d20151003_t1731466_e1737270_b20378_c20151003233728541959_noaa_ops.dspace_rad,VNFF_npp_d20151003_t1731466_e1737270_b20378_v21.csv,World_EEZ_v8_2014.shp,WPP_BFAR_merge.shp,KKP_IDN_merge_20161208.shp,VNF-VBD_npp_20120301-20151231_global_asia-enhanced_c201607211230.bitmask,NCEI_NGA.union.nga_lead2.add_2015ntl.mask,timezone.shp,VBD_platforms-recurring_2015_r20170330.shp,999999,VBD_bridges_c20160811.shp,9.202956;7.293124;4.987635;0.117751;-4.766567;-9.662423;-14.566307;-12.781590;-10.252750;-5.421471;-0.565886;4.309883,106.389061;120.204430;133.795395;132.636734;131.583801;130.626740;129.763702;115.696312;101.762085;103.094223;104.302101;105.397919,npp_d20151003_t1731466_e1737270_b20378,161.813,114.598,51.2168,99.2289,63.9507,67.6086
393,VBD_npp_d20151003_t1735187_x1099006E_y039463S_l1906_s0907_v23,2017-06-01 16:11:27,-3.946339,109.900551,43.8507,2015-10-03 17:35:18,2015-10-04 00:35:18,1906,907,0.290173,1,2529,0.898252,0.135412,0.912809,0.4,0.939572,0.75,0.0134184,0.0001,2.73443e-26,999999,1.708856e-01,3,Indonesian Exclusive Economic Zone,WPP712,,SVDNB_npp_d20151003_t1731466_e1737270_b20378_c20151003233728467558_noaa_ops.h5,GDNBO_npp_d20151003_t1731466_e1737270_b20378_c20151003233728467298_noaa_ops.h5,SVI04_npp_d20151003_t1731466_e1737270_b20378_c20151003233728541959_noaa_ops.dspace_rad,VNFF_npp_d20151003_t1731466_e1737270_b20378_v21.csv,World_EEZ_v8_2014.shp,WPP_BFAR_merge.shp,KKP_IDN_merge_20161208.shp,VNF-VBD_npp_20120301-20151231_global_asia-enhanced_c201607211230.bitmask,NCEI_NGA.union.nga_lead2.add_2015ntl.mask,timezone.shp,VBD_platforms-recurring_2015_r20170330.shp,999999,VBD_bridges_c20160811.shp,9.202956;7.293124;4.987635;0.117751;-4.766567;-9.662423;-14.566307;-12.781590;-10.252750;-5.421471;-0.565886;4.309883,106.389061;120.204430;133.795395;132.636734;131.583801;130.626740;129.763702;115.696312;101.762085;103.094223;104.302101;105.397919,npp_d20151003_t1731466_e1737270_b20378,161.712,115.687,51.2163,99.6441,64.149,67.4531
394,VBD_npp_d20151003_t1735311_x1097224E_y047043S_l2023_s0907_v23,2017-06-01 16:11:27,-4.704303,109.722351,30.3149,2015-10-03 17:35:31,2015-10-04 00:35:31,2023,907,0.3963,8,18913,0.861172,0.160809,0.88679,0.4,0.943131,0.75,0.0132248,0.0001,1.13978e-26,999999,-7.214362e-02,3,Indonesian Exclusive Economic Zone,WPP712,,SVDNB_npp_d20151003_t1731466_e1737270_b20378_c20151003233728467558_noaa_ops.h5,GDNBO_npp_d20151003_t1731466_e1737270_b20378_c20151003233728467298_noaa_ops.h5,SVI04_npp_d20151003_t1731466_e1737270_b20378_c20151003233728541959_noaa_ops.dspace_rad,VNFF_npp_d20151003_t1731466_e1737270_b20378_v21.csv,World_EEZ_v8_2014.shp,WPP_BFAR_merge.shp,KKP_IDN_merge_20161208.shp,VNF-VBD_npp_20120301-20151231_global_asia-enhanced_c201607211230.bitmask,NCEI_NGA.union.nga_lead2.add_2015ntl.mask,timezone.shp,VBD_platforms-recurring_2015_r20170330.shp,0.50715,VBD_bridges_c20160811.shp,9.202956;7.293124;4.987635;0.117751;-4.766567;-9.662423;-14.566307;-12.781590;-10.252750;-5.421471;-0.565886;4.309883,106.389061;120.204430;133.795395;132.636734;131.583801;130.626740;129.763702;115.696312;101.762085;103.094223;104.302101;105.397919,npp_d20151003_t1731466_e1737270_b20378,161.483,117.901,51.2167,99.4959,64.5624,67.1386
395,VBD_npp_d20151003_t1735169_x1099151E_y039381S_l1904_s0908_v23,2017-06-01 16:11:27,-3.938096,109.915085,61.6178,2015-10-03 17:35:16,2015-10-04 00:35:16,1904,908,0.367777,1,2529,1.01826,0.147554,0.912809,0.4,0.945724,0.75,0.0134244,0.0001,2.39298e-26,999999,5.469469e-02,3,Indonesian Exclusive Economic Zone,WPP712,,SVDNB_npp_d20151003_t1731466_e1737270_b20378_c20151003233728467558_noaa_ops.h5,GDNBO_npp_d20151003_t1731466_e1737270_b20378_c20151003233728467298_noaa_ops.h5,SVI04_npp_d20151003_t1731466_e1737270_b20378_c20151003233728541959_noaa_ops.dspace_rad,VNFF_npp_d20151003_t1731466_e1737270_b20378_v21.csv,World_EEZ_v8_2014.shp,WPP_BFAR_merge.shp,KKP_IDN_merge_20161208.shp,VNF-VBD_npp_20120301-20151231_global_asia-enhanced_c201607211230.bitmask,NCEI_NGA.union.nga_lead2.add_2015ntl.mask,timezone.shp,VBD_platforms-recurring_2015_r20170330.shp,999999,VBD_bridges_c20160811.shp,9.202956;7.293124;4.987635;0.117751;-4.766567;-9.662423;-14.566307;-12.781590;-10.252750;-5.421471;-0.565886;4.309883,106.389061;120.204430;133.795395;132.636734;131.583801;130.626740;129.763702;115.696312;101.762085;103.094223;104.302101;105.397919,npp_d20151003_t1731466_e1737270_b20378,161.709,115.655,51.1931,98.9178,64.1389,67.455
396,VBD_npp_d20151003_t1735293_x1097525E_y046085S_l2008_s0908_v23,2017-06-01 16:11:27,-4.608512,109.752533,70.7191,2015-10-03 17:35:29,2015-10-04 00:35:29,2008,908,0.399572,1,2529,1.17693,0.147737,0.916039,0.4,0.973614,0.75,0.0132683,0.0001,1.34396e-26,999999,5.294171e-02,3,Indonesian Exclusive Economic Zone,WPP712,,SVDNB_npp_d20151003_t1731466_e1737270_b20378_c20151003233728467558_noaa_ops.h5,GDNBO_npp_d20151003_t1731466_e1737270_b20378_c20151003233728467298_noaa_ops.h5,SVI04_npp_d20151003_t1731466_e1737270_b20378_c20151003233728541959_noaa_ops.dspace_rad,VNFF_npp_d20151003_t1731466_e1737270_b20378_v21.csv,World_EEZ_v8_2014.shp,WPP_BFAR_merge.shp,KKP_IDN_merge_20161208.shp,VNF-VBD_npp_20120301-20151231_global_asia-enhanced_c201607211230.bitmask,NCEI_NGA.union.nga_lead2.add_2015ntl.mask,timezone.shp,VBD_platforms-recurring_2015_r20170330.shp,999999,VBD_bridges_c20160811.shp,9.202956;7.293124;4.987635;0.117751;-4.766567;-9.662423;-14.566307;-12.781590;-10.252750;-5.421471;-0.565886;4.309883,106.389061;120.204430;133.795395;132.636734;131.583801;130.626740;129.763702;115.696312;101.762085;103.094223;104.302101;105.397919,npp_d20151003_t1731466_e1737270_b20378,161.507,117.615,51.1885,99.4308,64.5036,67.176
397,VBD_npp_d20151003_t1735187_x1099148E_y039419S_l1905_s0909_v23,2017-06-01 16:11:27,-3.941860,109.914833,65.744,2015-10-03 17:35:18,2015-10-04 00:35:18,1905,909,0.351772,1,2529,1.06035,0.158676,0.912809,0.4,0.958795,0.75,0.013427,0.0001,3.24573e-26,999999,-5.173537e-02,3,Indonesian Exclusive Economic Zone,WPP712,,SVDNB_npp_d20151003_t1731466_e1737270_b20378_c20151003233728467558_noaa_ops.h5,GDNBO_npp_d20151003_t1731466_e1737270_b20378_c20151003233728467298_noaa_ops.h5,SVI04_npp_d20151003_t1731466_e1737270_b20378_c20151003233728541959_noaa_ops.dspace_rad,VNFF_npp_d20151003_t1731466_e1737270_b20378_v21.csv,World_EEZ_v8_2014.shp,WPP_BFAR_merge.shp,KKP_IDN_merge_20161208.shp,VNF-VBD_npp_20120301-20151231_global_asia-enhanced_c201607211230.bitmask,NCEI_NGA.union.nga_lead2.add_2015ntl.mask,timezone.shp,VBD_platforms-recurring_2015_r20170330.shp,999999,VBD_bridges_c20160811.shp,9.202956;7.293124;4.987635;0.117751;-4.766567;-9.662423;-14.566307;-12.781590;-10.252750;-5.421471;-0.565886;4.309883,106.389061;120.204430;133.795395;132.636734;131.583801;130.626740;129.763702;115.696312;101.762085;103.094223;104.302101;105.397919,npp_d20151003_t1731466_e1737270_b20378,161.701,115.655,51.1596,99.694,64.134,67.4515
398,VBD_npp_d20151003_t1736067_x1092361E_y067536S_l2340_s0909_v23,2017-06-01 16:11:27,-6.753556,109.236107,11.3699,2015-10-03 17:36:06,2015-10-04 00:36:06,2340,909,0.295579,1,2529,0.4834,0.167476,0.731917,0.4,0.85861,0.75,0.0123934,0.0001,1.38603e-27,999999,-1.107493e-01,3,Indonesian Exclusive Economic Zone,WPP712,,SVDNB_npp_d20151003_t1731466_e1737270_b20378_c20151003233728467558_noaa_ops.h5,GDNBO_npp_d20151003_t1731466_e1737270_b20378_c20151003233728467298_noaa_ops.h5,SVI04_npp_d20151003_t1731466_e1737270_b20378_c20151003233728541959_noaa_ops.dspace_rad,VNFF_npp_d20151003_t1731466_e1737270_b20378_v21.csv,World_EEZ_v8_2014.shp,WPP_BFAR_merge.shp,KKP_IDN_merge_20161208.shp,VNF-VBD_npp_20120301-20151231_global_asia-enhanced_c201607211230.bitmask,NCEI_NGA.union.nga_lead2.add_2015ntl.mask,timezone.shp,VBD_platforms-recurring_2015_r20170330.shp,999999,VBD_bridges_c20160811.shp,9.202956;7.293124;4.987635;0.117751;-4.766567;-9.662423;-14.566307;-12.781590;-10.252750;-5.421471;-0.565886;4.309883,106.389061;120.204430;133.795395;132.636734;131.583801;130.626740;129.763702;115.696312;101.762085;103.094223;104.302101;105.397919,npp_d20151003_t1731466_e1737270_b20378,160.723,123.585,51.167,99.9612,65.6937,66.3302
399,VBD_npp_d20151003_t1735240_x1098409E_y042938S_l1959_s0910_v23,2017-06-01 16:11:27,-4.293799,109.840912,84.9636,2015-10-03 17:35:24,2015-10-04 00:35:24,1959,910,0.398719,1,2529,1.18177,0.136283,0.934084,0.4,0.961037,0.75,0.0133695,0.0001,2.22174e-26,999999,1.625451e-01,3,Indonesian Exclusive Economic Zone,WPP712,,SVDNB_npp_d20151003_t1731466_e1737270_b20378_c20151003233728467558_noaa_ops.h5,GDNBO_npp_d20151003_t1731466_e1737270_b20378_c20151003233728467298_noaa_ops.h5,SVI04_npp_d20151003_t1731466_e1737270_b20378_c20151003233728541959_noaa_ops.dspace_rad,VNFF_npp_d20151003_t1731466_e1737270_b20378_v21.csv,World_EEZ_v8_2014.shp,WPP_BFAR_merge.shp,KKP_IDN_merge_20161208.shp,VNF-VBD_npp_20120301-20151231_global_asia-enhanced_c201607211230.bitmask,NCEI_NGA.union.nga_lead2.add_2015ntl.mask,timezone.shp,VBD_platforms-recurring_2015_r20170330.shp,999999,VBD_bridges_c20160811.shp,9.202956;7.293124;4.987635;0.117751;-4.766567;-9.662423;-14.566307;-12.781590;-10.252750;-5.421471;-0.565886;4.309883,106.389061;120.204430;133.795395;132.636734;131.583801;130.626740;129.763702;115.696312;101.762085;103.094223;104.302101;105.397919,npp_d20151003_t1731466_e1737270_b20378,161.592,116.68,51.1312,99.4337,64.319,67.3024
400,VBD_npp_d20151003_t1735169_x1099436E_y039290S_l1902_s0912_v23,2017-06-01 16:11:27,-3.928964,109.943649,25.3777,2015-10-03 17:35:16,2015-10-04 00:35:16,1902,912,0.347433,1,2529,0.721161,0.135605,0.917803,0.4,0.91531,0.75,0.0134417,0.0001,3.3744e-26,999999,1.690372e-01,3,Indonesian Exclusive Economic Zone,WPP712,,SVDNB_npp_d20151003_t1731466_e1737270_b20378_c20151003233728467558_noaa_ops.h5,GDNBO_npp_d20151003_t1731466_e1737270_b20378_c20151003233728467298_noaa_ops.h5,SVI04_npp_d20151003_t1731466_e1737270_b20378_c20151003233728541959_noaa_ops.dspace_rad,VNFF_npp_d20151003_t1731466_e1737270_b20378_v21.csv,World_EEZ_v8_2014.shp,WPP_BFAR_merge.shp,KKP_IDN_merge_20161208.shp,VNF-VBD_npp_20120301-20151231_global_asia-enhanced_c201607211230.bitmask,NCEI_NGA.union.nga_lead2.add_2015ntl.mask,timezone.shp,VBD_platforms-recurring_2015_r20170330.shp,999999,VBD_bridges_c20160811.shp,9.202956;7.293124;4.987635;0.117751;-4.766567;-9.662423;-14.566307;-12.781590;-10.252750;-5.421471;-0.565886;4.309883,106.389061;120.204430;133.795395;132.636734;131.583801;130.626740;129.763702;115.696312;101.762085;103.094223;104.302101;105.397919,npp_d20151003_t1731466_e1737270_b20378,161.687,115.591,51.0788,99.0167,64.1089,67.4518
401,VBD_npp_d20151003_t1735187_x1099300E_y039720S_l1909_s0912_v23,2017-06-01 16:11:27,-3.971999,109.930000,48.1624,2015-10-03 17:35:18,2015-10-04 00:35:18,1909,912,0.389827,1,2529,1.01812,0.146733,0.918269,0.4,0.963468,0.75,0.0134338,0.0001,3.7229e-26,999999,6.255009e-02,3,Indonesian Exclusive Economic Zone,WPP712,,SVDNB_npp_d20151003_t1731466_e1737270_b20378_c20151003233728467558_noaa_ops.h5,GDNBO_npp_d20151003_t1731466_e1737270_b20378_c20151003233728467298_noaa_ops.h5,SVI04_npp_d20151003_t1731466_e1737270_b20378_c20151003233728541959_noaa_ops.dspace_rad,VNFF_npp_d20151003_t1731466_e1737270_b20378_v21.csv,World_EEZ_v8_2014.shp,WPP_BFAR_merge.shp,KKP_IDN_merge_20161208.shp,VNF-VBD_npp_20120301-20151231_global_asia-enhanced_c201607211230.bitmask,NCEI_NGA.union.nga_lead2.add_2015ntl.mask,timezone.shp,VBD_platforms-recurring_2015_r20170330.shp,999999,VBD_bridges_c20160811.shp,9.202956;7.293124;4.987635;0.117751;-4.766567;-9.662423;-14.566307;-12.781590;-10.252750;-5.421471;-0.565886;4.309883,106.389061;120.204430;133.795395;132.636734;131.583801;130.626740;129.763702;115.696312;101.762085;103.094223;104.302101;105.397919,npp_d20151003_t1731466_e1737270_b20378,161.674,115.717,51.0744,99.4901,64.1315,67.4335
402,VBD_npp_d20151003_t1735187_x1099243E_y040055S_l1914_s0912_v23,2017-06-01 16:11:27,-4.005490,109.924339,18.6928,2015-10-03 17:35:18,2015-10-04 00:35:18,1914,912,0.392103,1,2529,0.681397,0.139156,0.908679,0.4,0.915044,0.75,0.0134281,0.0001,3.33797e-26,999999,1.350529e-01,3,Indonesian Exclusive Economic Zone,WPP712,,SVDNB_npp_d20151003_t1731466_e1737270_b20378_c20151003233728467558_noaa_ops.h5,GDNBO_npp_d20151003_t1731466_e1737270_b20378_c20151003233728467298_noaa_ops.h5,SVI04_npp_d20151003_t1731466_e1737270_b20378_c20151003233728541959_noaa_ops.dspace_rad,VNFF_npp_d20151003_t1731466_e1737270_b20378_v21.csv,World_EEZ_v8_2014.shp,WPP_BFAR_merge.shp,KKP_IDN_merge_20161208.shp,VNF-VBD_npp_20120301-20151231_global_asia-enhanced_c201607211230.bitmask,NCEI_NGA.union.nga_lead2.add_2015ntl.mask,timezone.shp,VBD_platforms-recurring_2015_r20170330.shp,999999,VBD_bridges_c20160811.shp,9.202956;7.293124;4.987635;0.117751;-4.766567;-9.662423;-14.566307;-12.781590;-10.252750;-5.421471;-0.565886;4.309883,106.389061;120.204430;133.795395;132.636734;131.583801;130.626740;129.763702;115.696312;101.762085;103.094223;104.302101;105.397919,npp_d20151003_t1731466_e1737270_b20378,161.665,115.815,51.0751,99.2365,64.1497,67.4194
403,VBD_npp_d20151003_t1735293_x1097719E_y046531S_l2014_s0912_v23,2017-06-01 16:11:27,-4.653107,109.771919,15.8855,2015-10-03 17:35:29,2015-10-04 00:35:29,2014,912,0.396656,7,2465,0.533334,0.152503,0.900889,0.4,0.621957,0.75,0.0132674,0.0001,1.58953e-26,999999,7.330961e-03,3,,,,SVDNB_npp_d20151003_t1731466_e1737270_b20378_c20151003233728467558_noaa_ops.h5,GDNBO_npp_d20151003_t1731466_e1737270_b20378_c20151003233728467298_noaa_ops.h5,SVI04_npp_d20151003_t1731466_e1737270_b20378_c20151003233728541959_noaa_ops.dspace_rad,VNFF_npp_d20151003_t1731466_e1737270_b20378_v21.csv,World_EEZ_v8_2014.shp,WPP_BFAR_merge.shp,KKP_IDN_merge_20161208.shp,VNF-VBD_npp_20120301-20151231_global_asia-enhanced_c201607211230.bitmask,NCEI_NGA.union.nga_lead2.add_2015ntl.mask,timezone.shp,VBD_platforms-recurring_2015_r20170330.shp,999999,VBD_bridges_c20160811.shp,9.202956;7.293124;4.987635;0.117751;-4.766567;-9.662423;-14.566307;-12.781590;-10.252750;-5.421471;-0.565886;4.309883,106.389061;120.204430;133.795395;132.636734;131.583801;130.626740;129.763702;115.696312;101.762085;103.094223;104.302101;105.397919,npp_d20151003_t1731466_e1737270_b20378,161.469,117.704,51.0764,99.1243,64.5031,67.1504
405,VBD_npp_d20151003_t1735293_x1097762E_y046676S_l2016_s0913_v23,2017-06-01 16:11:27,-4.667574,109.776169,65.4683,2015-10-03 17:35:29,2015-10-04 00:35:29,2016,913,0.399857,8,18913,1.08964,0.142222,0.892014,0.4,0.969611,0.75,0.0132658,0.0001,1.63799e-26,999999,1.057153e-01,3,Indonesian Exclusive Economic Zone,WPP712,,SVDNB_npp_d20151003_t1731466_e1737270_b20378_c20151003233728467558_noaa_ops.h5,GDNBO_npp_d20151003_t1731466_e1737270_b20378_c20151003233728467298_noaa_ops.h5,SVI04_npp_d20151003_t1731466_e1737270_b20378_c20151003233728541959_noaa_ops.dspace_rad,VNFF_npp_d20151003_t1731466_e1737270_b20378_v21.csv,World_EEZ_v8_2014.shp,WPP_BFAR_merge.shp,KKP_IDN_merge_20161208.shp,VNF-VBD_npp_20120301-20151231_global_asia-enhanced_c201607211230.bitmask,NCEI_NGA.union.nga_lead2.add_2015ntl.mask,timezone.shp,VBD_platforms-recurring_2015_r20170330.shp,0.578875,VBD_bridges_c20160811.shp,9.202956;7.293124;4.987635;0.117751;-4.766567;-9.662423;-14.566307;-12.781590;-10.252750;-5.421471;-0.565886;4.309883,106.389061;120.204430;133.795395;132.636734;131.583801;130.626740;129.763702;115.696312;101.762085;103.094223;104.302101;105.397919,npp_d20151003_t1731466_e1737270_b20378,161.459,117.736,51.0488,99.0222,64.5049,67.1426
406,VBD_npp_d20151003_t1735169_x1099545E_y039445S_l1904_s0914_v23,2017-06-01 16:11:27,-3.944485,109.954468,48.6636,2015-10-03 17:35:16,2015-10-04 00:35:16,1904,914,0.393028,1,2529,0.92837,0.15064,0.921403,0.4,0.941114,0.75,0.013447,0.0001,3.746e-26,999999,2.516397e-02,3,Indonesian Exclusive Economic Zone,WPP712,,SVDNB_npp_d20151003_t1731466_e1737270_b20378_c20151003233728467558_noaa_ops.h5,GDNBO_npp_d20151003_t1731466_e1737270_b20378_c20151003233728467298_noaa_ops.h5,SVI04_npp_d20151003_t1731466_e1737270_b20378_c20151003233728541959_noaa_ops.dspace_rad,VNFF_npp_d20151003_t1731466_e1737270_b20378_v21.csv,World_EEZ_v8_2014.shp,WPP_BFAR_merge.shp,KKP_IDN_merge_20161208.shp,VNF-VBD_npp_20120301-20151231_global_asia-enhanced_c201607211230.bitmask,NCEI_NGA.union.nga_lead2.add_2015ntl.mask,timezone.shp,VBD_platforms-recurring_2015_r20170330.shp,999999,VBD_bridges_c20160811.shp,9.202956;7.293124;4.987635;0.117751;-4.766567;-9.662423;-14.566307;-12.781590;-10.252750;-5.421471;-0.565886;4.309883,106.389061;120.204430;133.795395;132.636734;131.583801;130.626740;129.763702;115.696312;101.762085;103.094223;104.302101;105.397919,npp_d20151003_t1731466_e1737270_b20378,161.671,115.618,51.0228,98.914,64.1048,67.4417
407,VBD_npp_d20151003_t1735311_x1097752E_y046719S_l2017_s0914_v23,2017-06-01 16:11:27,-4.671907,109.775162,9.27858,2015-10-03 17:35:31,2015-10-04 00:35:31,2017,914,0.397438,1,2529,0.401016,0.135353,0.892014,0.4,0.818014,0.75,0.0132669,0.0001,2.21447e-26,999999,1.714420e-01,3,Indonesian Exclusive Economic Zone,WPP712,,SVDNB_npp_d20151003_t1731466_e1737270_b20378_c20151003233728467558_noaa_ops.h5,GDNBO_npp_d20151003_t1731466_e1737270_b20378_c20151003233728467298_noaa_ops.h5,SVI04_npp_d20151003_t1731466_e1737270_b20378_c20151003233728541959_noaa_ops.dspace_rad,VNFF_npp_d20151003_t1731466_e1737270_b20378_v21.csv,World_EEZ_v8_2014.shp,WPP_BFAR_merge.shp,KKP_IDN_merge_20161208.shp,VNF-VBD_npp_20120301-20151231_global_asia-enhanced_c201607211230.bitmask,NCEI_NGA.union.nga_lead2.add_2015ntl.mask,timezone.shp,VBD_platforms-recurring_2015_r20170330.shp,999999,VBD_bridges_c20160811.shp,9.202956;7.293124;4.987635;0.117751;-4.766567;-9.662423;-14.566307;-12.781590;-10.252750;-5.421471;-0.565886;4.309883,106.389061;120.204430;133.795395;132.636734;131.583801;130.626740;129.763702;115.696312;101.762085;103.094223;104.302101;105.397919,npp_d20151003_t1731466_e1737270_b20378,161.451,117.738,51.0179,99.7966,64.5009,67.139
408,VBD_npp_d20151003_t1735169_x1099701E_y038920S_l1896_s0915_v23,2017-06-01 16:11:27,-3.892035,109.970085,28.0272,2015-10-03 17:35:16,2015-10-04 00:35:16,1896,915,0.338684,1,2529,0.803496,0.145699,0.909981,0.4,0.931257,0.75,0.0134598,0.0001,4.80739e-26,999999,7.244140e-02,3,Indonesian Exclusive Economic Zone,WPP712,,SVDNB_npp_d20151003_t1731466_e1737270_b20378_c20151003233728467558_noaa_ops.h5,GDNBO_npp_d20151003_t1731466_e1737270_b20378_c20151003233728467298_noaa_ops.h5,SVI04_npp_d20151003_t1731466_e1737270_b20378_c20151003233728541959_noaa_ops.dspace_rad,VNFF_npp_d20151003_t1731466_e1737270_b20378_v21.csv,World_EEZ_v8_2014.shp,WPP_BFAR_merge.shp,KKP_IDN_merge_20161208.shp,VNF-VBD_npp_20120301-20151231_global_asia-enhanced_c201607211230.bitmask,NCEI_NGA.union.nga_lead2.add_2015ntl.mask,timezone.shp,VBD_platforms-recurring_2015_r20170330.shp,999999,VBD_bridges_c20160811.shp,9.202956;7.293124;4.987635;0.117751;-4.766567;-9.662423;-14.566307;-12.781590;-10.252750;-5.421471;-0.565886;4.309883,106.389061;120.204430;133.795395;132.636734;131.583801;130.626740;129.763702;115.696312;101.762085;103.094223;104.302101;105.397919,npp_d20151003_t1731466_e1737270_b20378,161.679,115.454,50.9923,99.3196,64.0701,67.4621
409,VBD_npp_d20151003_t1735187_x1099541E_y039485S_l1905_s0915_v23,2017-06-01 16:11:27,-3.948533,109.954117,43.8858,2015-10-03 17:35:18,2015-10-04 00:35:18,1905,915,0.389898,1,2529,0.945148,0.175488,0.915206,0.4,0.941696,0.75,0.0134496,0.0001,5.06738e-26,999999,-2.126162e-01,3,Indonesian Exclusive Economic Zone,WPP712,,SVDNB_npp_d20151003_t1731466_e1737270_b20378_c20151003233728467558_noaa_ops.h5,GDNBO_npp_d20151003_t1731466_e1737270_b20378_c20151003233728467298_noaa_ops.h5,SVI04_npp_d20151003_t1731466_e1737270_b20378_c20151003233728541959_noaa_ops.dspace_rad,VNFF_npp_d20151003_t1731466_e1737270_b20378_v21.csv,World_EEZ_v8_2014.shp,WPP_BFAR_merge.shp,KKP_IDN_merge_20161208.shp,VNF-VBD_npp_20120301-20151231_global_asia-enhanced_c201607211230.bitmask,NCEI_NGA.union.nga_lead2.add_2015ntl.mask,timezone.shp,VBD_platforms-recurring_2015_r20170330.shp,999999,VBD_bridges_c20160811.shp,9.202956;7.293124;4.987635;0.117751;-4.766567;-9.662423;-14.566307;-12.781590;-10.252750;-5.421471;-0.565886;4.309883,106.389061;120.204430;133.795395;132.636734;131.583801;130.626740;129.763702;115.696312;101.762085;103.094223;104.302101;105.397919,npp_d20151003_t1731466_e1737270_b20378,161.663,115.62,50.9894,99.692,64.1001,67.4381
410,VBD_npp_d20151003_t1735240_x1098793E_y042658S_l1954_s0915_v23,2017-06-01 16:11:27,-4.265845,109.879326,55.5829,2015-10-03 17:35:24,2015-10-04 00:35:24,1954,915,0.393597,1,2529,1.03481,0.147192,0.918645,0.4,0.949088,0.75,0.0133939,0.0001,3.60286e-26,999999,5.815506e-02,3,Indonesian Exclusive Economic Zone,WPP712,,SVDNB_npp_d20151003_t1731466_e1737270_b20378_c20151003233728467558_noaa_ops.h5,GDNBO_npp_d20151003_t1731466_e1737270_b20378_c20151003233728467298_noaa_ops.h5,SVI04_npp_d20151003_t1731466_e1737270_b20378_c20151003233728541959_noaa_ops.dspace_rad,VNFF_npp_d20151003_t1731466_e1737270_b20378_v21.csv,World_EEZ_v8_2014.shp,WPP_BFAR_merge.shp,KKP_IDN_merge_20161208.shp,VNF-VBD_npp_20120301-20151231_global_asia-enhanced_c201607211230.bitmask,NCEI_NGA.union.nga_lead2.add_2015ntl.mask,timezone.shp,VBD_platforms-recurring_2015_r20170330.shp,999999,VBD_bridges_c20160811.shp,9.202956;7.293124;4.987635;0.117751;-4.766567;-9.662423;-14.566307;-12.781590;-10.252750;-5.421471;-0.565886;4.309883,106.389061;120.204430;133.795395;132.636734;131.583801;130.626740;129.763702;115.696312;101.762085;103.094223;104.302101;105.397919,npp_d20151003_t1731466_e1737270_b20378,161.57,116.55,50.9892,99.6851,64.2726,67.305
411,VBD_npp_d20151003_t1735240_x1098748E_y042926S_l1958_s0915_v23,2017-06-01 16:11:27,-4.292600,109.874786,104.464,2015-10-03 17:35:24,2015-10-04 00:35:24,1958,915,0.392317,1,2529,1.23881,0.179567,0.927301,0.4,0.970695,0.75,0.0133894,0.0001,3.3017e-26,999999,-2.516435e-01,3,Indonesian Exclusive Economic Zone,WPP712,,SVDNB_npp_d20151003_t1731466_e1737270_b20378_c20151003233728467558_noaa_ops.h5,GDNBO_npp_d20151003_t1731466_e1737270_b20378_c20151003233728467298_noaa_ops.h5,SVI04_npp_d20151003_t1731466_e1737270_b20378_c20151003233728541959_noaa_ops.dspace_rad,VNFF_npp_d20151003_t1731466_e1737270_b20378_v21.csv,World_EEZ_v8_2014.shp,WPP_BFAR_merge.shp,KKP_IDN_merge_20161208.shp,VNF-VBD_npp_20120301-20151231_global_asia-enhanced_c201607211230.bitmask,NCEI_NGA.union.nga_lead2.add_2015ntl.mask,timezone.shp,VBD_platforms-recurring_2015_r20170330.shp,999999,VBD_bridges_c20160811.shp,9.202956;7.293124;4.987635;0.117751;-4.766567;-9.662423;-14.566307;-12.781590;-10.252750;-5.421471;-0.565886;4.309883,106.389061;120.204430;133.795395;132.636734;131.583801;130.626740;129.763702;115.696312;101.762085;103.094223;104.302101;105.397919,npp_d20151003_t1731466_e1737270_b20378,161.562,116.629,50.9893,99.482,64.2872,67.2939
412,VBD_npp_d20151003_t1735240_x1098657E_y043461S_l1966_s0915_v23,2017-06-01 16:11:27,-4.346105,109.865669,29.741,2015-10-03 17:35:24,2015-10-04 00:35:24,1966,915,0.398434,1,2529,0.81592,0.133188,0.908359,0.4,0.932841,0.75,0.0133803,0.0001,2.76556e-26,999999,1.921668e-01,3,Indonesian Exclusive Economic Zone,WPP712,,SVDNB_npp_d20151003_t1731466_e1737270_b20378_c20151003233728467558_noaa_ops.h5,GDNBO_npp_d20151003_t1731466_e1737270_b20378_c20151003233728467298_noaa_ops.h5,SVI04_npp_d20151003_t1731466_e1737270_b20378_c20151003233728541959_noaa_ops.dspace_rad,VNFF_npp_d20151003_t1731466_e1737270_b20378_v21.csv,World_EEZ_v8_2014.shp,WPP_BFAR_merge.shp,KKP_IDN_merge_20161208.shp,VNF-VBD_npp_20120301-20151231_global_asia-enhanced_c201607211230.bitmask,NCEI_NGA.union.nga_lead2.add_2015ntl.mask,timezone.shp,VBD_platforms-recurring_2015_r20170330.shp,999999,VBD_bridges_c20160811.shp,9.202956;7.293124;4.987635;0.117751;-4.766567;-9.662423;-14.566307;-12.781590;-10.252750;-5.421471;-0.565886;4.309883,106.389061;120.204430;133.795395;132.636734;131.583801;130.626740;129.763702;115.696312;101.762085;103.094223;104.302101;105.397919,npp_d20151003_t1731466_e1737270_b20378,161.546,116.785,50.991,99.0758,64.3164,67.2717
413,VBD_npp_d20151003_t1735169_x1099709E_y039265S_l1901_s0916_v23,2017-06-01 16:11:27,-3.926549,109.970947,38.1875,2015-10-03 17:35:16,2015-10-04 00:35:16,1901,916,0.385773,1,2529,0.9153,0.137441,0.916252,0.4,0.945478,0.75,0.0134579,0.0001,4.64087e-26,999999,1.514654e-01,3,Indonesian Exclusive Economic Zone,WPP712,,SVDNB_npp_d20151003_t1731466_e1737270_b20378_c20151003233728467558_noaa_ops.h5,GDNBO_npp_d20151003_t1731466_e1737270_b20378_c20151003233728467298_noaa_ops.h5,SVI04_npp_d20151003_t1731466_e1737270_b20378_c20151003233728541959_noaa_ops.dspace_rad,VNFF_npp_d20151003_t1731466_e1737270_b20378_v21.csv,World_EEZ_v8_2014.shp,WPP_BFAR_merge.shp,KKP_IDN_merge_20161208.shp,VNF-VBD_npp_20120301-20151231_global_asia-enhanced_c201607211230.bitmask,NCEI_NGA.union.nga_lead2.add_2015ntl.mask,timezone.shp,VBD_platforms-recurring_2015_r20170330.shp,999999,VBD_bridges_c20160811.shp,9.202956;7.293124;4.987635;0.117751;-4.766567;-9.662423;-14.566307;-12.781590;-10.252750;-5.421471;-0.565886;4.309883,106.389061;120.204430;133.795395;132.636734;131.583801;130.626740;129.763702;115.696312;101.762085;103.094223;104.302101;105.397919,npp_d20151003_t1731466_e1737270_b20378,161.664,115.547,50.9651,99.0651,64.0826,67.4458
414,VBD_npp_d20151003_t1735276_x1098365E_y045083S_l1991_s0917_v23,2017-06-01 16:11:27,-4.508288,109.836540,32.4756,2015-10-03 17:35:27,2015-10-04 00:35:27,1991,917,0.394166,1,2529,0.901951,0.170979,0.915118,0.4,0.95763,0.75,0.0133472,0.0001,2.99122e-26,999999,-1.694638e-01,3,Indonesian Exclusive Economic Zone,WPP712,,SVDNB_npp_d20151003_t1731466_e1737270_b20378_c20151003233728467558_noaa_ops.h5,GDNBO_npp_d20151003_t1731466_e1737270_b20378_c20151003233728467298_noaa_ops.h5,SVI04_npp_d20151003_t1731466_e1737270_b20378_c20151003233728541959_noaa_ops.dspace_rad,VNFF_npp_d20151003_t1731466_e1737270_b20378_v21.csv,World_EEZ_v8_2014.shp,WPP_BFAR_merge.shp,KKP_IDN_merge_20161208.shp,VNF-VBD_npp_20120301-20151231_global_asia-enhanced_c201607211230.bitmask,NCEI_NGA.union.nga_lead2.add_2015ntl.mask,timezone.shp,VBD_platforms-recurring_2015_r20170330.shp,999999,VBD_bridges_c20160811.shp,9.202956;7.293124;4.987635;0.117751;-4.766567;-9.662423;-14.566307;-12.781590;-10.252750;-5.421471;-0.565886;4.309883,106.389061;120.204430;133.795395;132.636734;131.583801;130.626740;129.763702;115.696312;101.762085;103.094223;104.302101;105.397919,npp_d20151003_t1731466_e1737270_b20378,161.485,117.238,50.9365,99.4604,64.3934,67.2011
415,VBD_npp_d20151003_t1735276_x1098331E_y045283S_l1994_s0917_v23,2017-06-01 16:11:27,-4.528335,109.833107,37.4121,2015-10-03 17:35:27,2015-10-04 00:35:27,1994,917,0.39438,1,2529,0.941056,0.167022,0.915118,0.4,0.95516,0.75,0.0133392,0.0001,2.7986e-26,999999,-1.315988e-01,3,Indonesian Exclusive Economic Zone,WPP712,,SVDNB_npp_d20151003_t1731466_e1737270_b20378_c20151003233728467558_noaa_ops.h5,GDNBO_npp_d20151003_t1731466_e1737270_b20378_c20151003233728467298_noaa_ops.h5,SVI04_npp_d20151003_t1731466_e1737270_b20378_c20151003233728541959_noaa_ops.dspace_rad,VNFF_npp_d20151003_t1731466_e1737270_b20378_v21.csv,World_EEZ_v8_2014.shp,WPP_BFAR_merge.shp,KKP_IDN_merge_20161208.shp,VNF-VBD_npp_20120301-20151231_global_asia-enhanced_c201607211230.bitmask,NCEI_NGA.union.nga_lead2.add_2015ntl.mask,timezone.shp,VBD_platforms-recurring_2015_r20170330.shp,999999,VBD_bridges_c20160811.shp,9.202956;7.293124;4.987635;0.117751;-4.766567;-9.662423;-14.566307;-12.781590;-10.252750;-5.421471;-0.565886;4.309883,106.389061;120.204430;133.795395;132.636734;131.583801;130.626740;129.763702;115.696312;101.762085;103.094223;104.302101;105.397919,npp_d20151003_t1731466_e1737270_b20378,161.479,117.296,50.937,99.308,64.4044,67.1928
416,VBD_npp_d20151003_t1735169_x1099897E_y038953S_l1896_s0918_v23,2017-06-01 16:11:27,-3.895287,109.989655,33.7177,2015-10-03 17:35:16,2015-10-04 00:35:16,1896,918,0.366283,1,2529,0.87627,0.167364,0.909981,0.4,0.944464,0.75,0.0134711,0.0001,5.99551e-26,999999,-1.348741e-01,3,Indonesian Exclusive Economic Zone,WPP712,,SVDNB_npp_d20151003_t1731466_e1737270_b20378_c20151003233728467558_noaa_ops.h5,GDNBO_npp_d20151003_t1731466_e1737270_b20378_c20151003233728467298_noaa_ops.h5,SVI04_npp_d20151003_t1731466_e1737270_b20378_c20151003233728541959_noaa_ops.dspace_rad,VNFF_npp_d20151003_t1731466_e1737270_b20378_v21.csv,World_EEZ_v8_2014.shp,WPP_BFAR_merge.shp,KKP_IDN_merge_20161208.shp,VNF-VBD_npp_20120301-20151231_global_asia-enhanced_c201607211230.bitmask,NCEI_NGA.union.nga_lead2.add_2015ntl.mask,timezone.shp,VBD_platforms-recurring_2015_r20170330.shp,999999,VBD_bridges_c20160811.shp,9.202956;7.293124;4.987635;0.117751;-4.766567;-9.662423;-14.566307;-12.781590;-10.252750;-5.421471;-0.565886;4.309883,106.389061;120.204430;133.795395;132.636734;131.583801;130.626740;129.763702;115.696312;101.762085;103.094223;104.302101;105.397919,npp_d20151003_t1731466_e1737270_b20378,161.66,115.436,50.9073,99.3182,64.0532,67.4555
417,VBD_npp_d20151003_t1735240_x1098932E_y043026S_l1959_s0918_v23,2017-06-01 16:11:27,-4.302568,109.893211,59.3842,2015-10-03 17:35:24,2015-10-04 00:35:24,1959,918,0.395162,1,2529,0.978318,0.175174,0.924459,0.4,0.922122,0.75,0.0133995,0.0001,4.03584e-26,999999,-2.096105e-01,3,Indonesian Exclusive Economic Zone,WPP712,,SVDNB_npp_d20151003_t1731466_e1737270_b20378_c20151003233728467558_noaa_ops.h5,GDNBO_npp_d20151003_t1731466_e1737270_b20378_c20151003233728467298_noaa_ops.h5,SVI04_npp_d20151003_t1731466_e1737270_b20378_c20151003233728541959_noaa_ops.dspace_rad,VNFF_npp_d20151003_t1731466_e1737270_b20378_v21.csv,World_EEZ_v8_2014.shp,WPP_BFAR_merge.shp,KKP_IDN_merge_20161208.shp,VNF-VBD_npp_20120301-20151231_global_asia-enhanced_c201607211230.bitmask,NCEI_NGA.union.nga_lead2.add_2015ntl.mask,timezone.shp,VBD_platforms-recurring_2015_r20170330.shp,999999,VBD_bridges_c20160811.shp,9.202956;7.293124;4.987635;0.117751;-4.766567;-9.662423;-14.566307;-12.781590;-10.252750;-5.421471;-0.565886;4.309883,106.389061;120.204430;133.795395;132.636734;131.583801;130.626740;129.763702;115.696312;101.762085;103.094223;104.302101;105.397919,npp_d20151003_t1731466_e1737270_b20378,161.541,116.629,50.9044,99.4298,64.274,67.2844
418,VBD_npp_d20151003_t1735276_x1098530E_y044905S_l1988_s0919_v23,2017-06-01 16:11:27,-4.490450,109.852982,4.26878,2015-10-03 17:35:27,2015-10-04 00:35:27,1988,919,0.393953,1,2529,0.255954,0.165712,0.91932,0.4,0.799142,0.75,0.0133626,0.0001,3.70762e-26,999999,-1.190693e-01,3,Indonesian Exclusive Economic Zone,WPP712,,SVDNB_npp_d20151003_t1731466_e1737270_b20378_c20151003233728467558_noaa_ops.h5,GDNBO_npp_d20151003_t1731466_e1737270_b20378_c20151003233728467298_noaa_ops.h5,SVI04_npp_d20151003_t1731466_e1737270_b20378_c20151003233728541959_noaa_ops.dspace_rad,VNFF_npp_d20151003_t1731466_e1737270_b20378_v21.csv,World_EEZ_v8_2014.shp,WPP_BFAR_merge.shp,KKP_IDN_merge_20161208.shp,VNF-VBD_npp_20120301-20151231_global_asia-enhanced_c201607211230.bitmask,NCEI_NGA.union.nga_lead2.add_2015ntl.mask,timezone.shp,VBD_platforms-recurring_2015_r20170330.shp,999999,VBD_bridges_c20160811.shp,9.202956;7.293124;4.987635;0.117751;-4.766567;-9.662423;-14.566307;-12.781590;-10.252750;-5.421471;-0.565886;4.309883,106.389061;120.204430;133.795395;132.636734;131.583801;130.626740;129.763702;115.696312;101.762085;103.094223;104.302101;105.397919,npp_d20151003_t1731466_e1737270_b20378,161.479,117.166,50.8796,99.6119,64.3712,67.2048
419,VBD_npp_d20151003_t1735293_x1098223E_y046340S_l2010_s0919_v23,2017-06-01 16:11:27,-4.633953,109.822258,29.6435,2015-10-03 17:35:29,2015-10-04 00:35:29,2010,919,0.396158,1,2529,0.834609,0.168789,0.924696,0.4,0.943555,0.75,0.0133042,0.0001,2.94182e-26,999999,-1.485053e-01,3,Indonesian Exclusive Economic Zone,WPP712,,SVDNB_npp_d20151003_t1731466_e1737270_b20378_c20151003233728467558_noaa_ops.h5,GDNBO_npp_d20151003_t1731466_e1737270_b20378_c20151003233728467298_noaa_ops.h5,SVI04_npp_d20151003_t1731466_e1737270_b20378_c20151003233728541959_noaa_ops.dspace_rad,VNFF_npp_d20151003_t1731466_e1737270_b20378_v21.csv,World_EEZ_v8_2014.shp,WPP_BFAR_merge.shp,KKP_IDN_merge_20161208.shp,VNF-VBD_npp_20120301-20151231_global_asia-enhanced_c201607211230.bitmask,NCEI_NGA.union.nga_lead2.add_2015ntl.mask,timezone.shp,VBD_platforms-recurring_2015_r20170330.shp,999999,VBD_bridges_c20160811.shp,9.202956;7.293124;4.987635;0.117751;-4.766567;-9.662423;-14.566307;-12.781590;-10.252750;-5.421471;-0.565886;4.309883,106.389061;120.204430;133.795395;132.636734;131.583801;130.626740;129.763702;115.696312;101.762085;103.094223;104.302101;105.397919,npp_d20151003_t1731466_e1737270_b20378,161.434,117.58,50.8769,99.323,64.4491,67.1454
420,VBD_npp_d20151003_t1735293_x1098345E_y046017S_l2005_s0920_v23,2017-06-01 16:11:27,-4.601676,109.834457,36.2356,2015-10-03 17:35:29,2015-10-04 00:35:29,2005,920,0.39502,1,2529,0.916128,0.16621,0.927171,0.4,0.954487,0.75,0.0133212,0.0001,3.53984e-26,999999,-1.238339e-01,3,Indonesian Exclusive Economic Zone,WPP712,,SVDNB_npp_d20151003_t1731466_e1737270_b20378_c20151003233728467558_noaa_ops.h5,GDNBO_npp_d20151003_t1731466_e1737270_b20378_c20151003233728467298_noaa_ops.h5,SVI04_npp_d20151003_t1731466_e1737270_b20378_c20151003233728541959_noaa_ops.dspace_rad,VNFF_npp_d20151003_t1731466_e1737270_b20378_v21.csv,World_EEZ_v8_2014.shp,WPP_BFAR_merge.shp,KKP_IDN_merge_20161208.shp,VNF-VBD_npp_20120301-20151231_global_asia-enhanced_c201607211230.bitmask,NCEI_NGA.union.nga_lead2.add_2015ntl.mask,timezone.shp,VBD_platforms-recurring_2015_r20170330.shp,999999,VBD_bridges_c20160811.shp,9.202956;7.293124;4.987635;0.117751;-4.766567;-9.662423;-14.566307;-12.781590;-10.252750;-5.421471;-0.565886;4.309883,106.389061;120.204430;133.795395;132.636734;131.583801;130.626740;129.763702;115.696312;101.762085;103.094223;104.302101;105.397919,npp_d20151003_t1731466_e1737270_b20378,161.438,117.477,50.8479,99.5768,64.4252,67.1569
421,VBD_npp_d20151003_t1735204_x1099683E_y040589S_l1921_s0921_v23,2017-06-01 16:11:27,-4.058853,109.968338,49.3974,2015-10-03 17:35:20,2015-10-04 00:35:20,1921,921,0.395162,1,2529,1.04328,0.139416,0.893576,0.4,0.965393,0.75,0.013454,0.0001,7.06082e-26,999999,1.325621e-01,3,Indonesian Exclusive Economic Zone,WPP712,,SVDNB_npp_d20151003_t1731466_e1737270_b20378_c20151003233728467558_noaa_ops.h5,GDNBO_npp_d20151003_t1731466_e1737270_b20378_c20151003233728467298_noaa_ops.h5,SVI04_npp_d20151003_t1731466_e1737270_b20378_c20151003233728541959_noaa_ops.dspace_rad,VNFF_npp_d20151003_t1731466_e1737270_b20378_v21.csv,World_EEZ_v8_2014.shp,WPP_BFAR_merge.shp,KKP_IDN_merge_20161208.shp,VNF-VBD_npp_20120301-20151231_global_asia-enhanced_c201607211230.bitmask,NCEI_NGA.union.nga_lead2.add_2015ntl.mask,timezone.shp,VBD_platforms-recurring_2015_r20170330.shp,999999,VBD_bridges_c20160811.shp,9.202956;7.293124;4.987635;0.117751;-4.766567;-9.662423;-14.566307;-12.781590;-10.252750;-5.421471;-0.565886;4.309883,106.389061;120.204430;133.795395;132.636734;131.583801;130.626740;129.763702;115.696312;101.762085;103.094223;104.302101;105.397919,npp_d20151003_t1731466_e1737270_b20378,161.595,115.889,50.8205,99.7033,64.1229,67.3811
422,VBD_npp_d20151003_t1735240_x1099150E_y042925S_l1957_s0921_v23,2017-06-01 16:11:27,-4.292495,109.914963,47.4481,2015-10-03 17:35:24,2015-10-04 00:35:24,1957,921,0.388049,1,2529,0.888762,0.150358,0.924723,0.4,0.930693,0.75,0.0134131,0.0001,5.25966e-26,999999,2.786004e-02,3,Indonesian Exclusive Economic Zone,WPP712,,SVDNB_npp_d20151003_t1731466_e1737270_b20378_c20151003233728467558_noaa_ops.h5,GDNBO_npp_d20151003_t1731466_e1737270_b20378_c20151003233728467298_noaa_ops.h5,SVI04_npp_d20151003_t1731466_e1737270_b20378_c20151003233728541959_noaa_ops.dspace_rad,VNFF_npp_d20151003_t1731466_e1737270_b20378_v21.csv,World_EEZ_v8_2014.shp,WPP_BFAR_merge.shp,KKP_IDN_merge_20161208.shp,VNF-VBD_npp_20120301-20151231_global_asia-enhanced_c201607211230.bitmask,NCEI_NGA.union.nga_lead2.add_2015ntl.mask,timezone.shp,VBD_platforms-recurring_2015_r20170330.shp,999999,VBD_bridges_c20160811.shp,9.202956;7.293124;4.987635;0.117751;-4.766567;-9.662423;-14.566307;-12.781590;-10.252750;-5.421471;-0.565886;4.309883,106.389061;120.204430;133.795395;132.636734;131.583801;130.626740;129.763702;115.696312;101.762085;103.094223;104.302101;105.397919,npp_d20151003_t1731466_e1737270_b20378,161.527,116.572,50.8193,99.5301,64.2499,67.2832
423,VBD_npp_d20151003_t1735276_x1098580E_y045393S_l1995_s0921_v23,2017-06-01 16:11:27,-4.539344,109.858009,62.7668,2015-10-03 17:35:27,2015-10-04 00:35:27,1995,921,0.397936,1,2529,1.12037,0.14165,0.917416,0.4,0.969904,0.75,0.0133515,0.0001,3.68523e-26,999999,1.111857e-01,3,Indonesian Exclusive Economic Zone,WPP712,,SVDNB_npp_d20151003_t1731466_e1737270_b20378_c20151003233728467558_noaa_ops.h5,GDNBO_npp_d20151003_t1731466_e1737270_b20378_c20151003233728467298_noaa_ops.h5,SVI04_npp_d20151003_t1731466_e1737270_b20378_c20151003233728541959_noaa_ops.dspace_rad,VNFF_npp_d20151003_t1731466_e1737270_b20378_v21.csv,World_EEZ_v8_2014.shp,WPP_BFAR_merge.shp,KKP_IDN_merge_20161208.shp,VNF-VBD_npp_20120301-20151231_global_asia-enhanced_c201607211230.bitmask,NCEI_NGA.union.nga_lead2.add_2015ntl.mask,timezone.shp,VBD_platforms-recurring_2015_r20170330.shp,999999,VBD_bridges_c20160811.shp,9.202956;7.293124;4.987635;0.117751;-4.766567;-9.662423;-14.566307;-12.781590;-10.252750;-5.421471;-0.565886;4.309883,106.389061;120.204430;133.795395;132.636734;131.583801;130.626740;129.763702;115.696312;101.762085;103.094223;104.302101;105.397919,npp_d20151003_t1731466_e1737270_b20378,161.452,117.289,50.8239,99.2548,64.3856,67.181
424,VBD_npp_d20151003_t1735133_x1100718E_y036528S_l1858_s0922_v23,2017-06-01 16:11:27,-3.652795,110.071838,61.3514,2015-10-03 17:35:13,2015-10-04 00:35:13,1858,922,0.377308,8,18913,0.761203,0.152772,0.710719,0.4,0.785396,0.75,0.013566,0.0001,1.13039e-25,999999,4.762888e-03,3,Indonesian Exclusive Economic Zone,WPP712,,SVDNB_npp_d20151003_t1731466_e1737270_b20378_c20151003233728467558_noaa_ops.h5,GDNBO_npp_d20151003_t1731466_e1737270_b20378_c20151003233728467298_noaa_ops.h5,SVI04_npp_d20151003_t1731466_e1737270_b20378_c20151003233728541959_noaa_ops.dspace_rad,VNFF_npp_d20151003_t1731466_e1737270_b20378_v21.csv,World_EEZ_v8_2014.shp,WPP_BFAR_merge.shp,KKP_IDN_merge_20161208.shp,VNF-VBD_npp_20120301-20151231_global_asia-enhanced_c201607211230.bitmask,NCEI_NGA.union.nga_lead2.add_2015ntl.mask,timezone.shp,VBD_platforms-recurring_2015_r20170330.shp,0.188949,VBD_bridges_c20160811.shp,9.202956;7.293124;4.987635;0.117751;-4.766567;-9.662423;-14.566307;-12.781590;-10.252750;-5.421471;-0.565886;4.309883,106.389061;120.204430;133.795395;132.636734;131.583801;130.626740;129.763702;115.696312;101.762085;103.094223;104.302101;105.397919,npp_d20151003_t1731466_e1737270_b20378,161.702,114.682,50.7911,99.5912,63.8966,67.5514
425,VBD_npp_d20151003_t1735204_x1099635E_y041266S_l1931_s0922_v23,2017-06-01 16:11:27,-4.126629,109.963547,33.4644,2015-10-03 17:35:20,2015-10-04 00:35:20,1931,922,0.393242,1,2529,0.914415,0.154485,0.886394,0.4,0.949752,0.75,0.0134464,0.0001,6.1226e-26,999999,-1.162935e-02,3,Indonesian Exclusive Economic Zone,WPP712,,SVDNB_npp_d20151003_t1731466_e1737270_b20378_c20151003233728467558_noaa_ops.h5,GDNBO_npp_d20151003_t1731466_e1737270_b20378_c20151003233728467298_noaa_ops.h5,SVI04_npp_d20151003_t1731466_e1737270_b20378_c20151003233728541959_noaa_ops.dspace_rad,VNFF_npp_d20151003_t1731466_e1737270_b20378_v21.csv,World_EEZ_v8_2014.shp,WPP_BFAR_merge.shp,KKP_IDN_merge_20161208.shp,VNF-VBD_npp_20120301-20151231_global_asia-enhanced_c201607211230.bitmask,NCEI_NGA.union.nga_lead2.add_2015ntl.mask,timezone.shp,VBD_platforms-recurring_2015_r20170330.shp,999999,VBD_bridges_c20160811.shp,9.202956;7.293124;4.987635;0.117751;-4.766567;-9.662423;-14.566307;-12.781590;-10.252750;-5.421471;-0.565886;4.309883,106.389061;120.204430;133.795395;132.636734;131.583801;130.626740;129.763702;115.696312;101.762085;103.094223;104.302101;105.397919,npp_d20151003_t1731466_e1737270_b20378,161.57,116.079,50.7931,99.1936,64.1537,67.3509
426,VBD_npp_d20151003_t1735240_x1099260E_y042669S_l1953_s0922_v23,2017-06-01 16:11:27,-4.266920,109.925964,45.3945,2015-10-03 17:35:24,2015-10-04 00:35:24,1953,922,0.398505,1,2529,0.912616,0.127512,0.919907,0.4,0.936066,0.75,0.0134214,0.0001,6.1707e-26,999999,2.464763e-01,3,Indonesian Exclusive Economic Zone,WPP712,,SVDNB_npp_d20151003_t1731466_e1737270_b20378_c20151003233728467558_noaa_ops.h5,GDNBO_npp_d20151003_t1731466_e1737270_b20378_c20151003233728467298_noaa_ops.h5,SVI04_npp_d20151003_t1731466_e1737270_b20378_c20151003233728541959_noaa_ops.dspace_rad,VNFF_npp_d20151003_t1731466_e1737270_b20378_v21.csv,World_EEZ_v8_2014.shp,WPP_BFAR_merge.shp,KKP_IDN_merge_20161208.shp,VNF-VBD_npp_20120301-20151231_global_asia-enhanced_c201607211230.bitmask,NCEI_NGA.union.nga_lead2.add_2015ntl.mask,timezone.shp,VBD_platforms-recurring_2015_r20170330.shp,999999,VBD_bridges_c20160811.shp,9.202956;7.293124;4.987635;0.117751;-4.766567;-9.662423;-14.566307;-12.781590;-10.252750;-5.421471;-0.565886;4.309883,106.389061;120.204430;133.795395;132.636734;131.583801;130.626740;129.763702;115.696312;101.762085;103.094223;104.302101;105.397919,npp_d20151003_t1731466_e1737270_b20378,161.528,116.488,50.791,99.7334,64.2297,67.2921
427,VBD_npp_d20151003_t1735258_x1098834E_y044700S_l1984_s0922_v23,2017-06-01 16:11:27,-4.470006,109.883415,48.7009,2015-10-03 17:35:25,2015-10-04 00:35:25,1984,922,0.397723,1,2529,1.05932,0.15038,0.913711,0.4,0.973316,0.75,0.0133845,0.0001,3.9531e-26,999999,2.765168e-02,3,Indonesian Exclusive Economic Zone,WPP712,,SVDNB_npp_d20151003_t1731466_e1737270_b20378_c20151003233728467558_noaa_ops.h5,GDNBO_npp_d20151003_t1731466_e1737270_b20378_c20151003233728467298_noaa_ops.h5,SVI04_npp_d20151003_t1731466_e1737270_b20378_c20151003233728541959_noaa_ops.dspace_rad,VNFF_npp_d20151003_t1731466_e1737270_b20378_v21.csv,World_EEZ_v8_2014.shp,WPP_BFAR_merge.shp,KKP_IDN_merge_20161208.shp,VNF-VBD_npp_20120301-20151231_global_asia-enhanced_c201607211230.bitmask,NCEI_NGA.union.nga_lead2.add_2015ntl.mask,timezone.shp,VBD_platforms-recurring_2015_r20170330.shp,999999,VBD_bridges_c20160811.shp,9.202956;7.293124;4.987635;0.117751;-4.766567;-9.662423;-14.566307;-12.781590;-10.252750;-5.421471;-0.565886;4.309883,106.389061;120.204430;133.795395;132.636734;131.583801;130.626740;129.763702;115.696312;101.762085;103.094223;104.302101;105.397919,npp_d20151003_t1731466_e1737270_b20378,161.468,117.079,50.7975,98.9865,64.3416,67.2079
428,VBD_npp_d20151003_t1735293_x1098505E_y046250S_l2008_s0923_v23,2017-06-01 16:11:27,-4.624960,109.850502,55.4923,2015-10-03 17:35:29,2015-10-04 00:35:29,2008,923,0.395162,1,2529,1.04453,0.170845,0.930505,0.4,0.951112,0.75,0.0133245,0.0001,4.13681e-26,999999,-1.681854e-01,3,Indonesian Exclusive Economic Zone,WPP712,,SVDNB_npp_d20151003_t1731466_e1737270_b20378_c20151003233728467558_noaa_ops.h5,GDNBO_npp_d20151003_t1731466_e1737270_b20378_c20151003233728467298_noaa_ops.h5,SVI04_npp_d20151003_t1731466_e1737270_b20378_c20151003233728541959_noaa_ops.dspace_rad,VNFF_npp_d20151003_t1731466_e1737270_b20378_v21.csv,World_EEZ_v8_2014.shp,WPP_BFAR_merge.shp,KKP_IDN_merge_20161208.shp,VNF-VBD_npp_20120301-20151231_global_asia-enhanced_c201607211230.bitmask,NCEI_NGA.union.nga_lead2.add_2015ntl.mask,timezone.shp,VBD_platforms-recurring_2015_r20170330.shp,999999,VBD_bridges_c20160811.shp,9.202956;7.293124;4.987635;0.117751;-4.766567;-9.662423;-14.566307;-12.781590;-10.252750;-5.421471;-0.565886;4.309883,106.389061;120.204430;133.795395;132.636734;131.583801;130.626740;129.763702;115.696312;101.762085;103.094223;104.302101;105.397919,npp_d20151003_t1731466_e1737270_b20378,161.413,117.515,50.7634,99.4226,64.4194,67.1418
429,VBD_npp_d20151003_t1735222_x1099479E_y042588S_l1951_s0924_v23,2017-06-01 16:11:27,-4.258763,109.947853,26.2728,2015-10-03 17:35:22,2015-10-04 00:35:22,1951,924,0.397367,1,2529,0.743637,0.132747,0.917453,0.4,0.857262,0.75,0.0134312,0.0001,5.87113e-26,999999,1.963836e-01,3,Indonesian Exclusive Economic Zone,WPP712,,SVDNB_npp_d20151003_t1731466_e1737270_b20378_c20151003233728467558_noaa_ops.h5,GDNBO_npp_d20151003_t1731466_e1737270_b20378_c20151003233728467298_noaa_ops.h5,SVI04_npp_d20151003_t1731466_e1737270_b20378_c20151003233728541959_noaa_ops.dspace_rad,VNFF_npp_d20151003_t1731466_e1737270_b20378_v21.csv,World_EEZ_v8_2014.shp,WPP_BFAR_merge.shp,KKP_IDN_merge_20161208.shp,VNF-VBD_npp_20120301-20151231_global_asia-enhanced_c201607211230.bitmask,NCEI_NGA.union.nga_lead2.add_2015ntl.mask,timezone.shp,VBD_platforms-recurring_2015_r20170330.shp,999999,VBD_bridges_c20160811.shp,9.202956;7.293124;4.987635;0.117751;-4.766567;-9.662423;-14.566307;-12.781590;-10.252750;-5.421471;-0.565886;4.309883,106.389061;120.204430;133.795395;132.636734;131.583801;130.626740;129.763702;115.696312;101.762085;103.094223;104.302101;105.397919,npp_d20151003_t1731466_e1737270_b20378,161.519,116.445,50.7358,99.0052,64.2129,67.2919
430,VBD_npp_d20151003_t1735222_x1099645E_y041999S_l1942_s0925_v23,2017-06-01 16:11:27,-4.199905,109.964516,30.2434,2015-10-03 17:35:22,2015-10-04 00:35:22,1942,925,0.392815,1,2529,0.85331,0.175701,0.881886,0.4,0.94948,0.75,0.0134452,0.0001,7.68592e-26,999999,-2.146526e-01,3,Indonesian Exclusive Economic Zone,WPP712,,SVDNB_npp_d20151003_t1731466_e1737270_b20378_c20151003233728467558_noaa_ops.h5,GDNBO_npp_d20151003_t1731466_e1737270_b20378_c20151003233728467298_noaa_ops.h5,SVI04_npp_d20151003_t1731466_e1737270_b20378_c20151003233728541959_noaa_ops.dspace_rad,VNFF_npp_d20151003_t1731466_e1737270_b20378_v21.csv,World_EEZ_v8_2014.shp,WPP_BFAR_merge.shp,KKP_IDN_merge_20161208.shp,VNF-VBD_npp_20120301-20151231_global_asia-enhanced_c201607211230.bitmask,NCEI_NGA.union.nga_lead2.add_2015ntl.mask,timezone.shp,VBD_platforms-recurring_2015_r20170330.shp,999999,VBD_bridges_c20160811.shp,9.202956;7.293124;4.987635;0.117751;-4.766567;-9.662423;-14.566307;-12.781590;-10.252750;-5.421471;-0.565886;4.309883,106.389061;120.204430;133.795395;132.636734;131.583801;130.626740;129.763702;115.696312;101.762085;103.094223;104.302101;105.397919,npp_d20151003_t1731466_e1737270_b20378,161.53,116.264,50.7055,99.4635,64.1746,67.3147
431,VBD_npp_d20151003_t1735240_x1099397E_y043035S_l1958_s0925_v23,2017-06-01 16:11:27,-4.303519,109.939735,83.0965,2015-10-03 17:35:24,2015-10-04 00:35:24,1958,925,0.395802,1,2529,1.12234,0.145441,0.92103,0.4,0.959654,0.75,0.013427,0.0001,6.89928e-26,999999,7.490849e-02,3,Indonesian Exclusive Economic Zone,WPP712,,SVDNB_npp_d20151003_t1731466_e1737270_b20378_c20151003233728467558_noaa_ops.h5,GDNBO_npp_d20151003_t1731466_e1737270_b20378_c20151003233728467298_noaa_ops.h5,SVI04_npp_d20151003_t1731466_e1737270_b20378_c20151003233728541959_noaa_ops.dspace_rad,VNFF_npp_d20151003_t1731466_e1737270_b20378_v21.csv,World_EEZ_v8_2014.shp,WPP_BFAR_merge.shp,KKP_IDN_merge_20161208.shp,VNF-VBD_npp_20120301-20151231_global_asia-enhanced_c201607211230.bitmask,NCEI_NGA.union.nga_lead2.add_2015ntl.mask,timezone.shp,VBD_platforms-recurring_2015_r20170330.shp,999999,VBD_bridges_c20160811.shp,9.202956;7.293124;4.987635;0.117751;-4.766567;-9.662423;-14.566307;-12.781590;-10.252750;-5.421471;-0.565886;4.309883,106.389061;120.204430;133.795395;132.636734;131.583801;130.626740;129.763702;115.696312;101.762085;103.094223;104.302101;105.397919,npp_d20151003_t1731466_e1737270_b20378,161.5,116.566,50.7062,99.4773,64.2312,67.2715
432,VBD_npp_d20151003_t1735276_x1098885E_y045170S_l1991_s0925_v23,2017-06-01 16:11:27,-4.517022,109.888489,23.1168,2015-10-03 17:35:27,2015-10-04 00:35:27,1991,925,0.398648,1,2529,0.794189,0.134426,0.91268,0.4,0.950243,0.75,0.0133772,0.0001,5.40541e-26,999999,1.803132e-01,3,Indonesian Exclusive Economic Zone,WPP712,,SVDNB_npp_d20151003_t1731466_e1737270_b20378_c20151003233728467558_noaa_ops.h5,GDNBO_npp_d20151003_t1731466_e1737270_b20378_c20151003233728467298_noaa_ops.h5,SVI04_npp_d20151003_t1731466_e1737270_b20378_c20151003233728541959_noaa_ops.dspace_rad,VNFF_npp_d20151003_t1731466_e1737270_b20378_v21.csv,World_EEZ_v8_2014.shp,WPP_BFAR_merge.shp,KKP_IDN_merge_20161208.shp,VNF-VBD_npp_20120301-20151231_global_asia-enhanced_c201607211230.bitmask,NCEI_NGA.union.nga_lead2.add_2015ntl.mask,timezone.shp,VBD_platforms-recurring_2015_r20170330.shp,999999,VBD_bridges_c20160811.shp,9.202956;7.293124;4.987635;0.117751;-4.766567;-9.662423;-14.566307;-12.781590;-10.252750;-5.421471;-0.565886;4.309883,106.389061;120.204430;133.795395;132.636734;131.583801;130.626740;129.763702;115.696312;101.762085;103.094223;104.302101;105.397919,npp_d20151003_t1731466_e1737270_b20378,161.435,117.186,50.71,99.4563,64.3487,67.183
433,VBD_npp_d20151003_t1735293_x1098669E_y046072S_l2005_s0925_v23,2017-06-01 16:11:27,-4.607161,109.866852,70.6953,2015-10-03 17:35:29,2015-10-04 00:35:29,2005,925,0.393811,8,18913,1.09997,0.171971,0.931914,0.4,0.947651,0.75,0.01334,0.0001,5.11944e-26,999999,-1.789547e-01,3,Indonesian Exclusive Economic Zone,WPP712,,SVDNB_npp_d20151003_t1731466_e1737270_b20378_c20151003233728467558_noaa_ops.h5,GDNBO_npp_d20151003_t1731466_e1737270_b20378_c20151003233728467298_noaa_ops.h5,SVI04_npp_d20151003_t1731466_e1737270_b20378_c20151003233728541959_noaa_ops.dspace_rad,VNFF_npp_d20151003_t1731466_e1737270_b20378_v21.csv,World_EEZ_v8_2014.shp,WPP_BFAR_merge.shp,KKP_IDN_merge_20161208.shp,VNF-VBD_npp_20120301-20151231_global_asia-enhanced_c201607211230.bitmask,NCEI_NGA.union.nga_lead2.add_2015ntl.mask,timezone.shp,VBD_platforms-recurring_2015_r20170330.shp,0.586025,VBD_bridges_c20160811.shp,9.202956;7.293124;4.987635;0.117751;-4.766567;-9.662423;-14.566307;-12.781590;-10.252750;-5.421471;-0.565886;4.309883,106.389061;120.204430;133.795395;132.636734;131.583801;130.626740;129.763702;115.696312;101.762085;103.094223;104.302101;105.397919,npp_d20151003_t1731466_e1737270_b20378,161.407,117.445,50.7065,99.5744,64.3973,67.1455
434,VBD_npp_d20151003_t1735240_x1099428E_y043246S_l1961_s0926_v23,2017-06-01 16:11:27,-4.324568,109.942802,5.97935,2015-10-03 17:35:24,2015-10-04 00:35:24,1961,926,0.392246,7,2465,0.242052,0.150827,0.915116,0.4,0.672343,0.75,0.0134273,0.0001,6.95332e-26,999999,2.337659e-02,3,,,,SVDNB_npp_d20151003_t1731466_e1737270_b20378_c20151003233728467558_noaa_ops.h5,GDNBO_npp_d20151003_t1731466_e1737270_b20378_c20151003233728467298_noaa_ops.h5,SVI04_npp_d20151003_t1731466_e1737270_b20378_c20151003233728541959_noaa_ops.dspace_rad,VNFF_npp_d20151003_t1731466_e1737270_b20378_v21.csv,World_EEZ_v8_2014.shp,WPP_BFAR_merge.shp,KKP_IDN_merge_20161208.shp,VNF-VBD_npp_20120301-20151231_global_asia-enhanced_c201607211230.bitmask,NCEI_NGA.union.nga_lead2.add_2015ntl.mask,timezone.shp,VBD_platforms-recurring_2015_r20170330.shp,999999,VBD_bridges_c20160811.shp,9.202956;7.293124;4.987635;0.117751;-4.766567;-9.662423;-14.566307;-12.781590;-10.252750;-5.421471;-0.565886;4.309883,106.389061;120.204430;133.795395;132.636734;131.583801;130.626740;129.763702;115.696312;101.762085;103.094223;104.302101;105.397919,npp_d20151003_t1731466_e1737270_b20378,161.487,116.618,50.6783,99.3238,64.2366,67.2609
435,VBD_npp_d20151003_t1735258_x1099207E_y044077S_l1974_s0926_v23,2017-06-01 16:11:27,-4.407695,109.920670,18.0131,2015-10-03 17:35:25,2015-10-04 00:35:25,1974,926,0.399999,8,18913,0.660517,0.142855,0.885205,0.4,0.912332,0.75,0.0134125,0.0001,6.60955e-26,999999,9.966023e-02,3,Indonesian Exclusive Economic Zone,WPP712,,SVDNB_npp_d20151003_t1731466_e1737270_b20378_c20151003233728467558_noaa_ops.h5,GDNBO_npp_d20151003_t1731466_e1737270_b20378_c20151003233728467298_noaa_ops.h5,SVI04_npp_d20151003_t1731466_e1737270_b20378_c20151003233728541959_noaa_ops.dspace_rad,VNFF_npp_d20151003_t1731466_e1737270_b20378_v21.csv,World_EEZ_v8_2014.shp,WPP_BFAR_merge.shp,KKP_IDN_merge_20161208.shp,VNF-VBD_npp_20120301-20151231_global_asia-enhanced_c201607211230.bitmask,NCEI_NGA.union.nga_lead2.add_2015ntl.mask,timezone.shp,VBD_platforms-recurring_2015_r20170330.shp,0.0732851,VBD_bridges_c20160811.shp,9.202956;7.293124;4.987635;0.117751;-4.766567;-9.662423;-14.566307;-12.781590;-10.252750;-5.421471;-0.565886;4.309883,106.389061;120.204430;133.795395;132.636734;131.583801;130.626740;129.763702;115.696312;101.762085;103.094223;104.302101;105.397919,npp_d20151003_t1731466_e1737270_b20378,161.463,116.86,50.6821,99.4938,64.2828,67.2265
436,VBD_npp_d20151003_t1735258_x1099161E_y044343S_l1978_s0926_v23,2017-06-01 16:11:27,-4.434312,109.916138,86.4457,2015-10-03 17:35:25,2015-10-04 00:35:25,1978,926,0.394664,1,2529,1.26126,0.170652,0.907646,0.4,0.977343,0.75,0.013408,0.0001,6.05726e-26,999999,-1.663342e-01,3,Indonesian Exclusive Economic Zone,WPP712,,SVDNB_npp_d20151003_t1731466_e1737270_b20378_c20151003233728467558_noaa_ops.h5,GDNBO_npp_d20151003_t1731466_e1737270_b20378_c20151003233728467298_noaa_ops.h5,SVI04_npp_d20151003_t1731466_e1737270_b20378_c20151003233728541959_noaa_ops.dspace_rad,VNFF_npp_d20151003_t1731466_e1737270_b20378_v21.csv,World_EEZ_v8_2014.shp,WPP_BFAR_merge.shp,KKP_IDN_merge_20161208.shp,VNF-VBD_npp_20120301-20151231_global_asia-enhanced_c201607211230.bitmask,NCEI_NGA.union.nga_lead2.add_2015ntl.mask,timezone.shp,VBD_platforms-recurring_2015_r20170330.shp,999999,VBD_bridges_c20160811.shp,9.202956;7.293124;4.987635;0.117751;-4.766567;-9.662423;-14.566307;-12.781590;-10.252750;-5.421471;-0.565886;4.309883,106.389061;120.204430;133.795395;132.636734;131.583801;130.626740;129.763702;115.696312;101.762085;103.094223;104.302101;105.397919,npp_d20151003_t1731466_e1737270_b20378,161.455,116.938,50.6826,99.2897,64.2974,67.2155
437,VBD_npp_d20151003_t1735151_x1100782E_y037749S_l1876_s0927_v23,2017-06-01 16:11:27,-3.774897,110.078194,37.8512,2015-10-03 17:35:15,2015-10-04 00:35:15,1876,927,0.370693,1,2529,0.921299,0.138162,0.802081,0.4,0.949319,0.75,0.0135389,0.0001,1.41337e-25,999999,1.445674e-01,3,Indonesian Exclusive Economic Zone,WPP712,,SVDNB_npp_d20151003_t1731466_e1737270_b20378_c20151003233728467558_noaa_ops.h5,GDNBO_npp_d20151003_t1731466_e1737270_b20378_c20151003233728467298_noaa_ops.h5,SVI04_npp_d20151003_t1731466_e1737270_b20378_c20151003233728541959_noaa_ops.dspace_rad,VNFF_npp_d20151003_t1731466_e1737270_b20378_v21.csv,World_EEZ_v8_2014.shp,WPP_BFAR_merge.shp,KKP_IDN_merge_20161208.shp,VNF-VBD_npp_20120301-20151231_global_asia-enhanced_c201607211230.bitmask,NCEI_NGA.union.nga_lead2.add_2015ntl.mask,timezone.shp,VBD_platforms-recurring_2015_r20170330.shp,999999,VBD_bridges_c20160811.shp,9.202956;7.293124;4.987635;0.117751;-4.766567;-9.662423;-14.566307;-12.781590;-10.252750;-5.421471;-0.565886;4.309883,106.389061;120.204430;133.795395;132.636734;131.583801;130.626740;129.763702;115.696312;101.762085;103.094223;104.302101;105.397919,npp_d20151003_t1731466_e1737270_b20378,161.638,114.999,50.6468,99.5045,63.9311,67.4906
438,VBD_npp_d20151003_t1735293_x1098874E_y046038S_l2004_s0928_v23,2017-06-01 16:11:27,-4.603792,109.887352,38.1976,2015-10-03 17:35:29,2015-10-04 00:35:29,2004,928,0.398292,1,2529,0.855367,0.166494,0.924058,0.4,0.934402,0.75,0.0133539,0.0001,6.51826e-26,999999,-1.265482e-01,3,Indonesian Exclusive Economic Zone,WPP712,,SVDNB_npp_d20151003_t1731466_e1737270_b20378_c20151003233728467558_noaa_ops.h5,GDNBO_npp_d20151003_t1731466_e1737270_b20378_c20151003233728467298_noaa_ops.h5,SVI04_npp_d20151003_t1731466_e1737270_b20378_c20151003233728541959_noaa_ops.dspace_rad,VNFF_npp_d20151003_t1731466_e1737270_b20378_v21.csv,World_EEZ_v8_2014.shp,WPP_BFAR_merge.shp,KKP_IDN_merge_20161208.shp,VNF-VBD_npp_20120301-20151231_global_asia-enhanced_c201607211230.bitmask,NCEI_NGA.union.nga_lead2.add_2015ntl.mask,timezone.shp,VBD_platforms-recurring_2015_r20170330.shp,999999,VBD_bridges_c20160811.shp,9.202956;7.293124;4.987635;0.117751;-4.766567;-9.662423;-14.566307;-12.781590;-10.252750;-5.421471;-0.565886;4.309883,106.389061;120.204430;133.795395;132.636734;131.583801;130.626740;129.763702;115.696312;101.762085;103.094223;104.302101;105.397919,npp_d20151003_t1731466_e1737270_b20378,161.39,117.406,50.6216,99.624,64.377,67.1415
439,VBD_npp_d20151003_t1735293_x1098828E_y046304S_l2008_s0928_v23,2017-06-01 16:11:27,-4.630384,109.882812,49.5807,2015-10-03 17:35:29,2015-10-04 00:35:29,2008,928,0.39694,1,2529,0.988129,0.160507,0.921291,0.4,0.905935,0.75,0.0133433,0.0001,5.9736e-26,999999,-6.926198e-02,3,Indonesian Exclusive Economic Zone,WPP712,,SVDNB_npp_d20151003_t1731466_e1737270_b20378_c20151003233728467558_noaa_ops.h5,GDNBO_npp_d20151003_t1731466_e1737270_b20378_c20151003233728467298_noaa_ops.h5,SVI04_npp_d20151003_t1731466_e1737270_b20378_c20151003233728541959_noaa_ops.dspace_rad,VNFF_npp_d20151003_t1731466_e1737270_b20378_v21.csv,World_EEZ_v8_2014.shp,WPP_BFAR_merge.shp,KKP_IDN_merge_20161208.shp,VNF-VBD_npp_20120301-20151231_global_asia-enhanced_c201607211230.bitmask,NCEI_NGA.union.nga_lead2.add_2015ntl.mask,timezone.shp,VBD_platforms-recurring_2015_r20170330.shp,999999,VBD_bridges_c20160811.shp,9.202956;7.293124;4.987635;0.117751;-4.766567;-9.662423;-14.566307;-12.781590;-10.252750;-5.421471;-0.565886;4.309883,106.389061;120.204430;133.795395;132.636734;131.583801;130.626740;129.763702;115.696312;101.762085;103.094223;104.302101;105.397919,npp_d20151003_t1731466_e1737270_b20378,161.382,117.483,50.622,99.4199,64.3916,67.1305
440,VBD_npp_d20151003_t1732563_x1119069E_y042296N_l0640_s0929_v23,2017-06-01 16:11:27,4.229554,111.906883,976.22,2015-10-03 17:32:56,2015-10-04 01:32:56,640,929,0.544608,4,100845,1.27972,0.0680139,0.674621,0.4,0.9558,0.75,0.0162325,0.0001,1.20375e-22,999999,7.395844e-01,3,Malaysian Exclusive Economic Zone,,,SVDNB_npp_d20151003_t1731466_e1737270_b20378_c20151003233728467558_noaa_ops.h5,GDNBO_npp_d20151003_t1731466_e1737270_b20378_c20151003233728467298_noaa_ops.h5,SVI04_npp_d20151003_t1731466_e1737270_b20378_c20151003233728541959_noaa_ops.dspace_rad,VNFF_npp_d20151003_t1731466_e1737270_b20378_v21.csv,World_EEZ_v8_2014.shp,WPP_BFAR_merge.shp,KKP_IDN_merge_20161208.shp,VNF-VBD_npp_20120301-20151231_global_asia-enhanced_c201607211230.bitmask,NCEI_NGA.union.nga_lead2.add_2015ntl.mask,timezone.shp,VBD_platforms-recurring_2015_r20170330.shp,999999,VBD_bridges_c20160811.shp,9.202956;7.293124;4.987635;0.117751;-4.766567;-9.662423;-14.566307;-12.781590;-10.252750;-5.421471;-0.565886;4.309883,106.389061;120.204430;133.795395;132.636734;131.583801;130.626740;129.763702;115.696312;101.762085;103.094223;104.302101;105.397919,npp_d20151003_t1731466_e1737270_b20378,162.164,90.0256,50.5831,97.8088,59.8903,71.3987
441,VBD_npp_d20151003_t1735204_x1100101E_y041278S_l1930_s0929_v23,2017-06-01 16:11:27,-4.127830,110.010078,52.5227,2015-10-03 17:35:20,2015-10-04 00:35:20,1930,929,0.382216,8,18913,1.04543,0.175802,0.902451,0.4,0.958948,0.75,0.0134738,0.0001,1.04246e-25,999999,-2.156208e-01,3,Indonesian Exclusive Economic Zone,WPP712,,SVDNB_npp_d20151003_t1731466_e1737270_b20378_c20151003233728467558_noaa_ops.h5,GDNBO_npp_d20151003_t1731466_e1737270_b20378_c20151003233728467298_noaa_ops.h5,SVI04_npp_d20151003_t1731466_e1737270_b20378_c20151003233728541959_noaa_ops.dspace_rad,VNFF_npp_d20151003_t1731466_e1737270_b20378_v21.csv,World_EEZ_v8_2014.shp,WPP_BFAR_merge.shp,KKP_IDN_merge_20161208.shp,VNF-VBD_npp_20120301-20151231_global_asia-enhanced_c201607211230.bitmask,NCEI_NGA.union.nga_lead2.add_2015ntl.mask,timezone.shp,VBD_platforms-recurring_2015_r20170330.shp,0.66838,VBD_bridges_c20160811.shp,9.202956;7.293124;4.987635;0.117751;-4.766567;-9.662423;-14.566307;-12.781590;-10.252750;-5.421471;-0.565886;4.309883,106.389061;120.204430;133.795395;132.636734;131.583801;130.626740;129.763702;115.696312;101.762085;103.094223;104.302101;105.397919,npp_d20151003_t1731466_e1737270_b20378,161.528,116.018,50.5939,99.2383,64.111,67.338
442,VBD_npp_d20151003_t1735222_x1099801E_y042656S_l1951_s0929_v23,2017-06-01 16:11:27,-4.265553,109.980133,12.9938,2015-10-03 17:35:22,2015-10-04 00:35:22,1951,929,0.391037,1,2529,0.506059,0.168002,0.917191,0.4,0.841008,0.75,0.0134499,0.0001,8.43229e-26,999999,-1.409760e-01,3,Indonesian Exclusive Economic Zone,WPP712,,SVDNB_npp_d20151003_t1731466_e1737270_b20378_c20151003233728467558_noaa_ops.h5,GDNBO_npp_d20151003_t1731466_e1737270_b20378_c20151003233728467298_noaa_ops.h5,SVI04_npp_d20151003_t1731466_e1737270_b20378_c20151003233728541959_noaa_ops.dspace_rad,VNFF_npp_d20151003_t1731466_e1737270_b20378_v21.csv,World_EEZ_v8_2014.shp,WPP_BFAR_merge.shp,KKP_IDN_merge_20161208.shp,VNF-VBD_npp_20120301-20151231_global_asia-enhanced_c201607211230.bitmask,NCEI_NGA.union.nga_lead2.add_2015ntl.mask,timezone.shp,VBD_platforms-recurring_2015_r20170330.shp,999999,VBD_bridges_c20160811.shp,9.202956;7.293124;4.987635;0.117751;-4.766567;-9.662423;-14.566307;-12.781590;-10.252750;-5.421471;-0.565886;4.309883,106.389061;120.204430;133.795395;132.636734;131.583801;130.626740;129.763702;115.696312;101.762085;103.094223;104.302101;105.397919,npp_d20151003_t1731466_e1737270_b20378,161.487,116.418,50.5935,98.9906,64.1856,67.2801
443,VBD_npp_d20151003_t1735240_x1099577E_y043554S_l1965_s0929_v23,2017-06-01 16:11:27,-4.355429,109.957672,24.8429,2015-10-03 17:35:24,2015-10-04 00:35:24,1965,929,0.399359,1,2529,0.772942,0.131313,0.90555,0.4,0.929538,0.75,0.013434,0.0001,7.91924e-26,999999,2.101072e-01,3,Indonesian Exclusive Economic Zone,WPP712,,SVDNB_npp_d20151003_t1731466_e1737270_b20378_c20151003233728467558_noaa_ops.h5,GDNBO_npp_d20151003_t1731466_e1737270_b20378_c20151003233728467298_noaa_ops.h5,SVI04_npp_d20151003_t1731466_e1737270_b20378_c20151003233728541959_noaa_ops.dspace_rad,VNFF_npp_d20151003_t1731466_e1737270_b20378_v21.csv,World_EEZ_v8_2014.shp,WPP_BFAR_merge.shp,KKP_IDN_merge_20161208.shp,VNF-VBD_npp_20120301-20151231_global_asia-enhanced_c201607211230.bitmask,NCEI_NGA.union.nga_lead2.add_2015ntl.mask,timezone.shp,VBD_platforms-recurring_2015_r20170330.shp,999999,VBD_bridges_c20160811.shp,9.202956;7.293124;4.987635;0.117751;-4.766567;-9.662423;-14.566307;-12.781590;-10.252750;-5.421471;-0.565886;4.309883,106.389061;120.204430;133.795395;132.636734;131.583801;130.626740;129.763702;115.696312;101.762085;103.094223;104.302101;105.397919,npp_d20151003_t1731466_e1737270_b20378,161.46,116.679,50.5936,99.1101,64.2348,67.2426
444,VBD_npp_d20151003_t1732581_x1119067E_y042277N_l0641_s0930_v23,2017-06-01 16:11:27,4.227670,111.906731,921.002,2015-10-03 17:32:58,2015-10-04 01:32:58,641,930,0.544608,4,100837,1.25448,0.0664299,0.674621,0.4,0.916401,0.75,0.0162342,0.0001,1.51815e-22,999999,7.565177e-01,3,Malaysian Exclusive Economic Zone,,,SVDNB_npp_d20151003_t1731466_e1737270_b20378_c20151003233728467558_noaa_ops.h5,GDNBO_npp_d20151003_t1731466_e1737270_b20378_c20151003233728467298_noaa_ops.h5,SVI04_npp_d20151003_t1731466_e1737270_b20378_c20151003233728541959_noaa_ops.dspace_rad,VNFF_npp_d20151003_t1731466_e1737270_b20378_v21.csv,World_EEZ_v8_2014.shp,WPP_BFAR_merge.shp,KKP_IDN_merge_20161208.shp,VNF-VBD_npp_20120301-20151231_global_asia-enhanced_c201607211230.bitmask,NCEI_NGA.union.nga_lead2.add_2015ntl.mask,timezone.shp,VBD_platforms-recurring_2015_r20170330.shp,999999,VBD_bridges_c20160811.shp,9.202956;7.293124;4.987635;0.117751;-4.766567;-9.662423;-14.566307;-12.781590;-10.252750;-5.421471;-0.565886;4.309883,106.389061;120.204430;133.795395;132.636734;131.583801;130.626740;129.763702;115.696312;101.762085;103.094223;104.302101;105.397919,npp_d20151003_t1731466_e1737270_b20378,162.157,90.032,50.5503,98.6152,59.8842,71.3968
445,VBD_npp_d20151003_t1735240_x1099727E_y043085S_l1958_s0930_v23,2017-06-01 16:11:27,-4.308481,109.972748,27.7645,2015-10-03 17:35:24,2015-10-04 00:35:24,1958,930,0.394878,1,2529,0.701981,0.142945,0.922606,0.4,0.886573,0.75,0.0134457,0.0001,1.00141e-25,999999,9.879789e-02,3,Indonesian Exclusive Economic Zone,WPP712,,SVDNB_npp_d20151003_t1731466_e1737270_b20378_c20151003233728467558_noaa_ops.h5,GDNBO_npp_d20151003_t1731466_e1737270_b20378_c20151003233728467298_noaa_ops.h5,SVI04_npp_d20151003_t1731466_e1737270_b20378_c20151003233728541959_noaa_ops.dspace_rad,VNFF_npp_d20151003_t1731466_e1737270_b20378_v21.csv,World_EEZ_v8_2014.shp,WPP_BFAR_merge.shp,KKP_IDN_merge_20161208.shp,VNF-VBD_npp_20120301-20151231_global_asia-enhanced_c201607211230.bitmask,NCEI_NGA.union.nga_lead2.add_2015ntl.mask,timezone.shp,VBD_platforms-recurring_2015_r20170330.shp,999999,VBD_bridges_c20160811.shp,9.202956;7.293124;4.987635;0.117751;-4.766567;-9.662423;-14.566307;-12.781590;-10.252750;-5.421471;-0.565886;4.309883,106.389061;120.204430;133.795395;132.636734;131.583801;130.626740;129.763702;115.696312;101.762085;103.094223;104.302101;105.397919,npp_d20151003_t1731466_e1737270_b20378,161.468,116.533,50.5619,99.4793,64.2026,67.2603
446,VBD_npp_d20151003_t1735222_x1100021E_y042197S_l1944_s0931_v23,2017-06-01 16:11:27,-4.219748,110.002090,32.8897,2015-10-03 17:35:22,2015-10-04 00:35:22,1944,931,0.392103,1,2529,0.786327,0.166552,0.898791,0.4,0.913901,0.75,0.0134654,0.0001,1.15199e-25,999999,-1.271027e-01,3,Indonesian Exclusive Economic Zone,WPP712,,SVDNB_npp_d20151003_t1731466_e1737270_b20378_c20151003233728467558_noaa_ops.h5,GDNBO_npp_d20151003_t1731466_e1737270_b20378_c20151003233728467298_noaa_ops.h5,SVI04_npp_d20151003_t1731466_e1737270_b20378_c20151003233728541959_noaa_ops.dspace_rad,VNFF_npp_d20151003_t1731466_e1737270_b20378_v21.csv,World_EEZ_v8_2014.shp,WPP_BFAR_merge.shp,KKP_IDN_merge_20161208.shp,VNF-VBD_npp_20120301-20151231_global_asia-enhanced_c201607211230.bitmask,NCEI_NGA.union.nga_lead2.add_2015ntl.mask,timezone.shp,VBD_platforms-recurring_2015_r20170330.shp,999999,VBD_bridges_c20160811.shp,9.202956;7.293124;4.987635;0.117751;-4.766567;-9.662423;-14.566307;-12.781590;-10.252750;-5.421471;-0.565886;4.309883,106.389061;120.204430;133.795395;132.636734;131.583801;130.626740;129.763702;115.696312;101.762085;103.094223;104.302101;105.397919,npp_d20151003_t1731466_e1737270_b20378,161.488,116.265,50.5311,99.3593,64.1475,67.2955
447,VBD_npp_d20151003_t1735222_x1099998E_y042335S_l1946_s0931_v23,2017-06-01 16:11:27,-4.233479,109.999756,22.2018,2015-10-03 17:35:22,2015-10-04 00:35:22,1946,931,0.394949,1,2529,0.670205,0.170051,0.898791,0.4,0.89429,0.75,0.0134631,0.0001,1.10178e-25,999999,-1.605893e-01,3,Indonesian Exclusive Economic Zone,WPP712,,SVDNB_npp_d20151003_t1731466_e1737270_b20378_c20151003233728467558_noaa_ops.h5,GDNBO_npp_d20151003_t1731466_e1737270_b20378_c20151003233728467298_noaa_ops.h5,SVI04_npp_d20151003_t1731466_e1737270_b20378_c20151003233728541959_noaa_ops.dspace_rad,VNFF_npp_d20151003_t1731466_e1737270_b20378_v21.csv,World_EEZ_v8_2014.shp,WPP_BFAR_merge.shp,KKP_IDN_merge_20161208.shp,VNF-VBD_npp_20120301-20151231_global_asia-enhanced_c201607211230.bitmask,NCEI_NGA.union.nga_lead2.add_2015ntl.mask,timezone.shp,VBD_platforms-recurring_2015_r20170330.shp,999999,VBD_bridges_c20160811.shp,9.202956;7.293124;4.987635;0.117751;-4.766567;-9.662423;-14.566307;-12.781590;-10.252750;-5.421471;-0.565886;4.309883,106.389061;120.204430;133.795395;132.636734;131.583801;130.626740;129.763702;115.696312;101.762085;103.094223;104.302101;105.397919,npp_d20151003_t1731466_e1737270_b20378,161.484,116.305,50.5315,99.2536,64.155,67.2897
448,VBD_npp_d20151003_t1735293_x1099091E_y045994S_l2003_s0931_v23,2017-06-01 16:11:27,-4.599373,109.909126,39.7141,2015-10-03 17:35:29,2015-10-04 00:35:29,2003,931,0.397865,1,2529,0.877252,0.141632,0.903437,0.4,0.935858,0.75,0.0133678,0.0001,8.42653e-26,999999,1.113615e-01,3,Indonesian Exclusive Economic Zone,WPP712,,SVDNB_npp_d20151003_t1731466_e1737270_b20378_c20151003233728467558_noaa_ops.h5,GDNBO_npp_d20151003_t1731466_e1737270_b20378_c20151003233728467298_noaa_ops.h5,SVI04_npp_d20151003_t1731466_e1737270_b20378_c20151003233728541959_noaa_ops.dspace_rad,VNFF_npp_d20151003_t1731466_e1737270_b20378_v21.csv,World_EEZ_v8_2014.shp,WPP_BFAR_merge.shp,KKP_IDN_merge_20161208.shp,VNF-VBD_npp_20120301-20151231_global_asia-enhanced_c201607211230.bitmask,NCEI_NGA.union.nga_lead2.add_2015ntl.mask,timezone.shp,VBD_platforms-recurring_2015_r20170330.shp,999999,VBD_bridges_c20160811.shp,9.202956;7.293124;4.987635;0.117751;-4.766567;-9.662423;-14.566307;-12.781590;-10.252750;-5.421471;-0.565886;4.309883,106.389061;120.204430;133.795395;132.636734;131.583801;130.626740;129.763702;115.696312;101.762085;103.094223;104.302101;105.397919,npp_d20151003_t1731466_e1737270_b20378,161.373,117.363,50.5319,99.6833,64.3552,67.1375
449,VBD_npp_d20151003_t1735151_x1101155E_y037589S_l1873_s0932_v23,2017-06-01 16:11:27,-3.758946,110.115547,19.1457,2015-10-03 17:35:15,2015-10-04 00:35:15,1873,932,0.319763,7,18849,0.428029,0.17807,0.766107,0.4,0.734112,0.75,0.0135654,0.0001,2.20077e-25,999999,-2.373176e-01,3,,,,SVDNB_npp_d20151003_t1731466_e1737270_b20378_c20151003233728467558_noaa_ops.h5,GDNBO_npp_d20151003_t1731466_e1737270_b20378_c20151003233728467298_noaa_ops.h5,SVI04_npp_d20151003_t1731466_e1737270_b20378_c20151003233728541959_noaa_ops.dspace_rad,VNFF_npp_d20151003_t1731466_e1737270_b20378_v21.csv,World_EEZ_v8_2014.shp,WPP_BFAR_merge.shp,KKP_IDN_merge_20161208.shp,VNF-VBD_npp_20120301-20151231_global_asia-enhanced_c201607211230.bitmask,NCEI_NGA.union.nga_lead2.add_2015ntl.mask,timezone.shp,VBD_platforms-recurring_2015_r20170330.shp,0.344879,VBD_bridges_c20160811.shp,9.202956;7.293124;4.987635;0.117751;-4.766567;-9.662423;-14.566307;-12.781590;-10.252750;-5.421471;-0.565886;4.309883,106.389061;120.204430;133.795395;132.636734;131.583801;130.626740;129.763702;115.696312;101.762085;103.094223;104.302101;105.397919,npp_d20151003_t1731466_e1737270_b20378,161.611,114.905,50.4986,99.6692,63.8903,67.4884
450,VBD_npp_d20151003_t1735204_x1100307E_y041312S_l1930_s0932_v23,2017-06-01 16:11:27,-4.131246,110.030724,52.309,2015-10-03 17:35:20,2015-10-04 00:35:20,1930,932,0.367634,1,2529,1.04119,0.169411,0.902227,0.4,0.963728,0.75,0.0134851,0.0001,1.31346e-25,999999,-1.544653e-01,3,Indonesian Exclusive Economic Zone,WPP712,,SVDNB_npp_d20151003_t1731466_e1737270_b20378_c20151003233728467558_noaa_ops.h5,GDNBO_npp_d20151003_t1731466_e1737270_b20378_c20151003233728467298_noaa_ops.h5,SVI04_npp_d20151003_t1731466_e1737270_b20378_c20151003233728541959_noaa_ops.dspace_rad,VNFF_npp_d20151003_t1731466_e1737270_b20378_v21.csv,World_EEZ_v8_2014.shp,WPP_BFAR_merge.shp,KKP_IDN_merge_20161208.shp,VNF-VBD_npp_20120301-20151231_global_asia-enhanced_c201607211230.bitmask,NCEI_NGA.union.nga_lead2.add_2015ntl.mask,timezone.shp,VBD_platforms-recurring_2015_r20170330.shp,999999,VBD_bridges_c20160811.shp,9.202956;7.293124;4.987635;0.117751;-4.766567;-9.662423;-14.566307;-12.781590;-10.252750;-5.421471;-0.565886;4.309883,106.389061;120.204430;133.795395;132.636734;131.583801;130.626740;129.763702;115.696312;101.762085;103.094223;104.302101;105.397919,npp_d20151003_t1731466_e1737270_b20378,161.508,115.998,50.5032,99.2366,64.0932,67.3309
451,VBD_npp_d20151003_t1735240_x1099877E_y043039S_l1957_s0932_v23,2017-06-01 16:11:27,-4.303930,109.987656,47.0568,2015-10-03 17:35:24,2015-10-04 00:35:24,1957,932,0.397011,8,18913,0.883624,0.14367,0.926318,0.4,0.90903,0.75,0.0134544,0.0001,1.19474e-25,999999,9.185657e-02,3,Indonesian Exclusive Economic Zone,WPP712,,SVDNB_npp_d20151003_t1731466_e1737270_b20378_c20151003233728467558_noaa_ops.h5,GDNBO_npp_d20151003_t1731466_e1737270_b20378_c20151003233728467298_noaa_ops.h5,SVI04_npp_d20151003_t1731466_e1737270_b20378_c20151003233728541959_noaa_ops.dspace_rad,VNFF_npp_d20151003_t1731466_e1737270_b20378_v21.csv,World_EEZ_v8_2014.shp,WPP_BFAR_merge.shp,KKP_IDN_merge_20161208.shp,VNF-VBD_npp_20120301-20151231_global_asia-enhanced_c201607211230.bitmask,NCEI_NGA.union.nga_lead2.add_2015ntl.mask,timezone.shp,VBD_platforms-recurring_2015_r20170330.shp,0.490002,VBD_bridges_c20160811.shp,9.202956;7.293124;4.987635;0.117751;-4.766567;-9.662423;-14.566307;-12.781590;-10.252750;-5.421471;-0.565886;4.309883,106.389061;120.204430;133.795395;132.636734;131.583801;130.626740;129.763702;115.696312;101.762085;103.094223;104.302101;105.397919,npp_d20151003_t1731466_e1737270_b20378,161.457,116.5,50.5014,99.5312,64.187,67.2584
452,VBD_npp_d20151003_t1735258_x1099620E_y044493S_l1979_s0933_v23,2017-06-01 16:11:27,-4.449346,109.962006,4.1853,2015-10-03 17:35:25,2015-10-04 00:35:25,1979,933,0.400426,1,2529,0.267806,0.12733,0.872612,0.4,0.805341,0.75,0.0134331,0.0001,1.0064e-25,999999,2.482204e-01,3,Indonesian Exclusive Economic Zone,WPP712,,SVDNB_npp_d20151003_t1731466_e1737270_b20378_c20151003233728467558_noaa_ops.h5,GDNBO_npp_d20151003_t1731466_e1737270_b20378_c20151003233728467298_noaa_ops.h5,SVI04_npp_d20151003_t1731466_e1737270_b20378_c20151003233728541959_noaa_ops.dspace_rad,VNFF_npp_d20151003_t1731466_e1737270_b20378_v21.csv,World_EEZ_v8_2014.shp,WPP_BFAR_merge.shp,KKP_IDN_merge_20161208.shp,VNF-VBD_npp_20120301-20151231_global_asia-enhanced_c201607211230.bitmask,NCEI_NGA.union.nga_lead2.add_2015ntl.mask,timezone.shp,VBD_platforms-recurring_2015_r20170330.shp,999999,VBD_bridges_c20160811.shp,9.202956;7.293124;4.987635;0.117751;-4.766567;-9.662423;-14.566307;-12.781590;-10.252750;-5.421471;-0.565886;4.309883,106.389061;120.204430;133.795395;132.636734;131.583801;130.626740;129.763702;115.696312;101.762085;103.094223;104.302101;105.397919,npp_d20151003_t1731466_e1737270_b20378,161.407,116.912,50.4761,99.2301,64.2608,67.1961
453,VBD_npp_d20151003_t1735311_x1098970E_y047122S_l2020_s0933_v23,2017-06-01 16:11:27,-4.712225,109.896965,39.8505,2015-10-03 17:35:31,2015-10-04 00:35:31,2020,933,0.396158,1,2529,1.01433,0.158701,0.895327,0.4,0.972503,0.75,0.0133301,0.0001,8.65029e-26,999999,-5.197821e-02,3,Indonesian Exclusive Economic Zone,WPP712,,SVDNB_npp_d20151003_t1731466_e1737270_b20378_c20151003233728467558_noaa_ops.h5,GDNBO_npp_d20151003_t1731466_e1737270_b20378_c20151003233728467298_noaa_ops.h5,SVI04_npp_d20151003_t1731466_e1737270_b20378_c20151003233728541959_noaa_ops.dspace_rad,VNFF_npp_d20151003_t1731466_e1737270_b20378_v21.csv,World_EEZ_v8_2014.shp,WPP_BFAR_merge.shp,KKP_IDN_merge_20161208.shp,VNF-VBD_npp_20120301-20151231_global_asia-enhanced_c201607211230.bitmask,NCEI_NGA.union.nga_lead2.add_2015ntl.mask,timezone.shp,VBD_platforms-recurring_2015_r20170330.shp,999999,VBD_bridges_c20160811.shp,9.202956;7.293124;4.987635;0.117751;-4.766567;-9.662423;-14.566307;-12.781590;-10.252750;-5.421471;-0.565886;4.309883,106.389061;120.204430;133.795395;132.636734;131.583801;130.626740;129.763702;115.696312;101.762085;103.094223;104.302101;105.397919,npp_d20151003_t1731466_e1737270_b20378,161.325,117.667,50.4714,99.6432,64.404,67.0871
454,VBD_npp_d20151003_t1732545_x1119709E_y043693N_l0618_s0934_v23,2017-06-01 16:11:27,4.369310,111.970879,163.869,2015-10-03 17:32:54,2015-10-04 01:32:54,618,934,0.365785,4,100837,1.23694,0.150611,0.830305,0.4,0.95656,0.75,0.016301,0.0001,1.99182e-22,999999,-1.433936e-01,3,Malaysian Exclusive Economic Zone,,,SVDNB_npp_d20151003_t1731466_e1737270_b20378_c20151003233728467558_noaa_ops.h5,GDNBO_npp_d20151003_t1731466_e1737270_b20378_c20151003233728467298_noaa_ops.h5,SVI04_npp_d20151003_t1731466_e1737270_b20378_c20151003233728541959_noaa_ops.dspace_rad,VNFF_npp_d20151003_t1731466_e1737270_b20378_v21.csv,World_EEZ_v8_2014.shp,WPP_BFAR_merge.shp,KKP_IDN_merge_20161208.shp,VNF-VBD_npp_20120301-20151231_global_asia-enhanced_c201607211230.bitmask,NCEI_NGA.union.nga_lead2.add_2015ntl.mask,timezone.shp,VBD_platforms-recurring_2015_r20170330.shp,999999,VBD_bridges_c20160811.shp,9.202956;7.293124;4.987635;0.117751;-4.766567;-9.662423;-14.566307;-12.781590;-10.252750;-5.421471;-0.565886;4.309883,106.389061;120.204430;133.795395;132.636734;131.583801;130.626740;129.763702;115.696312;101.762085;103.094223;104.302101;105.397919,npp_d20151003_t1731466_e1737270_b20378,162.107,89.5968,50.426,98.1145,59.7912,71.4717
455,VBD_npp_d20151003_t1735151_x1101281E_y037681S_l1874_s0934_v23,2017-06-01 16:11:27,-3.768124,110.128105,60.7701,2015-10-03 17:35:15,2015-10-04 00:35:15,1874,934,0.340178,2,2465,0.821944,0.158455,0.766107,0.4,0.662126,0.75,0.0135704,0.0001,2.50705e-25,999999,-4.961847e-02,3,Indonesian Exclusive Economic Zone,WPP712,,SVDNB_npp_d20151003_t1731466_e1737270_b20378_c20151003233728467558_noaa_ops.h5,GDNBO_npp_d20151003_t1731466_e1737270_b20378_c20151003233728467298_noaa_ops.h5,SVI04_npp_d20151003_t1731466_e1737270_b20378_c20151003233728541959_noaa_ops.dspace_rad,VNFF_npp_d20151003_t1731466_e1737270_b20378_v21.csv,World_EEZ_v8_2014.shp,WPP_BFAR_merge.shp,KKP_IDN_merge_20161208.shp,VNF-VBD_npp_20120301-20151231_global_asia-enhanced_c201607211230.bitmask,NCEI_NGA.union.nga_lead2.add_2015ntl.mask,timezone.shp,VBD_platforms-recurring_2015_r20170330.shp,999999,VBD_bridges_c20160811.shp,9.202956;7.293124;4.987635;0.117751;-4.766567;-9.662423;-14.566307;-12.781590;-10.252750;-5.421471;-0.565886;4.309883,106.389061;120.204430;133.795395;132.636734;131.583801;130.626740;129.763702;115.696312;101.762085;103.094223;104.302101;105.397919,npp_d20151003_t1731466_e1737270_b20378,161.596,114.914,50.438,99.6156,63.8822,67.4808
456,VBD_npp_d20151003_t1735222_x1100262E_y042026S_l1941_s0934_v23,2017-06-01 16:11:27,-4.202617,110.026169,32.669,2015-10-03 17:35:22,2015-10-04 00:35:22,1941,934,0.387764,8,18913,0.624623,0.156232,0.885323,0.4,0.818691,0.75,0.0134801,0.0001,1.5499e-25,999999,-2.834522e-02,3,Indonesian Exclusive Economic Zone,WPP712,,SVDNB_npp_d20151003_t1731466_e1737270_b20378_c20151003233728467558_noaa_ops.h5,GDNBO_npp_d20151003_t1731466_e1737270_b20378_c20151003233728467298_noaa_ops.h5,SVI04_npp_d20151003_t1731466_e1737270_b20378_c20151003233728541959_noaa_ops.dspace_rad,VNFF_npp_d20151003_t1731466_e1737270_b20378_v21.csv,World_EEZ_v8_2014.shp,WPP_BFAR_merge.shp,KKP_IDN_merge_20161208.shp,VNF-VBD_npp_20120301-20151231_global_asia-enhanced_c201607211230.bitmask,NCEI_NGA.union.nga_lead2.add_2015ntl.mask,timezone.shp,VBD_platforms-recurring_2015_r20170330.shp,0.61627,VBD_bridges_c20160811.shp,9.202956;7.293124;4.987635;0.117751;-4.766567;-9.662423;-14.566307;-12.781590;-10.252750;-5.421471;-0.565886;4.309883,106.389061;120.204430;133.795395;132.636734;131.583801;130.626740;129.763702;115.696312;101.762085;103.094223;104.302101;105.397919,npp_d20151003_t1731466_e1737270_b20378,161.474,116.186,50.4401,99.5166,64.1185,67.297
457,VBD_npp_d20151003_t1735222_x1100215E_y042300S_l1945_s0934_v23,2017-06-01 16:11:27,-4.230039,110.021530,33.9294,2015-10-03 17:35:22,2015-10-04 00:35:22,1945,934,0.358316,1,2529,0.736381,0.13931,0.898791,0.4,0.893112,0.75,0.0134756,0.0001,1.41892e-25,999999,1.335826e-01,3,Indonesian Exclusive Economic Zone,WPP712,,SVDNB_npp_d20151003_t1731466_e1737270_b20378_c20151003233728467558_noaa_ops.h5,GDNBO_npp_d20151003_t1731466_e1737270_b20378_c20151003233728467298_noaa_ops.h5,SVI04_npp_d20151003_t1731466_e1737270_b20378_c20151003233728541959_noaa_ops.dspace_rad,VNFF_npp_d20151003_t1731466_e1737270_b20378_v21.csv,World_EEZ_v8_2014.shp,WPP_BFAR_merge.shp,KKP_IDN_merge_20161208.shp,VNF-VBD_npp_20120301-20151231_global_asia-enhanced_c201607211230.bitmask,NCEI_NGA.union.nga_lead2.add_2015ntl.mask,timezone.shp,VBD_platforms-recurring_2015_r20170330.shp,999999,VBD_bridges_c20160811.shp,9.202956;7.293124;4.987635;0.117751;-4.766567;-9.662423;-14.566307;-12.781590;-10.252750;-5.421471;-0.565886;4.309883,106.389061;120.204430;133.795395;132.636734;131.583801;130.626740;129.763702;115.696312;101.762085;103.094223;104.302101;105.397919,npp_d20151003_t1731466_e1737270_b20378,161.466,116.266,50.4405,99.3048,64.1335,67.2855
458,VBD_npp_d20151003_t1735222_x1100319E_y042106S_l1942_s0935_v23,2017-06-01 16:11:27,-4.210621,110.031860,50.9278,2015-10-03 17:35:22,2015-10-04 00:35:22,1942,935,0.393739,1,2529,0.803861,0.15866,0.884229,0.4,0.91294,0.75,0.0134827,0.0001,1.63663e-25,999999,-5.158004e-02,3,Indonesian Exclusive Economic Zone,WPP712,,SVDNB_npp_d20151003_t1731466_e1737270_b20378_c20151003233728467558_noaa_ops.h5,GDNBO_npp_d20151003_t1731466_e1737270_b20378_c20151003233728467298_noaa_ops.h5,SVI04_npp_d20151003_t1731466_e1737270_b20378_c20151003233728541959_noaa_ops.dspace_rad,VNFF_npp_d20151003_t1731466_e1737270_b20378_v21.csv,World_EEZ_v8_2014.shp,WPP_BFAR_merge.shp,KKP_IDN_merge_20161208.shp,VNF-VBD_npp_20120301-20151231_global_asia-enhanced_c201607211230.bitmask,NCEI_NGA.union.nga_lead2.add_2015ntl.mask,timezone.shp,VBD_platforms-recurring_2015_r20170330.shp,999999,VBD_bridges_c20160811.shp,9.202956;7.293124;4.987635;0.117751;-4.766567;-9.662423;-14.566307;-12.781590;-10.252750;-5.421471;-0.565886;4.309883,106.389061;120.204430;133.795395;132.636734;131.583801;130.626740;129.763702;115.696312;101.762085;103.094223;104.302101;105.397919,npp_d20151003_t1731466_e1737270_b20378,161.465,116.199,50.4099,99.4632,64.1163,67.2918
459,VBD_npp_d20151003_t1735222_x1100226E_y042654S_l1950_s0935_v23,2017-06-01 16:11:27,-4.265437,110.022552,55.077,2015-10-03 17:35:22,2015-10-04 00:35:22,1950,935,0.393811,1,2529,0.988133,0.143743,0.90926,0.4,0.940207,0.75,0.0134736,0.0001,1.37012e-25,999999,9.115741e-02,3,Indonesian Exclusive Economic Zone,WPP712,,SVDNB_npp_d20151003_t1731466_e1737270_b20378_c20151003233728467558_noaa_ops.h5,GDNBO_npp_d20151003_t1731466_e1737270_b20378_c20151003233728467298_noaa_ops.h5,SVI04_npp_d20151003_t1731466_e1737270_b20378_c20151003233728541959_noaa_ops.dspace_rad,VNFF_npp_d20151003_t1731466_e1737270_b20378_v21.csv,World_EEZ_v8_2014.shp,WPP_BFAR_merge.shp,KKP_IDN_merge_20161208.shp,VNF-VBD_npp_20120301-20151231_global_asia-enhanced_c201607211230.bitmask,NCEI_NGA.union.nga_lead2.add_2015ntl.mask,timezone.shp,VBD_platforms-recurring_2015_r20170330.shp,999999,VBD_bridges_c20160811.shp,9.202956;7.293124;4.987635;0.117751;-4.766567;-9.662423;-14.566307;-12.781590;-10.252750;-5.421471;-0.565886;4.309883,106.389061;120.204430;133.795395;132.636734;131.583801;130.626740;129.763702;115.696312;101.762085;103.094223;104.302101;105.397919,npp_d20151003_t1731466_e1737270_b20378,161.449,116.359,50.4117,99.0394,64.1463,67.2688
460,VBD_npp_d20151003_t1735240_x1100012E_y043485S_l1963_s0935_v23,2017-06-01 16:11:27,-4.348508,110.001244,28.0729,2015-10-03 17:35:24,2015-10-04 00:35:24,1963,935,0.388334,8,18913,0.77313,0.160143,0.903086,0.4,0.920877,0.75,0.0134588,0.0001,1.31653e-25,999999,-6.577118e-02,3,Indonesian Exclusive Economic Zone,WPP712,,SVDNB_npp_d20151003_t1731466_e1737270_b20378_c20151003233728467558_noaa_ops.h5,GDNBO_npp_d20151003_t1731466_e1737270_b20378_c20151003233728467298_noaa_ops.h5,SVI04_npp_d20151003_t1731466_e1737270_b20378_c20151003233728541959_noaa_ops.dspace_rad,VNFF_npp_d20151003_t1731466_e1737270_b20378_v21.csv,World_EEZ_v8_2014.shp,WPP_BFAR_merge.shp,KKP_IDN_merge_20161208.shp,VNF-VBD_npp_20120301-20151231_global_asia-enhanced_c201607211230.bitmask,NCEI_NGA.union.nga_lead2.add_2015ntl.mask,timezone.shp,VBD_platforms-recurring_2015_r20170330.shp,0.215757,VBD_bridges_c20160811.shp,9.202956;7.293124;4.987635;0.117751;-4.766567;-9.662423;-14.566307;-12.781590;-10.252750;-5.421471;-0.565886;4.309883,106.389061;120.204430;133.795395;132.636734;131.583801;130.626740;129.763702;115.696312;101.762085;103.094223;104.302101;105.397919,npp_d20151003_t1731466_e1737270_b20378,161.425,116.6,50.4116,99.2121,64.1918,67.2341
461,VBD_npp_d20151003_t1735222_x1100490E_y041924S_l1939_s0937_v23,2017-06-01 16:11:27,-4.192377,110.048988,28.6933,2015-10-03 17:35:22,2015-10-04 00:35:22,1939,937,0.39502,1,2529,0.747909,0.158814,0.884229,0.4,0.923143,0.75,0.0134937,0.0001,2.03513e-25,999999,-5.305221e-02,3,Indonesian Exclusive Economic Zone,WPP712,,SVDNB_npp_d20151003_t1731466_e1737270_b20378_c20151003233728467558_noaa_ops.h5,GDNBO_npp_d20151003_t1731466_e1737270_b20378_c20151003233728467298_noaa_ops.h5,SVI04_npp_d20151003_t1731466_e1737270_b20378_c20151003233728541959_noaa_ops.dspace_rad,VNFF_npp_d20151003_t1731466_e1737270_b20378_v21.csv,World_EEZ_v8_2014.shp,WPP_BFAR_merge.shp,KKP_IDN_merge_20161208.shp,VNF-VBD_npp_20120301-20151231_global_asia-enhanced_c201607211230.bitmask,NCEI_NGA.union.nga_lead2.add_2015ntl.mask,timezone.shp,VBD_platforms-recurring_2015_r20170330.shp,999999,VBD_bridges_c20160811.shp,9.202956;7.293124;4.987635;0.117751;-4.766567;-9.662423;-14.566307;-12.781590;-10.252750;-5.421471;-0.565886;4.309883,106.389061;120.204430;133.795395;132.636734;131.583801;130.626740;129.763702;115.696312;101.762085;103.094223;104.302101;105.397919,npp_d20151003_t1731466_e1737270_b20378,161.458,116.127,50.3494,99.6213,64.0933,67.2957
462,VBD_npp_d20151003_t1735222_x1100432E_y042266S_l1944_s0937_v23,2017-06-01 16:11:27,-4.226605,110.043213,85.6585,2015-10-03 17:35:22,2015-10-04 00:35:22,1944,937,0.38499,1,2529,1.01682,0.151261,0.897677,0.4,0.921759,0.75,0.013488,0.0001,1.824e-25,999999,1.921882e-02,3,Indonesian Exclusive Economic Zone,WPP712,,SVDNB_npp_d20151003_t1731466_e1737270_b20378_c20151003233728467558_noaa_ops.h5,GDNBO_npp_d20151003_t1731466_e1737270_b20378_c20151003233728467298_noaa_ops.h5,SVI04_npp_d20151003_t1731466_e1737270_b20378_c20151003233728541959_noaa_ops.dspace_rad,VNFF_npp_d20151003_t1731466_e1737270_b20378_v21.csv,World_EEZ_v8_2014.shp,WPP_BFAR_merge.shp,KKP_IDN_merge_20161208.shp,VNF-VBD_npp_20120301-20151231_global_asia-enhanced_c201607211230.bitmask,NCEI_NGA.union.nga_lead2.add_2015ntl.mask,timezone.shp,VBD_platforms-recurring_2015_r20170330.shp,999999,VBD_bridges_c20160811.shp,9.202956;7.293124;4.987635;0.117751;-4.766567;-9.662423;-14.566307;-12.781590;-10.252750;-5.421471;-0.565886;4.309883,106.389061;120.204430;133.795395;132.636734;131.583801;130.626740;129.763702;115.696312;101.762085;103.094223;104.302101;105.397919,npp_d20151003_t1731466_e1737270_b20378,161.448,116.226,50.3498,99.3562,64.112,67.2813
463,VBD_npp_d20151003_t1735240_x1100208E_y043165S_l1958_s0937_v23,2017-06-01 16:11:27,-4.316546,110.020752,73.7593,2015-10-03 17:35:24,2015-10-04 00:35:24,1958,937,0.39317,1,2529,1.1042,0.144728,0.922353,0.4,0.949747,0.75,0.013472,0.0001,1.71425e-25,999999,8.173308e-02,3,Indonesian Exclusive Economic Zone,WPP712,,SVDNB_npp_d20151003_t1731466_e1737270_b20378_c20151003233728467558_noaa_ops.h5,GDNBO_npp_d20151003_t1731466_e1737270_b20378_c20151003233728467298_noaa_ops.h5,SVI04_npp_d20151003_t1731466_e1737270_b20378_c20151003233728541959_noaa_ops.dspace_rad,VNFF_npp_d20151003_t1731466_e1737270_b20378_v21.csv,World_EEZ_v8_2014.shp,WPP_BFAR_merge.shp,KKP_IDN_merge_20161208.shp,VNF-VBD_npp_20120301-20151231_global_asia-enhanced_c201607211230.bitmask,NCEI_NGA.union.nga_lead2.add_2015ntl.mask,timezone.shp,VBD_platforms-recurring_2015_r20170330.shp,999999,VBD_bridges_c20160811.shp,9.202956;7.293124;4.987635;0.117751;-4.766567;-9.662423;-14.566307;-12.781590;-10.252750;-5.421471;-0.565886;4.309883,106.389061;120.204430;133.795395;132.636734;131.583801;130.626740;129.763702;115.696312;101.762085;103.094223;104.302101;105.397919,npp_d20151003_t1731466_e1737270_b20378,161.421,116.487,50.3503,99.4759,64.1612,67.2437
464,VBD_npp_d20151003_t1735258_x1099964E_y044128S_l1973_s0937_v23,2017-06-01 16:11:27,-4.412815,109.996407,36.2307,2015-10-03 17:35:25,2015-10-04 00:35:25,1973,937,0.378304,1,2529,0.957878,0.16623,0.889086,0.4,0.961042,0.75,0.0134549,0.0001,1.56426e-25,999999,-1.240179e-01,3,Indonesian Exclusive Economic Zone,WPP712,,SVDNB_npp_d20151003_t1731466_e1737270_b20378_c20151003233728467558_noaa_ops.h5,GDNBO_npp_d20151003_t1731466_e1737270_b20378_c20151003233728467298_noaa_ops.h5,SVI04_npp_d20151003_t1731466_e1737270_b20378_c20151003233728541959_noaa_ops.dspace_rad,VNFF_npp_d20151003_t1731466_e1737270_b20378_v21.csv,World_EEZ_v8_2014.shp,WPP_BFAR_merge.shp,KKP_IDN_merge_20161208.shp,VNF-VBD_npp_20120301-20151231_global_asia-enhanced_c201607211230.bitmask,NCEI_NGA.union.nga_lead2.add_2015ntl.mask,timezone.shp,VBD_platforms-recurring_2015_r20170330.shp,999999,VBD_bridges_c20160811.shp,9.202956;7.293124;4.987635;0.117751;-4.766567;-9.662423;-14.566307;-12.781590;-10.252750;-5.421471;-0.565886;4.309883,106.389061;120.204430;133.795395;132.636734;131.583801;130.626740;129.763702;115.696312;101.762085;103.094223;104.302101;105.397919,npp_d20151003_t1731466_e1737270_b20378,161.393,116.767,50.3544,99.5457,64.2147,67.2037
465,VBD_npp_d20151003_t1735151_x1101451E_y038343S_l1883_s0938_v23,2017-06-01 16:11:27,-3.834319,110.145073,30.2752,2015-10-03 17:35:15,2015-10-04 00:35:15,1883,938,0.300842,1,2529,0.796498,0.151399,0.80403,0.4,0.893712,0.75,0.0135624,0.0001,2.79093e-25,999999,1.790152e-02,3,Indonesian Exclusive Economic Zone,WPP712,,SVDNB_npp_d20151003_t1731466_e1737270_b20378_c20151003233728467558_noaa_ops.h5,GDNBO_npp_d20151003_t1731466_e1737270_b20378_c20151003233728467298_noaa_ops.h5,SVI04_npp_d20151003_t1731466_e1737270_b20378_c20151003233728541959_noaa_ops.dspace_rad,VNFF_npp_d20151003_t1731466_e1737270_b20378_v21.csv,World_EEZ_v8_2014.shp,WPP_BFAR_merge.shp,KKP_IDN_merge_20161208.shp,VNF-VBD_npp_20120301-20151231_global_asia-enhanced_c201607211230.bitmask,NCEI_NGA.union.nga_lead2.add_2015ntl.mask,timezone.shp,VBD_platforms-recurring_2015_r20170330.shp,999999,VBD_bridges_c20160811.shp,9.202956;7.293124;4.987635;0.117751;-4.766567;-9.662423;-14.566307;-12.781590;-10.252750;-5.421471;-0.565886;4.309883,106.389061;120.204430;133.795395;132.636734;131.583801;130.626740;129.763702;115.696312;101.762085;103.094223;104.302101;105.397919,npp_d20151003_t1731466_e1737270_b20378,161.553,115.071,50.3182,99.1369,63.892,67.4453
466,VBD_npp_d20151003_t1735187_x1101000E_y040560S_l1917_s0939_v23,2017-06-01 16:11:27,-4.055968,110.099953,12.2811,2015-10-03 17:35:18,2015-10-04 00:35:18,1917,939,0.331215,8,18913,0.538769,0.164107,0.799937,0.4,0.85804,0.75,0.0135263,0.0001,2.33127e-25,999999,-1.037050e-01,3,Indonesian Exclusive Economic Zone,WPP712,,SVDNB_npp_d20151003_t1731466_e1737270_b20378_c20151003233728467558_noaa_ops.h5,GDNBO_npp_d20151003_t1731466_e1737270_b20378_c20151003233728467298_noaa_ops.h5,SVI04_npp_d20151003_t1731466_e1737270_b20378_c20151003233728541959_noaa_ops.dspace_rad,VNFF_npp_d20151003_t1731466_e1737270_b20378_v21.csv,World_EEZ_v8_2014.shp,WPP_BFAR_merge.shp,KKP_IDN_merge_20161208.shp,VNF-VBD_npp_20120301-20151231_global_asia-enhanced_c201607211230.bitmask,NCEI_NGA.union.nga_lead2.add_2015ntl.mask,timezone.shp,VBD_platforms-recurring_2015_r20170330.shp,0.508519,VBD_bridges_c20160811.shp,9.202956;7.293124;4.987635;0.117751;-4.766567;-9.662423;-14.566307;-12.781590;-10.252750;-5.421471;-0.565886;4.309883,106.389061;120.204430;133.795395;132.636734;131.583801;130.626740;129.763702;115.696312;101.762085;103.094223;104.302101;105.397919,npp_d20151003_t1731466_e1737270_b20378,161.485,115.711,50.2915,99.0605,64.0064,67.3495
467,VBD_npp_d20151003_t1735222_x1100510E_y042631S_l1949_s0939_v23,2017-06-01 16:11:27,-4.263074,110.051048,55.7811,2015-10-03 17:35:22,2015-10-04 00:35:22,1949,939,0.392032,1,2529,1.00196,0.142298,0.903315,0.4,0.944987,0.75,0.0134898,0.0001,1.90097e-25,999999,1.049867e-01,3,Indonesian Exclusive Economic Zone,WPP712,,SVDNB_npp_d20151003_t1731466_e1737270_b20378_c20151003233728467558_noaa_ops.h5,GDNBO_npp_d20151003_t1731466_e1737270_b20378_c20151003233728467298_noaa_ops.h5,SVI04_npp_d20151003_t1731466_e1737270_b20378_c20151003233728541959_noaa_ops.dspace_rad,VNFF_npp_d20151003_t1731466_e1737270_b20378_v21.csv,World_EEZ_v8_2014.shp,WPP_BFAR_merge.shp,KKP_IDN_merge_20161208.shp,VNF-VBD_npp_20120301-20151231_global_asia-enhanced_c201607211230.bitmask,NCEI_NGA.union.nga_lead2.add_2015ntl.mask,timezone.shp,VBD_platforms-recurring_2015_r20170330.shp,999999,VBD_bridges_c20160811.shp,9.202956;7.293124;4.987635;0.117751;-4.766567;-9.662423;-14.566307;-12.781590;-10.252750;-5.421471;-0.565886;4.309883,106.389061;120.204430;133.795395;132.636734;131.583801;130.626740;129.763702;115.696312;101.762085;103.094223;104.302101;105.397919,npp_d20151003_t1731466_e1737270_b20378,161.425,116.313,50.2905,99.0898,64.1189,67.2622
468,VBD_npp_d20151003_t1735169_x1101432E_y039207S_l1896_s0941_v23,2017-06-01 16:11:27,-3.920668,110.143204,24.3598,2015-10-03 17:35:16,2015-10-04 00:35:16,1896,941,0.281779,1,2529,0.675592,0.169631,0.815284,0.4,0.885006,0.75,0.0135577,0.0001,3.3238e-25,999999,-1.565704e-01,3,Indonesian Exclusive Economic Zone,WPP712,,SVDNB_npp_d20151003_t1731466_e1737270_b20378_c20151003233728467558_noaa_ops.h5,GDNBO_npp_d20151003_t1731466_e1737270_b20378_c20151003233728467298_noaa_ops.h5,SVI04_npp_d20151003_t1731466_e1737270_b20378_c20151003233728541959_noaa_ops.dspace_rad,VNFF_npp_d20151003_t1731466_e1737270_b20378_v21.csv,World_EEZ_v8_2014.shp,WPP_BFAR_merge.shp,KKP_IDN_merge_20161208.shp,VNF-VBD_npp_20120301-20151231_global_asia-enhanced_c201607211230.bitmask,NCEI_NGA.union.nga_lead2.add_2015ntl.mask,timezone.shp,VBD_platforms-recurring_2015_r20170330.shp,999999,VBD_bridges_c20160811.shp,9.202956;7.293124;4.987635;0.117751;-4.766567;-9.662423;-14.566307;-12.781590;-10.252750;-5.421471;-0.565886;4.309883,106.389061;120.204430;133.795395;132.636734;131.583801;130.626740;129.763702;115.696312;101.762085;103.094223;104.302101;105.397919,npp_d20151003_t1731466_e1737270_b20378,161.511,115.298,50.2326,99.3081,63.9205,67.4033
469,VBD_npp_d20151003_t1735204_x1100946E_y041278S_l1928_s0941_v23,2017-06-01 16:11:27,-4.127762,110.094559,32.5458,2015-10-03 17:35:20,2015-10-04 00:35:20,1928,941,0.391463,1,2529,0.884567,0.13503,0.898032,0.4,0.929473,0.75,0.0135212,0.0001,2.72199e-25,999999,1.745393e-01,3,Indonesian Exclusive Economic Zone,WPP712,,SVDNB_npp_d20151003_t1731466_e1737270_b20378_c20151003233728467558_noaa_ops.h5,GDNBO_npp_d20151003_t1731466_e1737270_b20378_c20151003233728467298_noaa_ops.h5,SVI04_npp_d20151003_t1731466_e1737270_b20378_c20151003233728541959_noaa_ops.dspace_rad,VNFF_npp_d20151003_t1731466_e1737270_b20378_v21.csv,World_EEZ_v8_2014.shp,WPP_BFAR_merge.shp,KKP_IDN_merge_20161208.shp,VNF-VBD_npp_20120301-20151231_global_asia-enhanced_c201607211230.bitmask,NCEI_NGA.union.nga_lead2.add_2015ntl.mask,timezone.shp,VBD_platforms-recurring_2015_r20170330.shp,999999,VBD_bridges_c20160811.shp,9.202956;7.293124;4.987635;0.117751;-4.766567;-9.662423;-14.566307;-12.781590;-10.252750;-5.421471;-0.565886;4.309883,106.389061;120.204430;133.795395;132.636734;131.583801;130.626740;129.763702;115.696312;101.762085;103.094223;104.302101;105.397919,npp_d20151003_t1731466_e1737270_b20378,161.452,115.901,50.231,99.3377,64.0326,67.3155
470,VBD_npp_d20151003_t1735240_x1100468E_y043280S_l1959_s0941_v23,2017-06-01 16:11:27,-4.327957,110.046837,28.3896,2015-10-03 17:35:24,2015-10-04 00:35:24,1959,941,0.376455,8,18913,0.729014,0.166611,0.905992,0.4,0.906884,0.75,0.0134859,0.0001,2.27183e-25,999999,-1.276656e-01,3,Indonesian Exclusive Economic Zone,WPP712,,SVDNB_npp_d20151003_t1731466_e1737270_b20378_c20151003233728467558_noaa_ops.h5,GDNBO_npp_d20151003_t1731466_e1737270_b20378_c20151003233728467298_noaa_ops.h5,SVI04_npp_d20151003_t1731466_e1737270_b20378_c20151003233728541959_noaa_ops.dspace_rad,VNFF_npp_d20151003_t1731466_e1737270_b20378_v21.csv,World_EEZ_v8_2014.shp,WPP_BFAR_merge.shp,KKP_IDN_merge_20161208.shp,VNF-VBD_npp_20120301-20151231_global_asia-enhanced_c201607211230.bitmask,NCEI_NGA.union.nga_lead2.add_2015ntl.mask,timezone.shp,VBD_platforms-recurring_2015_r20170330.shp,0.693142,VBD_bridges_c20160811.shp,9.202956;7.293124;4.987635;0.117751;-4.766567;-9.662423;-14.566307;-12.781590;-10.252750;-5.421471;-0.565886;4.309883,106.389061;120.204430;133.795395;132.636734;131.583801;130.626740;129.763702;115.696312;101.762085;103.094223;104.302101;105.397919,npp_d20151003_t1731466_e1737270_b20378,161.393,116.481,50.2297,99.4208,64.1415,67.2313
471,VBD_npp_d20151003_t1735169_x1101489E_y039286S_l1897_s0942_v23,2017-06-01 16:11:27,-3.928626,110.148857,50.0162,2015-10-03 17:35:16,2015-10-04 00:35:16,1897,942,0.278721,8,18913,0.977741,0.169005,0.815284,0.4,0.94721,0.75,0.0135603,0.0001,3.50558e-25,999999,-1.505749e-01,3,Indonesian Exclusive Economic Zone,WPP712,,SVDNB_npp_d20151003_t1731466_e1737270_b20378_c20151003233728467558_noaa_ops.h5,GDNBO_npp_d20151003_t1731466_e1737270_b20378_c20151003233728467298_noaa_ops.h5,SVI04_npp_d20151003_t1731466_e1737270_b20378_c20151003233728541959_noaa_ops.dspace_rad,VNFF_npp_d20151003_t1731466_e1737270_b20378_v21.csv,World_EEZ_v8_2014.shp,WPP_BFAR_merge.shp,KKP_IDN_merge_20161208.shp,VNF-VBD_npp_20120301-20151231_global_asia-enhanced_c201607211230.bitmask,NCEI_NGA.union.nga_lead2.add_2015ntl.mask,timezone.shp,VBD_platforms-recurring_2015_r20170330.shp,0.140362,VBD_bridges_c20160811.shp,9.202956;7.293124;4.987635;0.117751;-4.766567;-9.662423;-14.566307;-12.781590;-10.252750;-5.421471;-0.565886;4.309883,106.389061;120.204430;133.795395;132.636734;131.583801;130.626740;129.763702;115.696312;101.762085;103.094223;104.302101;105.397919,npp_d20151003_t1731466_e1737270_b20378,161.503,115.312,50.2026,99.2545,63.9183,67.3981
472,VBD_npp_d20151003_t1735204_x1100932E_y041767S_l1935_s0942_v23,2017-06-01 16:11:27,-4.176694,110.093239,20.6962,2015-10-03 17:35:20,2015-10-04 00:35:20,1935,942,0.389685,1,2529,0.720697,0.150964,0.875549,0.4,0.931215,0.75,0.013517,0.0001,2.51554e-25,999999,2.206241e-02,3,Indonesian Exclusive Economic Zone,WPP712,,SVDNB_npp_d20151003_t1731466_e1737270_b20378_c20151003233728467558_noaa_ops.h5,GDNBO_npp_d20151003_t1731466_e1737270_b20378_c20151003233728467298_noaa_ops.h5,SVI04_npp_d20151003_t1731466_e1737270_b20378_c20151003233728541959_noaa_ops.dspace_rad,VNFF_npp_d20151003_t1731466_e1737270_b20378_v21.csv,World_EEZ_v8_2014.shp,WPP_BFAR_merge.shp,KKP_IDN_merge_20161208.shp,VNF-VBD_npp_20120301-20151231_global_asia-enhanced_c201607211230.bitmask,NCEI_NGA.union.nga_lead2.add_2015ntl.mask,timezone.shp,VBD_platforms-recurring_2015_r20170330.shp,999999,VBD_bridges_c20160811.shp,9.202956;7.293124;4.987635;0.117751;-4.766567;-9.662423;-14.566307;-12.781590;-10.252750;-5.421471;-0.565886;4.309883,106.389061;120.204430;133.795395;132.636734;131.583801;130.626740;129.763702;115.696312;101.762085;103.094223;104.302101;105.397919,npp_d20151003_t1731466_e1737270_b20378,161.432,116.034,50.2027,98.9653,64.0529,67.2931
473,VBD_npp_d20151003_t1732492_x1121020E_y046441N_l0574_s0944_v23,2017-06-01 16:11:27,4.644068,112.101982,10.2858,2015-10-03 17:32:49,2015-10-04 01:32:49,574,944,0.357889,8,18913,0.478658,0.133589,0.7595,0.4,0.844263,0.75,0.0164376,0.0001,4.37498e-22,999999,3.857272e-02,3,Malaysian Exclusive Economic Zone,,,SVDNB_npp_d20151003_t1731466_e1737270_b20378_c20151003233728467558_noaa_ops.h5,GDNBO_npp_d20151003_t1731466_e1737270_b20378_c20151003233728467298_noaa_ops.h5,SVI04_npp_d20151003_t1731466_e1737270_b20378_c20151003233728541959_noaa_ops.dspace_rad,VNFF_npp_d20151003_t1731466_e1737270_b20378_v21.csv,World_EEZ_v8_2014.shp,WPP_BFAR_merge.shp,KKP_IDN_merge_20161208.shp,VNF-VBD_npp_20120301-20151231_global_asia-enhanced_c201607211230.bitmask,NCEI_NGA.union.nga_lead2.add_2015ntl.mask,timezone.shp,VBD_platforms-recurring_2015_r20170330.shp,0.345808,VBD_bridges_c20160811.shp,9.202956;7.293124;4.987635;0.117751;-4.766567;-9.662423;-14.566307;-12.781590;-10.252750;-5.421471;-0.565886;4.309883,106.389061;120.204430;133.795395;132.636734;131.583801;130.626740;129.763702;115.696312;101.762085;103.094223;104.302101;105.397919,npp_d20151003_t1731466_e1737270_b20378,161.995,88.762,50.1272,97.8706,59.5989,71.6168
474,VBD_npp_d20151003_t1735222_x1100874E_y042550S_l1947_s0944_v23,2017-06-01 16:11:27,-4.255013,110.087364,39.5741,2015-10-03 17:35:22,2015-10-04 00:35:22,1947,944,0.365785,1,2529,0.879071,0.155368,0.898941,0.4,0.933615,0.75,0.0135109,0.0001,2.89838e-25,999999,-2.007704e-02,3,Indonesian Exclusive Economic Zone,WPP712,,SVDNB_npp_d20151003_t1731466_e1737270_b20378_c20151003233728467558_noaa_ops.h5,GDNBO_npp_d20151003_t1731466_e1737270_b20378_c20151003233728467298_noaa_ops.h5,SVI04_npp_d20151003_t1731466_e1737270_b20378_c20151003233728541959_noaa_ops.dspace_rad,VNFF_npp_d20151003_t1731466_e1737270_b20378_v21.csv,World_EEZ_v8_2014.shp,WPP_BFAR_merge.shp,KKP_IDN_merge_20161208.shp,VNF-VBD_npp_20120301-20151231_global_asia-enhanced_c201607211230.bitmask,NCEI_NGA.union.nga_lead2.add_2015ntl.mask,timezone.shp,VBD_platforms-recurring_2015_r20170330.shp,999999,VBD_bridges_c20160811.shp,9.202956;7.293124;4.987635;0.117751;-4.766567;-9.662423;-14.566307;-12.781590;-10.252750;-5.421471;-0.565886;4.309883,106.389061;120.204430;133.795395;132.636734;131.583801;130.626740;129.763702;115.696312;101.762085;103.094223;104.302101;105.397919,npp_d20151003_t1731466_e1737270_b20378,161.396,116.241,50.1392,99.193,64.0822,67.2562
475,VBD_npp_d20151003_t1735240_x1100763E_y043189S_l1957_s0945_v23,2017-06-01 16:11:27,-4.318864,110.076294,21.3093,2015-10-03 17:35:24,2015-10-04 00:35:24,1957,945,0.279076,1,2529,0.609736,0.200955,0.905794,0.4,0.860722,0.75,0.0135032,0.0001,3.20717e-25,999999,-4.563081e-01,3,Indonesian Exclusive Economic Zone,WPP712,,SVDNB_npp_d20151003_t1731466_e1737270_b20378_c20151003233728467558_noaa_ops.h5,GDNBO_npp_d20151003_t1731466_e1737270_b20378_c20151003233728467298_noaa_ops.h5,SVI04_npp_d20151003_t1731466_e1737270_b20378_c20151003233728541959_noaa_ops.dspace_rad,VNFF_npp_d20151003_t1731466_e1737270_b20378_v21.csv,World_EEZ_v8_2014.shp,WPP_BFAR_merge.shp,KKP_IDN_merge_20161208.shp,VNF-VBD_npp_20120301-20151231_global_asia-enhanced_c201607211230.bitmask,NCEI_NGA.union.nga_lead2.add_2015ntl.mask,timezone.shp,VBD_platforms-recurring_2015_r20170330.shp,999999,VBD_bridges_c20160811.shp,9.202956;7.293124;4.987635;0.117751;-4.766567;-9.662423;-14.566307;-12.781590;-10.252750;-5.421471;-0.565886;4.309883,106.389061;120.204430;133.795395;132.636734;131.583801;130.626740;129.763702;115.696312;101.762085;103.094223;104.302101;105.397919,npp_d20151003_t1731466_e1737270_b20378,161.371,116.416,50.1089,99.5252,64.1107,67.2276
476,VBD_npp_d20151003_t1735240_x1100670E_y043734S_l1965_s0945_v23,2017-06-01 16:11:27,-4.373413,110.067024,17.8283,2015-10-03 17:35:24,2015-10-04 00:35:24,1965,945,0.199196,1,2529,0.598971,0.197402,0.859807,0.4,0.872499,0.75,0.0134941,0.0001,2.69041e-25,999999,-4.223170e-01,3,Indonesian Exclusive Economic Zone,WPP712,,SVDNB_npp_d20151003_t1731466_e1737270_b20378_c20151003233728467558_noaa_ops.h5,GDNBO_npp_d20151003_t1731466_e1737270_b20378_c20151003233728467298_noaa_ops.h5,SVI04_npp_d20151003_t1731466_e1737270_b20378_c20151003233728541959_noaa_ops.dspace_rad,VNFF_npp_d20151003_t1731466_e1737270_b20378_v21.csv,World_EEZ_v8_2014.shp,WPP_BFAR_merge.shp,KKP_IDN_merge_20161208.shp,VNF-VBD_npp_20120301-20151231_global_asia-enhanced_c201607211230.bitmask,NCEI_NGA.union.nga_lead2.add_2015ntl.mask,timezone.shp,VBD_platforms-recurring_2015_r20170330.shp,999999,VBD_bridges_c20160811.shp,9.202956;7.293124;4.987635;0.117751;-4.766567;-9.662423;-14.566307;-12.781590;-10.252750;-5.421471;-0.565886;4.309883,106.389061;120.204430;133.795395;132.636734;131.583801;130.626740;129.763702;115.696312;101.762085;103.094223;104.302101;105.397919,npp_d20151003_t1731466_e1737270_b20378,161.355,116.574,50.1104,99.0996,64.1405,67.2048
477,VBD_npp_d20151003_t1735222_x1100951E_y042913S_l1952_s0946_v23,2017-06-01 16:11:27,-4.291323,110.095108,34.3468,2015-10-03 17:35:22,2015-10-04 00:35:22,1952,946,0.353053,1,2529,0.843594,0.147309,0.907515,0.4,0.934318,0.75,0.0135127,0.0001,3.01478e-25,999999,5.703353e-02,3,Indonesian Exclusive Economic Zone,WPP712,,SVDNB_npp_d20151003_t1731466_e1737270_b20378_c20151003233728467558_noaa_ops.h5,GDNBO_npp_d20151003_t1731466_e1737270_b20378_c20151003233728467298_noaa_ops.h5,SVI04_npp_d20151003_t1731466_e1737270_b20378_c20151003233728541959_noaa_ops.dspace_rad,VNFF_npp_d20151003_t1731466_e1737270_b20378_v21.csv,World_EEZ_v8_2014.shp,WPP_BFAR_merge.shp,KKP_IDN_merge_20161208.shp,VNF-VBD_npp_20120301-20151231_global_asia-enhanced_c201607211230.bitmask,NCEI_NGA.union.nga_lead2.add_2015ntl.mask,timezone.shp,VBD_platforms-recurring_2015_r20170330.shp,999999,VBD_bridges_c20160811.shp,9.202956;7.293124;4.987635;0.117751;-4.766567;-9.662423;-14.566307;-12.781590;-10.252750;-5.421471;-0.565886;4.309883,106.389061;120.204430;133.795395;132.636734;131.583801;130.626740;129.763702;115.696312;101.762085;103.094223;104.302101;105.397919,npp_d20151003_t1731466_e1737270_b20378,161.373,116.327,50.0806,98.9256,64.0891,67.2373
478,VBD_npp_d20151003_t1735204_x1101271E_y041822S_l1935_s0947_v23,2017-06-01 16:11:27,-4.182215,110.127129,15.0605,2015-10-03 17:35:20,2015-10-04 00:35:20,1935,947,0.371618,1,2529,0.615443,0.144162,0.849834,0.4,0.916068,0.75,0.0135358,0.0001,3.65924e-25,999999,8.714671e-02,3,Indonesian Exclusive Economic Zone,WPP712,,SVDNB_npp_d20151003_t1731466_e1737270_b20378_c20151003233728467558_noaa_ops.h5,GDNBO_npp_d20151003_t1731466_e1737270_b20378_c20151003233728467298_noaa_ops.h5,SVI04_npp_d20151003_t1731466_e1737270_b20378_c20151003233728541959_noaa_ops.dspace_rad,VNFF_npp_d20151003_t1731466_e1737270_b20378_v21.csv,World_EEZ_v8_2014.shp,WPP_BFAR_merge.shp,KKP_IDN_merge_20161208.shp,VNF-VBD_npp_20120301-20151231_global_asia-enhanced_c201607211230.bitmask,NCEI_NGA.union.nga_lead2.add_2015ntl.mask,timezone.shp,VBD_platforms-recurring_2015_r20170330.shp,999999,VBD_bridges_c20160811.shp,9.202956;7.293124;4.987635;0.117751;-4.766567;-9.662423;-14.566307;-12.781590;-10.252750;-5.421471;-0.565886;4.309883,106.389061;120.204430;133.795395;132.636734;131.583801;130.626740;129.763702;115.696312;101.762085;103.094223;104.302101;105.397919,npp_d20151003_t1731466_e1737270_b20378,161.399,116.002,50.052,98.9619,64.0236,67.2814
479,VBD_npp_d20151003_t1735240_x1100944E_y042939S_l1953_s0947_v23,2017-06-01 16:11:27,-4.293890,110.094414,28.3977,2015-10-03 17:35:24,2015-10-04 00:35:24,1953,947,0.363438,1,2529,0.752656,0.144503,0.913765,0.4,0.891144,0.75,0.0135153,0.0001,4.05982e-25,999999,8.388832e-02,3,Indonesian Exclusive Economic Zone,WPP712,,SVDNB_npp_d20151003_t1731466_e1737270_b20378_c20151003233728467558_noaa_ops.h5,GDNBO_npp_d20151003_t1731466_e1737270_b20378_c20151003233728467298_noaa_ops.h5,SVI04_npp_d20151003_t1731466_e1737270_b20378_c20151003233728541959_noaa_ops.dspace_rad,VNFF_npp_d20151003_t1731466_e1737270_b20378_v21.csv,World_EEZ_v8_2014.shp,WPP_BFAR_merge.shp,KKP_IDN_merge_20161208.shp,VNF-VBD_npp_20120301-20151231_global_asia-enhanced_c201607211230.bitmask,NCEI_NGA.union.nga_lead2.add_2015ntl.mask,timezone.shp,VBD_platforms-recurring_2015_r20170330.shp,999999,VBD_bridges_c20160811.shp,9.202956;7.293124;4.987635;0.117751;-4.766567;-9.662423;-14.566307;-12.781590;-10.252750;-5.421471;-0.565886;4.309883,106.389061;120.204430;133.795395;132.636734;131.583801;130.626740;129.763702;115.696312;101.762085;103.094223;104.302101;105.397919,npp_d20151003_t1731466_e1737270_b20378,161.366,116.324,50.0487,99.7373,64.0842,67.2343
480,VBD_npp_d20151003_t1735151_x1102321E_y038137S_l1878_s0950_v23,2017-06-01 16:11:27,-3.813658,110.232109,28.8213,2015-10-03 17:35:15,2015-10-04 00:35:15,1878,950,0.312792,1,2529,0.826853,0.161633,0.849284,0.4,0.942264,0.75,0.0136204,0.0001,7.5839e-25,999999,-8.003141e-02,3,Indonesian Exclusive Economic Zone,WPP712,,SVDNB_npp_d20151003_t1731466_e1737270_b20378_c20151003233728467558_noaa_ops.h5,GDNBO_npp_d20151003_t1731466_e1737270_b20378_c20151003233728467298_noaa_ops.h5,SVI04_npp_d20151003_t1731466_e1737270_b20378_c20151003233728541959_noaa_ops.dspace_rad,VNFF_npp_d20151003_t1731466_e1737270_b20378_v21.csv,World_EEZ_v8_2014.shp,WPP_BFAR_merge.shp,KKP_IDN_merge_20161208.shp,VNF-VBD_npp_20120301-20151231_global_asia-enhanced_c201607211230.bitmask,NCEI_NGA.union.nga_lead2.add_2015ntl.mask,timezone.shp,VBD_platforms-recurring_2015_r20170330.shp,999999,VBD_bridges_c20160811.shp,9.202956;7.293124;4.987635;0.117751;-4.766567;-9.662423;-14.566307;-12.781590;-10.252750;-5.421471;-0.565886;4.309883,106.389061;120.204430;133.795395;132.636734;131.583801;130.626740;129.763702;115.696312;101.762085;103.094223;104.302101;105.397919,npp_d20151003_t1731466_e1737270_b20378,161.483,114.899,49.9556,99.397,63.8032,67.4322
481,VBD_npp_d20151003_t1735222_x1101300E_y042900S_l1951_s0951_v23,2017-06-01 16:11:27,-4.290013,110.130020,35.4026,2015-10-03 17:35:22,2015-10-04 00:35:22,1951,951,0.342241,1,2529,0.838357,0.156081,0.908551,0.4,0.926912,0.75,0.0135326,0.0001,4.47379e-25,999999,-2.689937e-02,3,Indonesian Exclusive Economic Zone,WPP712,,SVDNB_npp_d20151003_t1731466_e1737270_b20378_c20151003233728467558_noaa_ops.h5,GDNBO_npp_d20151003_t1731466_e1737270_b20378_c20151003233728467298_noaa_ops.h5,SVI04_npp_d20151003_t1731466_e1737270_b20378_c20151003233728541959_noaa_ops.dspace_rad,VNFF_npp_d20151003_t1731466_e1737270_b20378_v21.csv,World_EEZ_v8_2014.shp,WPP_BFAR_merge.shp,KKP_IDN_merge_20161208.shp,VNF-VBD_npp_20120301-20151231_global_asia-enhanced_c201607211230.bitmask,NCEI_NGA.union.nga_lead2.add_2015ntl.mask,timezone.shp,VBD_platforms-recurring_2015_r20170330.shp,999999,VBD_bridges_c20160811.shp,9.202956;7.293124;4.987635;0.117751;-4.766567;-9.662423;-14.566307;-12.781590;-10.252750;-5.421471;-0.565886;4.309883,106.389061;120.204430;133.795395;132.636734;131.583801;130.626740;129.763702;115.696312;101.762085;103.094223;104.302101;105.397919,npp_d20151003_t1731466_e1737270_b20378,161.342,116.275,49.9296,98.9754,64.0563,67.2285
482,VBD_npp_d20151003_t1735187_x1101891E_y040636S_l1916_s0952_v23,2017-06-01 16:11:27,-4.063573,110.189079,33.5503,2015-10-03 17:35:18,2015-10-04 00:35:18,1916,952,0.340605,1,2529,0.892484,0.146175,0.878523,0.4,0.935741,0.75,0.0135763,0.0001,6.28118e-25,999999,6.788769e-02,3,Indonesian Exclusive Economic Zone,WPP712,,SVDNB_npp_d20151003_t1731466_e1737270_b20378_c20151003233728467558_noaa_ops.h5,GDNBO_npp_d20151003_t1731466_e1737270_b20378_c20151003233728467298_noaa_ops.h5,SVI04_npp_d20151003_t1731466_e1737270_b20378_c20151003233728541959_noaa_ops.dspace_rad,VNFF_npp_d20151003_t1731466_e1737270_b20378_v21.csv,World_EEZ_v8_2014.shp,WPP_BFAR_merge.shp,KKP_IDN_merge_20161208.shp,VNF-VBD_npp_20120301-20151231_global_asia-enhanced_c201607211230.bitmask,NCEI_NGA.union.nga_lead2.add_2015ntl.mask,timezone.shp,VBD_platforms-recurring_2015_r20170330.shp,999999,VBD_bridges_c20160811.shp,9.202956;7.293124;4.987635;0.117751;-4.766567;-9.662423;-14.566307;-12.781590;-10.252750;-5.421471;-0.565886;4.309883,106.389061;120.204430;133.795395;132.636734;131.583801;130.626740;129.763702;115.696312;101.762085;103.094223;104.302101;105.397919,npp_d20151003_t1731466_e1737270_b20378,161.402,115.61,49.8995,99.1058,63.9267,67.3223
483,VBD_npp_d20151003_t1735293_x1100496E_y046373S_l2005_s0952_v23,2017-06-01 16:11:27,-4.637261,110.049561,23.4991,2015-10-03 17:35:29,2015-10-04 00:35:29,2005,952,0.370551,1,2529,0.811546,0.163162,0.88066,0.4,0.954198,0.75,0.0134412,0.0001,3.97609e-25,999999,-9.466779e-02,3,Indonesian Exclusive Economic Zone,WPP712,,SVDNB_npp_d20151003_t1731466_e1737270_b20378_c20151003233728467558_noaa_ops.h5,GDNBO_npp_d20151003_t1731466_e1737270_b20378_c20151003233728467298_noaa_ops.h5,SVI04_npp_d20151003_t1731466_e1737270_b20378_c20151003233728541959_noaa_ops.dspace_rad,VNFF_npp_d20151003_t1731466_e1737270_b20378_v21.csv,World_EEZ_v8_2014.shp,WPP_BFAR_merge.shp,KKP_IDN_merge_20161208.shp,VNF-VBD_npp_20120301-20151231_global_asia-enhanced_c201607211230.bitmask,NCEI_NGA.union.nga_lead2.add_2015ntl.mask,timezone.shp,VBD_platforms-recurring_2015_r20170330.shp,999999,VBD_bridges_c20160811.shp,9.202956;7.293124;4.987635;0.117751;-4.766567;-9.662423;-14.566307;-12.781590;-10.252750;-5.421471;-0.565886;4.309883,106.389061;120.204430;133.795395;132.636734;131.583801;130.626740;129.763702;115.696312;101.762085;103.094223;104.302101;105.397919,npp_d20151003_t1731466_e1737270_b20378,161.231,117.262,49.8984,99.5671,64.2401,67.0816
484,VBD_npp_d20151003_t1735240_x1101302E_y043279S_l1957_s0953_v23,2017-06-01 16:11:27,-4.327941,110.130196,66.8474,2015-10-03 17:35:24,2015-10-04 00:35:24,1957,953,0.317487,1,2529,1.04622,0.153437,0.898806,0.4,0.937887,0.75,0.0135332,0.0001,5.81057e-25,999999,-1.604134e-03,3,Indonesian Exclusive Economic Zone,WPP712,,SVDNB_npp_d20151003_t1731466_e1737270_b20378_c20151003233728467558_noaa_ops.h5,GDNBO_npp_d20151003_t1731466_e1737270_b20378_c20151003233728467298_noaa_ops.h5,SVI04_npp_d20151003_t1731466_e1737270_b20378_c20151003233728541959_noaa_ops.dspace_rad,VNFF_npp_d20151003_t1731466_e1737270_b20378_v21.csv,World_EEZ_v8_2014.shp,WPP_BFAR_merge.shp,KKP_IDN_merge_20161208.shp,VNF-VBD_npp_20120301-20151231_global_asia-enhanced_c201607211230.bitmask,NCEI_NGA.union.nga_lead2.add_2015ntl.mask,timezone.shp,VBD_platforms-recurring_2015_r20170330.shp,999999,VBD_bridges_c20160811.shp,9.202956;7.293124;4.987635;0.117751;-4.766567;-9.662423;-14.566307;-12.781590;-10.252750;-5.421471;-0.565886;4.309883,106.389061;120.204430;133.795395;132.636734;131.583801;130.626740;129.763702;115.696312;101.762085;103.094223;104.302101;105.397919,npp_d20151003_t1731466_e1737270_b20378,161.319,116.365,49.8681,99.5215,64.0643,67.2088
485,VBD_npp_d20151003_t1735222_x1101603E_y042740S_l1948_s0955_v23,2017-06-01 16:11:27,-4.274040,110.160347,33.1277,2015-10-03 17:35:22,2015-10-04 00:35:22,1948,955,0.341956,8,18913,0.845454,0.143683,0.889247,0.4,0.936041,0.75,0.013551,0.0001,6.41731e-25,999999,9.173396e-02,3,Indonesian Exclusive Economic Zone,WPP712,,SVDNB_npp_d20151003_t1731466_e1737270_b20378_c20151003233728467558_noaa_ops.h5,GDNBO_npp_d20151003_t1731466_e1737270_b20378_c20151003233728467298_noaa_ops.h5,SVI04_npp_d20151003_t1731466_e1737270_b20378_c20151003233728541959_noaa_ops.dspace_rad,VNFF_npp_d20151003_t1731466_e1737270_b20378_v21.csv,World_EEZ_v8_2014.shp,WPP_BFAR_merge.shp,KKP_IDN_merge_20161208.shp,VNF-VBD_npp_20120301-20151231_global_asia-enhanced_c201607211230.bitmask,NCEI_NGA.union.nga_lead2.add_2015ntl.mask,timezone.shp,VBD_platforms-recurring_2015_r20170330.shp,0.429056,VBD_bridges_c20160811.shp,9.202956;7.293124;4.987635;0.117751;-4.766567;-9.662423;-14.566307;-12.781590;-10.252750;-5.421471;-0.565886;4.309883,106.389061;120.204430;133.795395;132.636734;131.583801;130.626740;129.763702;115.696312;101.762085;103.094223;104.302101;105.397919,npp_d20151003_t1731466_e1737270_b20378,161.322,116.191,49.8083,99.133,64.022,67.2277
486,VBD_npp_d20151003_t1735222_x1101728E_y042412S_l1943_s0956_v23,2017-06-01 16:11:27,-4.241228,110.172791,36.8905,2015-10-03 17:35:22,2015-10-04 00:35:22,1943,956,0.326876,1,2529,0.8589,0.17779,0.890474,0.4,0.917033,0.75,0.0135605,0.0001,7.69238e-25,999999,-2.346439e-01,3,Indonesian Exclusive Economic Zone,WPP712,,SVDNB_npp_d20151003_t1731466_e1737270_b20378_c20151003233728467558_noaa_ops.h5,GDNBO_npp_d20151003_t1731466_e1737270_b20378_c20151003233728467298_noaa_ops.h5,SVI04_npp_d20151003_t1731466_e1737270_b20378_c20151003233728541959_noaa_ops.dspace_rad,VNFF_npp_d20151003_t1731466_e1737270_b20378_v21.csv,World_EEZ_v8_2014.shp,WPP_BFAR_merge.shp,KKP_IDN_merge_20161208.shp,VNF-VBD_npp_20120301-20151231_global_asia-enhanced_c201607211230.bitmask,NCEI_NGA.union.nga_lead2.add_2015ntl.mask,timezone.shp,VBD_platforms-recurring_2015_r20170330.shp,999999,VBD_bridges_c20160811.shp,9.202956;7.293124;4.987635;0.117751;-4.766567;-9.662423;-14.566307;-12.781590;-10.252750;-5.421471;-0.565886;4.309883,106.389061;120.204430;133.795395;132.636734;131.583801;130.626740;129.763702;115.696312;101.762085;103.094223;104.302101;105.397919,npp_d20151003_t1731466_e1737270_b20378,161.325,116.087,49.7772,99.3997,63.9976,67.2397
487,VBD_npp_d20151003_t1735240_x1101399E_y043924S_l1966_s0956_v23,2017-06-01 16:11:27,-4.392366,110.139923,32.3411,2015-10-03 17:35:24,2015-10-04 00:35:24,1966,956,0.316349,8,18913,0.799993,0.137517,0.881245,0.4,0.887636,0.75,0.0135342,0.0001,5.95971e-25,999999,1.507392e-01,3,Indonesian Exclusive Economic Zone,WPP712,,SVDNB_npp_d20151003_t1731466_e1737270_b20378_c20151003233728467558_noaa_ops.h5,GDNBO_npp_d20151003_t1731466_e1737270_b20378_c20151003233728467298_noaa_ops.h5,SVI04_npp_d20151003_t1731466_e1737270_b20378_c20151003233728541959_noaa_ops.dspace_rad,VNFF_npp_d20151003_t1731466_e1737270_b20378_v21.csv,World_EEZ_v8_2014.shp,WPP_BFAR_merge.shp,KKP_IDN_merge_20161208.shp,VNF-VBD_npp_20120301-20151231_global_asia-enhanced_c201607211230.bitmask,NCEI_NGA.union.nga_lead2.add_2015ntl.mask,timezone.shp,VBD_platforms-recurring_2015_r20170330.shp,0.431354,VBD_bridges_c20160811.shp,9.202956;7.293124;4.987635;0.117751;-4.766567;-9.662423;-14.566307;-12.781590;-10.252750;-5.421471;-0.565886;4.309883,106.389061;120.204430;133.795395;132.636734;131.583801;130.626740;129.763702;115.696312;101.762085;103.094223;104.302101;105.397919,npp_d20151003_t1731466_e1737270_b20378,161.281,116.522,49.7798,99.0389,64.0804,67.1762
488,VBD_npp_d20151003_t1735151_x1102834E_y038361S_l1880_s0958_v23,2017-06-01 16:11:27,-3.836139,110.283409,20.5883,2015-10-03 17:35:15,2015-10-04 00:35:15,1880,958,0.275733,1,2529,0.668868,0.146298,0.851997,0.4,0.907717,0.75,0.0136454,0.0001,1.30088e-24,999999,6.671590e-02,3,Indonesian Exclusive Economic Zone,WPP712,,SVDNB_npp_d20151003_t1731466_e1737270_b20378_c20151003233728467558_noaa_ops.h5,GDNBO_npp_d20151003_t1731466_e1737270_b20378_c20151003233728467298_noaa_ops.h5,SVI04_npp_d20151003_t1731466_e1737270_b20378_c20151003233728541959_noaa_ops.dspace_rad,VNFF_npp_d20151003_t1731466_e1737270_b20378_v21.csv,World_EEZ_v8_2014.shp,WPP_BFAR_merge.shp,KKP_IDN_merge_20161208.shp,VNF-VBD_npp_20120301-20151231_global_asia-enhanced_c201607211230.bitmask,NCEI_NGA.union.nga_lead2.add_2015ntl.mask,timezone.shp,VBD_platforms-recurring_2015_r20170330.shp,999999,VBD_bridges_c20160811.shp,9.202956;7.293124;4.987635;0.117751;-4.766567;-9.662423;-14.566307;-12.781590;-10.252750;-5.421471;-0.565886;4.309883,106.389061;120.204430;133.795395;132.636734;131.583801;130.626740;129.763702;115.696312;101.762085;103.094223;104.302101;105.397919,npp_d20151003_t1731466_e1737270_b20378,161.427,114.893,49.7153,99.2866,63.7642,67.4081
489,VBD_npp_d20151003_t1735169_x1102554E_y039532S_l1898_s0958_v23,2017-06-01 16:11:27,-3.953219,110.255424,23.2329,2015-10-03 17:35:16,2015-10-04 00:35:16,1898,958,0.208088,1,2529,0.702484,0.151284,0.819825,0.4,0.900664,0.75,0.0136194,0.0001,1.1145e-24,999999,1.899968e-02,3,Indonesian Exclusive Economic Zone,WPP712,,SVDNB_npp_d20151003_t1731466_e1737270_b20378_c20151003233728467558_noaa_ops.h5,GDNBO_npp_d20151003_t1731466_e1737270_b20378_c20151003233728467298_noaa_ops.h5,SVI04_npp_d20151003_t1731466_e1737270_b20378_c20151003233728541959_noaa_ops.dspace_rad,VNFF_npp_d20151003_t1731466_e1737270_b20378_v21.csv,World_EEZ_v8_2014.shp,WPP_BFAR_merge.shp,KKP_IDN_merge_20161208.shp,VNF-VBD_npp_20120301-20151231_global_asia-enhanced_c201607211230.bitmask,NCEI_NGA.union.nga_lead2.add_2015ntl.mask,timezone.shp,VBD_platforms-recurring_2015_r20170330.shp,999999,VBD_bridges_c20160811.shp,9.202956;7.293124;4.987635;0.117751;-4.766567;-9.662423;-14.566307;-12.781590;-10.252750;-5.421471;-0.565886;4.309883,106.389061;120.204430;133.795395;132.636734;131.583801;130.626740;129.763702;115.696312;101.762085;103.094223;104.302101;105.397919,npp_d20151003_t1731466_e1737270_b20378,161.396,115.235,49.7212,99.1928,63.8289,67.3584
490,VBD_npp_d20151003_t1735133_x1103047E_y037880S_l1872_s0959_v23,2017-06-01 16:11:27,-3.788023,110.304672,9.85532,2015-10-03 17:35:13,2015-10-04 00:35:13,1872,959,0.270185,1,2529,0.428537,0.16093,0.821134,0.4,0.807398,0.75,0.0136697,0.0001,1.29085e-24,999999,-7.330726e-02,3,Indonesian Exclusive Economic Zone,WPP712,,SVDNB_npp_d20151003_t1731466_e1737270_b20378_c20151003233728467558_noaa_ops.h5,GDNBO_npp_d20151003_t1731466_e1737270_b20378_c20151003233728467298_noaa_ops.h5,SVI04_npp_d20151003_t1731466_e1737270_b20378_c20151003233728541959_noaa_ops.dspace_rad,VNFF_npp_d20151003_t1731466_e1737270_b20378_v21.csv,World_EEZ_v8_2014.shp,WPP_BFAR_merge.shp,KKP_IDN_merge_20161208.shp,VNF-VBD_npp_20120301-20151231_global_asia-enhanced_c201607211230.bitmask,NCEI_NGA.union.nga_lead2.add_2015ntl.mask,timezone.shp,VBD_platforms-recurring_2015_r20170330.shp,999999,VBD_bridges_c20160811.shp,9.202956;7.293124;4.987635;0.117751;-4.766567;-9.662423;-14.566307;-12.781590;-10.252750;-5.421471;-0.565886;4.309883,106.389061;120.204430;133.795395;132.636734;131.583801;130.626740;129.763702;115.696312;101.762085;103.094223;104.302101;105.397919,npp_d20151003_t1731466_e1737270_b20378,161.435,114.744,49.6906,98.8411,63.7325,67.4271
491,VBD_npp_d20151003_t1735240_x1101623E_y043821S_l1964_s0959_v23,2017-06-01 16:11:27,-4.382105,110.162270,40.0443,2015-10-03 17:35:24,2015-10-04 00:35:24,1964,959,0.322039,1,2529,0.879069,0.177067,0.88891,0.4,0.92887,0.75,0.0135478,0.0001,7.75455e-25,999999,-2.277204e-01,3,Indonesian Exclusive Economic Zone,WPP712,,SVDNB_npp_d20151003_t1731466_e1737270_b20378_c20151003233728467558_noaa_ops.h5,GDNBO_npp_d20151003_t1731466_e1737270_b20378_c20151003233728467298_noaa_ops.h5,SVI04_npp_d20151003_t1731466_e1737270_b20378_c20151003233728541959_noaa_ops.dspace_rad,VNFF_npp_d20151003_t1731466_e1737270_b20378_v21.csv,World_EEZ_v8_2014.shp,WPP_BFAR_merge.shp,KKP_IDN_merge_20161208.shp,VNF-VBD_npp_20120301-20151231_global_asia-enhanced_c201607211230.bitmask,NCEI_NGA.union.nga_lead2.add_2015ntl.mask,timezone.shp,VBD_platforms-recurring_2015_r20170330.shp,999999,VBD_bridges_c20160811.shp,9.202956;7.293124;4.987635;0.117751;-4.766567;-9.662423;-14.566307;-12.781590;-10.252750;-5.421471;-0.565886;4.309883,106.389061;120.204430;133.795395;132.636734;131.583801;130.626740;129.763702;115.696312;101.762085;103.094223;104.302101;105.397919,npp_d20151003_t1731466_e1737270_b20378,161.266,116.464,49.689,99.1439,64.0557,67.1749
492,VBD_npp_d20151003_t1735151_x1103047E_y037910S_l1873_s0960_v23,2017-06-01 16:11:27,-3.790953,110.304688,8.96855,2015-10-03 17:35:15,2015-10-04 00:35:15,1873,960,0.246,1,2529,0.400797,0.151657,0.821134,0.4,0.80836,0.75,0.0136709,0.0001,1.73858e-24,999999,1.543307e-02,3,Indonesian Exclusive Economic Zone,WPP712,,SVDNB_npp_d20151003_t1731466_e1737270_b20378_c20151003233728467558_noaa_ops.h5,GDNBO_npp_d20151003_t1731466_e1737270_b20378_c20151003233728467298_noaa_ops.h5,SVI04_npp_d20151003_t1731466_e1737270_b20378_c20151003233728541959_noaa_ops.dspace_rad,VNFF_npp_d20151003_t1731466_e1737270_b20378_v21.csv,World_EEZ_v8_2014.shp,WPP_BFAR_merge.shp,KKP_IDN_merge_20161208.shp,VNF-VBD_npp_20120301-20151231_global_asia-enhanced_c201607211230.bitmask,NCEI_NGA.union.nga_lead2.add_2015ntl.mask,timezone.shp,VBD_platforms-recurring_2015_r20170330.shp,999999,VBD_bridges_c20160811.shp,9.202956;7.293124;4.987635;0.117751;-4.766567;-9.662423;-14.566307;-12.781590;-10.252750;-5.421471;-0.565886;4.309883,106.389061;120.204430;133.795395;132.636734;131.583801;130.626740;129.763702;115.696312;101.762085;103.094223;104.302101;105.397919,npp_d20151003_t1731466_e1737270_b20378,161.427,114.743,49.655,99.6608,63.727,67.4239
493,VBD_npp_d20151003_t1735204_x1102144E_y041964S_l1935_s0960_v23,2017-06-01 16:11:27,-4.196425,110.214386,24.5284,2015-10-03 17:35:20,2015-10-04 00:35:20,1935,960,0.301056,1,2529,0.655999,0.140961,0.890419,0.4,0.871707,0.75,0.0135847,0.0001,9.52355e-25,999999,1.177838e-01,3,Indonesian Exclusive Economic Zone,WPP712,,SVDNB_npp_d20151003_t1731466_e1737270_b20378_c20151003233728467558_noaa_ops.h5,GDNBO_npp_d20151003_t1731466_e1737270_b20378_c20151003233728467298_noaa_ops.h5,SVI04_npp_d20151003_t1731466_e1737270_b20378_c20151003233728541959_noaa_ops.dspace_rad,VNFF_npp_d20151003_t1731466_e1737270_b20378_v21.csv,World_EEZ_v8_2014.shp,WPP_BFAR_merge.shp,KKP_IDN_merge_20161208.shp,VNF-VBD_npp_20120301-20151231_global_asia-enhanced_c201607211230.bitmask,NCEI_NGA.union.nga_lead2.add_2015ntl.mask,timezone.shp,VBD_platforms-recurring_2015_r20170330.shp,999999,VBD_bridges_c20160811.shp,9.202956;7.293124;4.987635;0.117751;-4.766567;-9.662423;-14.566307;-12.781590;-10.252750;-5.421471;-0.565886;4.309883,106.389061;120.204430;133.795395;132.636734;131.583801;130.626740;129.763702;115.696312;101.762085;103.094223;104.302101;105.397919,npp_d20151003_t1731466_e1737270_b20378,161.314,115.921,49.661,98.953,63.9483,67.2514
494,VBD_npp_d20151003_t1735222_x1102041E_y042186S_l1939_s0960_v23,2017-06-01 16:11:27,-4.218609,110.204063,22.5623,2015-10-03 17:35:22,2015-10-04 00:35:22,1939,960,0.311156,1,2529,0.617805,0.178804,0.894049,0.4,0.862742,0.75,0.0135801,0.0001,1.12047e-24,999999,-2.443496e-01,3,Indonesian Exclusive Economic Zone,WPP712,,SVDNB_npp_d20151003_t1731466_e1737270_b20378_c20151003233728467558_noaa_ops.h5,GDNBO_npp_d20151003_t1731466_e1737270_b20378_c20151003233728467298_noaa_ops.h5,SVI04_npp_d20151003_t1731466_e1737270_b20378_c20151003233728541959_noaa_ops.dspace_rad,VNFF_npp_d20151003_t1731466_e1737270_b20378_v21.csv,World_EEZ_v8_2014.shp,WPP_BFAR_merge.shp,KKP_IDN_merge_20161208.shp,VNF-VBD_npp_20120301-20151231_global_asia-enhanced_c201607211230.bitmask,NCEI_NGA.union.nga_lead2.add_2015ntl.mask,timezone.shp,VBD_platforms-recurring_2015_r20170330.shp,999999,VBD_bridges_c20160811.shp,9.202956;7.293124;4.987635;0.117751;-4.766567;-9.662423;-14.566307;-12.781590;-10.252750;-5.421471;-0.565886;4.309883,106.389061;120.204430;133.795395;132.636734;131.583801;130.626740;129.763702;115.696312;101.762085;103.094223;104.302101;105.397919,npp_d20151003_t1731466_e1737270_b20378,161.307,115.984,49.6568,99.6121,63.9599,67.2418
495,VBD_npp_d20151003_t1735133_x1103271E_y037360S_l1864_s0961_v23,2017-06-01 16:11:27,-3.736037,110.327110,9.28908,2015-10-03 17:35:13,2015-10-04 00:35:13,1864,961,0.213067,2,2465,0.377873,0.172568,0.81482,0.4,0.745103,0.75,0.0136977,0.0001,1.76567e-24,999999,-1.846672e-01,3,Indonesian Exclusive Economic Zone,WPP712,,SVDNB_npp_d20151003_t1731466_e1737270_b20378_c20151003233728467558_noaa_ops.h5,GDNBO_npp_d20151003_t1731466_e1737270_b20378_c20151003233728467298_noaa_ops.h5,SVI04_npp_d20151003_t1731466_e1737270_b20378_c20151003233728541959_noaa_ops.dspace_rad,VNFF_npp_d20151003_t1731466_e1737270_b20378_v21.csv,World_EEZ_v8_2014.shp,WPP_BFAR_merge.shp,KKP_IDN_merge_20161208.shp,VNF-VBD_npp_20120301-20151231_global_asia-enhanced_c201607211230.bitmask,NCEI_NGA.union.nga_lead2.add_2015ntl.mask,timezone.shp,VBD_platforms-recurring_2015_r20170330.shp,999999,VBD_bridges_c20160811.shp,9.202956;7.293124;4.987635;0.117751;-4.766567;-9.662423;-14.566307;-12.781590;-10.252750;-5.421471;-0.565886;4.309883,106.389061;120.204430;133.795395;132.636734;131.583801;130.626740;129.763702;115.696312;101.762085;103.094223;104.302101;105.397919,npp_d20151003_t1731466_e1737270_b20378,161.436,114.574,49.6282,99.2686,63.6916,67.4459
496,VBD_npp_d20151003_t1735222_x1102119E_y042130S_l1938_s0961_v23,2017-06-01 16:11:27,-4.212966,110.211853,32.5553,2015-10-03 17:35:22,2015-10-04 00:35:22,1938,961,0.308951,1,2529,0.741226,0.163206,0.890419,0.4,0.899924,0.75,0.013585,0.0001,1.23013e-24,999999,-9.508670e-02,3,Indonesian Exclusive Economic Zone,WPP712,,SVDNB_npp_d20151003_t1731466_e1737270_b20378_c20151003233728467558_noaa_ops.h5,GDNBO_npp_d20151003_t1731466_e1737270_b20378_c20151003233728467298_noaa_ops.h5,SVI04_npp_d20151003_t1731466_e1737270_b20378_c20151003233728541959_noaa_ops.dspace_rad,VNFF_npp_d20151003_t1731466_e1737270_b20378_v21.csv,World_EEZ_v8_2014.shp,WPP_BFAR_merge.shp,KKP_IDN_merge_20161208.shp,VNF-VBD_npp_20120301-20151231_global_asia-enhanced_c201607211230.bitmask,NCEI_NGA.union.nga_lead2.add_2015ntl.mask,timezone.shp,VBD_platforms-recurring_2015_r20170330.shp,999999,VBD_bridges_c20160811.shp,9.202956;7.293124;4.987635;0.117751;-4.766567;-9.662423;-14.566307;-12.781590;-10.252750;-5.421471;-0.565886;4.309883,106.389061;120.204430;133.795395;132.636734;131.583801;130.626740;129.763702;115.696312;101.762085;103.094223;104.302101;105.397919,npp_d20151003_t1731466_e1737270_b20378,161.303,115.958,49.6268,99.6653,63.9504,67.2424
497,VBD_npp_d20151003_t1735222_x1102061E_y042468S_l1943_s0961_v23,2017-06-01 16:11:27,-4.246799,110.206131,19.7202,2015-10-03 17:35:22,2015-10-04 00:35:22,1943,961,0.315069,1,2529,0.631848,0.172374,0.887066,0.4,0.890734,0.75,0.0135793,0.0001,1.10663e-24,999999,-1.828177e-01,3,Indonesian Exclusive Economic Zone,WPP712,,SVDNB_npp_d20151003_t1731466_e1737270_b20378_c20151003233728467558_noaa_ops.h5,GDNBO_npp_d20151003_t1731466_e1737270_b20378_c20151003233728467298_noaa_ops.h5,SVI04_npp_d20151003_t1731466_e1737270_b20378_c20151003233728541959_noaa_ops.dspace_rad,VNFF_npp_d20151003_t1731466_e1737270_b20378_v21.csv,World_EEZ_v8_2014.shp,WPP_BFAR_merge.shp,KKP_IDN_merge_20161208.shp,VNF-VBD_npp_20120301-20151231_global_asia-enhanced_c201607211230.bitmask,NCEI_NGA.union.nga_lead2.add_2015ntl.mask,timezone.shp,VBD_platforms-recurring_2015_r20170330.shp,999999,VBD_bridges_c20160811.shp,9.202956;7.293124;4.987635;0.117751;-4.766567;-9.662423;-14.566307;-12.781590;-10.252750;-5.421471;-0.565886;4.309883,106.389061;120.204430;133.795395;132.636734;131.583801;130.626740;129.763702;115.696312;101.762085;103.094223;104.302101;105.397919,npp_d20151003_t1731466_e1737270_b20378,161.293,116.056,49.627,99.3973,63.9689,67.2281
498,VBD_npp_d20151003_t1735240_x1101802E_y043572S_l1960_s0961_v23,2017-06-01 16:11:27,-4.357234,110.180176,50.5409,2015-10-03 17:35:24,2015-10-04 00:35:24,1960,961,0.337759,1,2529,0.984022,0.144474,0.898467,0.4,0.94929,0.75,0.0135599,0.0001,9.77747e-25,999999,8.416851e-02,3,Indonesian Exclusive Economic Zone,WPP712,,SVDNB_npp_d20151003_t1731466_e1737270_b20378_c20151003233728467558_noaa_ops.h5,GDNBO_npp_d20151003_t1731466_e1737270_b20378_c20151003233728467298_noaa_ops.h5,SVI04_npp_d20151003_t1731466_e1737270_b20378_c20151003233728541959_noaa_ops.dspace_rad,VNFF_npp_d20151003_t1731466_e1737270_b20378_v21.csv,World_EEZ_v8_2014.shp,WPP_BFAR_merge.shp,KKP_IDN_merge_20161208.shp,VNF-VBD_npp_20120301-20151231_global_asia-enhanced_c201607211230.bitmask,NCEI_NGA.union.nga_lead2.add_2015ntl.mask,timezone.shp,VBD_platforms-recurring_2015_r20170330.shp,999999,VBD_bridges_c20160811.shp,9.202956;7.293124;4.987635;0.117751;-4.766567;-9.662423;-14.566307;-12.781590;-10.252750;-5.421471;-0.565886;4.309883,106.389061;120.204430;133.795395;132.636734;131.583801;130.626740;129.763702;115.696312;101.762085;103.094223;104.302101;105.397919,npp_d20151003_t1731466_e1737270_b20378,161.261,116.373,49.6281,99.3571,64.0294,67.1816
499,VBD_npp_d20151003_t1735204_x1102403E_y041242S_l1924_s0962_v23,2017-06-01 16:11:27,-4.124194,110.240288,35.0575,2015-10-03 17:35:20,2015-10-04 00:35:20,1924,962,0.246356,1,2529,0.870452,0.151361,0.862841,0.4,0.929527,0.75,0.0136048,0.0001,1.39196e-24,999999,1.826227e-02,3,Indonesian Exclusive Economic Zone,WPP712,,SVDNB_npp_d20151003_t1731466_e1737270_b20378_c20151003233728467558_noaa_ops.h5,GDNBO_npp_d20151003_t1731466_e1737270_b20378_c20151003233728467298_noaa_ops.h5,SVI04_npp_d20151003_t1731466_e1737270_b20378_c20151003233728541959_noaa_ops.dspace_rad,VNFF_npp_d20151003_t1731466_e1737270_b20378_v21.csv,World_EEZ_v8_2014.shp,WPP_BFAR_merge.shp,KKP_IDN_merge_20161208.shp,VNF-VBD_npp_20120301-20151231_global_asia-enhanced_c201607211230.bitmask,NCEI_NGA.union.nga_lead2.add_2015ntl.mask,timezone.shp,VBD_platforms-recurring_2015_r20170330.shp,999999,VBD_bridges_c20160811.shp,9.202956;7.293124;4.987635;0.117751;-4.766567;-9.662423;-14.566307;-12.781590;-10.252750;-5.421471;-0.565886;4.309883,106.389061;120.204430;133.795395;132.636734;131.583801;130.626740;129.763702;115.696312;101.762085;103.094223;104.302101;105.397919,npp_d20151003_t1731466_e1737270_b20378,161.323,115.693,49.5987,99.5416,63.8961,67.2782
500,VBD_npp_d20151003_t1735222_x1102151E_y042344S_l1941_s0962_v23,2017-06-01 16:11:27,-4.234385,110.215080,7.68946,2015-10-03 17:35:22,2015-10-04 00:35:22,1941,962,0.320688,7,2465,0.271754,0.171753,0.894049,0.4,0.68533,0.75,0.0135853,0.0001,1.24116e-24,999999,-1.768730e-01,3,,,,SVDNB_npp_d20151003_t1731466_e1737270_b20378_c20151003233728467558_noaa_ops.h5,GDNBO_npp_d20151003_t1731466_e1737270_b20378_c20151003233728467298_noaa_ops.h5,SVI04_npp_d20151003_t1731466_e1737270_b20378_c20151003233728541959_noaa_ops.dspace_rad,VNFF_npp_d20151003_t1731466_e1737270_b20378_v21.csv,World_EEZ_v8_2014.shp,WPP_BFAR_merge.shp,KKP_IDN_merge_20161208.shp,VNF-VBD_npp_20120301-20151231_global_asia-enhanced_c201607211230.bitmask,NCEI_NGA.union.nga_lead2.add_2015ntl.mask,timezone.shp,VBD_platforms-recurring_2015_r20170330.shp,999999,VBD_bridges_c20160811.shp,9.202956;7.293124;4.987635;0.117751;-4.766567;-9.662423;-14.566307;-12.781590;-10.252750;-5.421471;-0.565886;4.309883,106.389061;120.204430;133.795395;132.636734;131.583801;130.626740;129.763702;115.696312;101.762085;103.094223;104.302101;105.397919,npp_d20151003_t1731466_e1737270_b20378,161.291,116.01,49.5968,99.5041,63.9558,67.2315
501,VBD_npp_d20151003_t1735187_x1102626E_y040756S_l1916_s0963_v23,2017-06-01 16:11:27,-4.075629,110.262558,13.0573,2015-10-03 17:35:18,2015-10-04 00:35:18,1916,963,0.231561,8,18913,0.536357,0.163161,0.859945,0.4,0.871562,0.75,0.0136177,0.0001,1.3977e-24,999999,-9.465717e-02,3,Indonesian Exclusive Economic Zone,WPP712,,SVDNB_npp_d20151003_t1731466_e1737270_b20378_c20151003233728467558_noaa_ops.h5,GDNBO_npp_d20151003_t1731466_e1737270_b20378_c20151003233728467298_noaa_ops.h5,SVI04_npp_d20151003_t1731466_e1737270_b20378_c20151003233728541959_noaa_ops.dspace_rad,VNFF_npp_d20151003_t1731466_e1737270_b20378_v21.csv,World_EEZ_v8_2014.shp,WPP_BFAR_merge.shp,KKP_IDN_merge_20161208.shp,VNF-VBD_npp_20120301-20151231_global_asia-enhanced_c201607211230.bitmask,NCEI_NGA.union.nga_lead2.add_2015ntl.mask,timezone.shp,VBD_platforms-recurring_2015_r20170330.shp,0.709845,VBD_bridges_c20160811.shp,9.202956;7.293124;4.987635;0.117751;-4.766567;-9.662423;-14.566307;-12.781590;-10.252750;-5.421471;-0.565886;4.309883,106.389061;120.204430;133.795395;132.636734;131.583801;130.626740;129.763702;115.696312;101.762085;103.094223;104.302101;105.397919,npp_d20151003_t1731466_e1737270_b20378,161.33,115.544,49.5689,99.0993,63.8632,67.297
502,VBD_npp_d20151003_t1735222_x1102263E_y042085S_l1937_s0963_v23,2017-06-01 16:11:27,-4.208457,110.226273,41.5479,2015-10-03 17:35:22,2015-10-04 00:35:22,1937,963,0.309592,1,2529,0.795487,0.131894,0.900233,0.4,0.903171,0.75,0.0135937,0.0001,1.45096e-24,999999,2.045468e-01,3,Indonesian Exclusive Economic Zone,WPP712,,SVDNB_npp_d20151003_t1731466_e1737270_b20378_c20151003233728467558_noaa_ops.h5,GDNBO_npp_d20151003_t1731466_e1737270_b20378_c20151003233728467298_noaa_ops.h5,SVI04_npp_d20151003_t1731466_e1737270_b20378_c20151003233728541959_noaa_ops.dspace_rad,VNFF_npp_d20151003_t1731466_e1737270_b20378_v21.csv,World_EEZ_v8_2014.shp,WPP_BFAR_merge.shp,KKP_IDN_merge_20161208.shp,VNF-VBD_npp_20120301-20151231_global_asia-enhanced_c201607211230.bitmask,NCEI_NGA.union.nga_lead2.add_2015ntl.mask,timezone.shp,VBD_platforms-recurring_2015_r20170330.shp,999999,VBD_bridges_c20160811.shp,9.202956;7.293124;4.987635;0.117751;-4.766567;-9.662423;-14.566307;-12.781590;-10.252750;-5.421471;-0.565886;4.309883,106.389061;120.204430;133.795395;132.636734;131.583801;130.626740;129.763702;115.696312;101.762085;103.094223;104.302101;105.397919,npp_d20151003_t1731466_e1737270_b20378,161.292,115.926,49.5669,99.7182,63.9353,67.2406
503,VBD_npp_d20151003_t1735222_x1102091E_y043099S_l1952_s0963_v23,2017-06-01 16:11:27,-4.309858,110.209099,31.0313,2015-10-03 17:35:22,2015-10-04 00:35:22,1952,963,0.311014,1,2529,0.72217,0.177287,0.865203,0.4,0.881026,0.75,0.0135765,0.0001,1.05377e-24,999999,-2.298277e-01,3,Indonesian Exclusive Economic Zone,WPP712,,SVDNB_npp_d20151003_t1731466_e1737270_b20378_c20151003233728467558_noaa_ops.h5,GDNBO_npp_d20151003_t1731466_e1737270_b20378_c20151003233728467298_noaa_ops.h5,SVI04_npp_d20151003_t1731466_e1737270_b20378_c20151003233728541959_noaa_ops.dspace_rad,VNFF_npp_d20151003_t1731466_e1737270_b20378_v21.csv,World_EEZ_v8_2014.shp,WPP_BFAR_merge.shp,KKP_IDN_merge_20161208.shp,VNF-VBD_npp_20120301-20151231_global_asia-enhanced_c201607211230.bitmask,NCEI_NGA.union.nga_lead2.add_2015ntl.mask,timezone.shp,VBD_platforms-recurring_2015_r20170330.shp,999999,VBD_bridges_c20160811.shp,9.202956;7.293124;4.987635;0.117751;-4.766567;-9.662423;-14.566307;-12.781590;-10.252750;-5.421471;-0.565886;4.309883,106.389061;120.204430;133.795395;132.636734;131.583801;130.626740;129.763702;115.696312;101.762085;103.094223;104.302101;105.397919,npp_d20151003_t1731466_e1737270_b20378,161.263,116.219,49.5694,98.9135,63.9908,67.1978
504,VBD_npp_d20151003_t1735133_x1103481E_y037326S_l1863_s0964_v23,2017-06-01 16:11:27,-3.732570,110.348145,9.55234,2015-10-03 17:35:13,2015-10-04 00:35:13,1863,964,0.193079,1,2529,0.317532,0.143578,0.852425,0.4,0.759177,0.75,0.0137115,0.0001,2.2331e-24,999999,9.273824e-02,3,Indonesian Exclusive Economic Zone,WPP712,,SVDNB_npp_d20151003_t1731466_e1737270_b20378_c20151003233728467558_noaa_ops.h5,GDNBO_npp_d20151003_t1731466_e1737270_b20378_c20151003233728467298_noaa_ops.h5,SVI04_npp_d20151003_t1731466_e1737270_b20378_c20151003233728541959_noaa_ops.dspace_rad,VNFF_npp_d20151003_t1731466_e1737270_b20378_v21.csv,World_EEZ_v8_2014.shp,WPP_BFAR_merge.shp,KKP_IDN_merge_20161208.shp,VNF-VBD_npp_20120301-20151231_global_asia-enhanced_c201607211230.bitmask,NCEI_NGA.union.nga_lead2.add_2015ntl.mask,timezone.shp,VBD_platforms-recurring_2015_r20170330.shp,999999,VBD_bridges_c20160811.shp,9.202956;7.293124;4.987635;0.117751;-4.766567;-9.662423;-14.566307;-12.781590;-10.252750;-5.421471;-0.565886;4.309883,106.389061;120.204430;133.795395;132.636734;131.583801;130.626740;129.763702;115.696312;101.762085;103.094223;104.302101;105.397919,npp_d20151003_t1731466_e1737270_b20378,161.418,114.538,49.5381,99.321,63.6707,67.442
505,VBD_npp_d20151003_t1735204_x1102456E_y041737S_l1931_s0964_v23,2017-06-01 16:11:27,-4.173728,110.245567,26.2948,2015-10-03 17:35:20,2015-10-04 00:35:20,1931,964,0.245005,8,18913,0.708781,0.154082,0.893089,0.4,0.89011,0.75,0.0136043,0.0001,1.38567e-24,999999,-7.776894e-03,3,Indonesian Exclusive Economic Zone,WPP712,,SVDNB_npp_d20151003_t1731466_e1737270_b20378_c20151003233728467558_noaa_ops.h5,GDNBO_npp_d20151003_t1731466_e1737270_b20378_c20151003233728467298_noaa_ops.h5,SVI04_npp_d20151003_t1731466_e1737270_b20378_c20151003233728541959_noaa_ops.dspace_rad,VNFF_npp_d20151003_t1731466_e1737270_b20378_v21.csv,World_EEZ_v8_2014.shp,WPP_BFAR_merge.shp,KKP_IDN_merge_20161208.shp,VNF-VBD_npp_20120301-20151231_global_asia-enhanced_c201607211230.bitmask,NCEI_NGA.union.nga_lead2.add_2015ntl.mask,timezone.shp,VBD_platforms-recurring_2015_r20170330.shp,0.323121,VBD_bridges_c20160811.shp,9.202956;7.293124;4.987635;0.117751;-4.766567;-9.662423;-14.566307;-12.781590;-10.252750;-5.421471;-0.565886;4.309883,106.389061;120.204430;133.795395;132.636734;131.583801;130.626740;129.763702;115.696312;101.762085;103.094223;104.302101;105.397919,npp_d20151003_t1731466_e1737270_b20378,161.296,115.818,49.5397,99.165,63.9105,67.2536
506,VBD_npp_d20151003_t1735222_x1102169E_y043042S_l1951_s0964_v23,2017-06-01 16:11:27,-4.304181,110.216881,28.7132,2015-10-03 17:35:22,2015-10-04 00:35:22,1951,964,0.303332,1,2529,0.680869,0.161645,0.865203,0.4,0.882013,0.75,0.0135814,0.0001,1.15755e-24,999999,-8.015077e-02,3,Indonesian Exclusive Economic Zone,WPP712,,SVDNB_npp_d20151003_t1731466_e1737270_b20378_c20151003233728467558_noaa_ops.h5,GDNBO_npp_d20151003_t1731466_e1737270_b20378_c20151003233728467298_noaa_ops.h5,SVI04_npp_d20151003_t1731466_e1737270_b20378_c20151003233728541959_noaa_ops.dspace_rad,VNFF_npp_d20151003_t1731466_e1737270_b20378_v21.csv,World_EEZ_v8_2014.shp,WPP_BFAR_merge.shp,KKP_IDN_merge_20161208.shp,VNF-VBD_npp_20120301-20151231_global_asia-enhanced_c201607211230.bitmask,NCEI_NGA.union.nga_lead2.add_2015ntl.mask,timezone.shp,VBD_platforms-recurring_2015_r20170330.shp,999999,VBD_bridges_c20160811.shp,9.202956;7.293124;4.987635;0.117751;-4.766567;-9.662423;-14.566307;-12.781590;-10.252750;-5.421471;-0.565886;4.309883,106.389061;120.204430;133.795395;132.636734;131.583801;130.626740;129.763702;115.696312;101.762085;103.094223;104.302101;105.397919,npp_d20151003_t1731466_e1737270_b20378,161.258,116.193,49.539,98.9664,63.9813,67.1983
507,VBD_npp_d20151003_t1735133_x1103468E_y037809S_l1870_s0965_v23,2017-06-01 16:11:27,-3.780948,110.346817,15.0502,2015-10-03 17:35:13,2015-10-04 00:35:13,1870,965,0.265277,1,2529,0.519085,0.180071,0.851483,0.4,0.849707,0.75,0.0136974,0.0001,2.07017e-24,999999,-2.564694e-01,3,Indonesian Exclusive Economic Zone,WPP712,,SVDNB_npp_d20151003_t1731466_e1737270_b20378_c20151003233728467558_noaa_ops.h5,GDNBO_npp_d20151003_t1731466_e1737270_b20378_c20151003233728467298_noaa_ops.h5,SVI04_npp_d20151003_t1731466_e1737270_b20378_c20151003233728541959_noaa_ops.dspace_rad,VNFF_npp_d20151003_t1731466_e1737270_b20378_v21.csv,World_EEZ_v8_2014.shp,WPP_BFAR_merge.shp,KKP_IDN_merge_20161208.shp,VNF-VBD_npp_20120301-20151231_global_asia-enhanced_c201607211230.bitmask,NCEI_NGA.union.nga_lead2.add_2015ntl.mask,timezone.shp,VBD_platforms-recurring_2015_r20170330.shp,999999,VBD_bridges_c20160811.shp,9.202956;7.293124;4.987635;0.117751;-4.766567;-9.662423;-14.566307;-12.781590;-10.252750;-5.421471;-0.565886;4.309883,106.389061;120.204430;133.795395;132.636734;131.583801;130.626740;129.763702;115.696312;101.762085;103.094223;104.302101;105.397919,npp_d20151003_t1731466_e1737270_b20378,161.399,114.67,49.5098,98.9446,63.6907,67.4194
508,VBD_npp_d20151003_t1733052_x1120587E_y037685N_l0706_s0966_v23,2017-06-01 16:11:27,3.768512,112.058685,25.6344,2015-10-03 17:33:05,2015-10-04 01:33:05,706,966,0.0586414,4,100741,0.241719,0.0688604,0.370521,0.4,0.517204,0.75,0.0162294,0.0001,1.1006e-21,999999,7.305350e-01,3,Malaysian Exclusive Economic Zone,,,SVDNB_npp_d20151003_t1731466_e1737270_b20378_c20151003233728467558_noaa_ops.h5,GDNBO_npp_d20151003_t1731466_e1737270_b20378_c20151003233728467298_noaa_ops.h5,SVI04_npp_d20151003_t1731466_e1737270_b20378_c20151003233728541959_noaa_ops.dspace_rad,VNFF_npp_d20151003_t1731466_e1737270_b20378_v21.csv,World_EEZ_v8_2014.shp,WPP_BFAR_merge.shp,KKP_IDN_merge_20161208.shp,VNF-VBD_npp_20120301-20151231_global_asia-enhanced_c201607211230.bitmask,NCEI_NGA.union.nga_lead2.add_2015ntl.mask,timezone.shp,VBD_platforms-recurring_2015_r20170330.shp,999999,VBD_bridges_c20160811.shp,9.202956;7.293124;4.987635;0.117751;-4.766567;-9.662423;-14.566307;-12.781590;-10.252750;-5.421471;-0.565886;4.309883,106.389061;120.204430;133.795395;132.636734;131.583801;130.626740;129.763702;115.696312;101.762085;103.094223;104.302101;105.397919,npp_d20151003_t1731466_e1737270_b20378,161.97,91.4558,49.4656,98.6319,59.861,71.1139
509,VBD_npp_d20151003_t1735133_x1103614E_y037348S_l1863_s0966_v23,2017-06-01 16:11:27,-3.734765,110.361382,11.0462,2015-10-03 17:35:13,2015-10-04 00:35:13,1863,966,0.171526,7,2465,0.304218,0.120873,0.852425,0.4,0.680944,0.75,0.0137191,0.0001,2.5737e-24,999999,3.100047e-01,3,,,,SVDNB_npp_d20151003_t1731466_e1737270_b20378_c20151003233728467558_noaa_ops.h5,GDNBO_npp_d20151003_t1731466_e1737270_b20378_c20151003233728467298_noaa_ops.h5,SVI04_npp_d20151003_t1731466_e1737270_b20378_c20151003233728541959_noaa_ops.dspace_rad,VNFF_npp_d20151003_t1731466_e1737270_b20378_v21.csv,World_EEZ_v8_2014.shp,WPP_BFAR_merge.shp,KKP_IDN_merge_20161208.shp,VNF-VBD_npp_20120301-20151231_global_asia-enhanced_c201607211230.bitmask,NCEI_NGA.union.nga_lead2.add_2015ntl.mask,timezone.shp,VBD_platforms-recurring_2015_r20170330.shp,999999,VBD_bridges_c20160811.shp,9.202956;7.293124;4.987635;0.117751;-4.766567;-9.662423;-14.566307;-12.781590;-10.252750;-5.421471;-0.565886;4.309883,106.389061;120.204430;133.795395;132.636734;131.583801;130.626740;129.763702;115.696312;101.762085;103.094223;104.302101;105.397919,npp_d20151003_t1731466_e1737270_b20378,161.405,114.526,49.4781,99.3201,63.6593,67.4375
510,VBD_npp_d20151003_t1735240_x1102213E_y043155S_l1953_s0966_v23,2017-06-01 16:11:27,-4.315511,110.221344,15.9792,2015-10-03 17:35:24,2015-10-04 00:35:24,1953,966,0.318696,1,2529,0.530525,0.154787,0.865203,0.4,0.835655,0.75,0.0135866,0.0001,1.62615e-24,999999,-1.452504e-02,3,Indonesian Exclusive Economic Zone,WPP712,,SVDNB_npp_d20151003_t1731466_e1737270_b20378_c20151003233728467558_noaa_ops.h5,GDNBO_npp_d20151003_t1731466_e1737270_b20378_c20151003233728467298_noaa_ops.h5,SVI04_npp_d20151003_t1731466_e1737270_b20378_c20151003233728541959_noaa_ops.dspace_rad,VNFF_npp_d20151003_t1731466_e1737270_b20378_v21.csv,World_EEZ_v8_2014.shp,WPP_BFAR_merge.shp,KKP_IDN_merge_20161208.shp,VNF-VBD_npp_20120301-20151231_global_asia-enhanced_c201607211230.bitmask,NCEI_NGA.union.nga_lead2.add_2015ntl.mask,timezone.shp,VBD_platforms-recurring_2015_r20170330.shp,999999,VBD_bridges_c20160811.shp,9.202956;7.293124;4.987635;0.117751;-4.766567;-9.662423;-14.566307;-12.781590;-10.252750;-5.421471;-0.565886;4.309883,106.389061;120.204430;133.795395;132.636734;131.583801;130.626740;129.763702;115.696312;101.762085;103.094223;104.302101;105.397919,npp_d20151003_t1731466_e1737270_b20378,161.243,116.207,49.4778,99.7305,63.975,67.1899
511,VBD_npp_d20151003_t1735204_x1102643E_y041837S_l1932_s0967_v23,2017-06-01 16:11:27,-4.183747,110.264282,36.6355,2015-10-03 17:35:20,2015-10-04 00:35:20,1932,967,0.270256,1,2529,0.849429,0.150395,0.891894,0.4,0.914509,0.75,0.0136144,0.0001,1.68175e-24,999999,2.750992e-02,3,Indonesian Exclusive Economic Zone,WPP712,,SVDNB_npp_d20151003_t1731466_e1737270_b20378_c20151003233728467558_noaa_ops.h5,GDNBO_npp_d20151003_t1731466_e1737270_b20378_c20151003233728467298_noaa_ops.h5,SVI04_npp_d20151003_t1731466_e1737270_b20378_c20151003233728541959_noaa_ops.dspace_rad,VNFF_npp_d20151003_t1731466_e1737270_b20378_v21.csv,World_EEZ_v8_2014.shp,WPP_BFAR_merge.shp,KKP_IDN_merge_20161208.shp,VNF-VBD_npp_20120301-20151231_global_asia-enhanced_c201607211230.bitmask,NCEI_NGA.union.nga_lead2.add_2015ntl.mask,timezone.shp,VBD_platforms-recurring_2015_r20170330.shp,999999,VBD_bridges_c20160811.shp,9.202956;7.293124;4.987635;0.117751;-4.766567;-9.662423;-14.566307;-12.781590;-10.252750;-5.421471;-0.565886;4.309883,106.389061;120.204430;133.795395;132.636734;131.583801;130.626740;129.763702;115.696312;101.762085;103.094223;104.302101;105.397919,npp_d20151003_t1731466_e1737270_b20378,161.275,115.819,49.45,99.1096,63.8971,67.2439
512,VBD_npp_d20151003_t1735222_x1102493E_y042332S_l1940_s0967_v23,2017-06-01 16:11:27,-4.233202,110.249344,38.6215,2015-10-03 17:35:22,2015-10-04 00:35:22,1940,967,0.314997,1,2529,0.869065,0.136447,0.902275,0.4,0.927409,0.75,0.0136053,0.0001,1.81474e-24,999999,1.609816e-01,3,Indonesian Exclusive Economic Zone,WPP712,,SVDNB_npp_d20151003_t1731466_e1737270_b20378_c20151003233728467558_noaa_ops.h5,GDNBO_npp_d20151003_t1731466_e1737270_b20378_c20151003233728467298_noaa_ops.h5,SVI04_npp_d20151003_t1731466_e1737270_b20378_c20151003233728541959_noaa_ops.dspace_rad,VNFF_npp_d20151003_t1731466_e1737270_b20378_v21.csv,World_EEZ_v8_2014.shp,WPP_BFAR_merge.shp,KKP_IDN_merge_20161208.shp,VNF-VBD_npp_20120301-20151231_global_asia-enhanced_c201607211230.bitmask,NCEI_NGA.union.nga_lead2.add_2015ntl.mask,timezone.shp,VBD_platforms-recurring_2015_r20170330.shp,999999,VBD_bridges_c20160811.shp,9.202956;7.293124;4.987635;0.117751;-4.766567;-9.662423;-14.566307;-12.781590;-10.252750;-5.421471;-0.565886;4.309883,106.389061;120.204430;133.795395;132.636734;131.583801;130.626740;129.763702;115.696312;101.762085;103.094223;104.302101;105.397919,npp_d20151003_t1731466_e1737270_b20378,161.26,115.961,49.4468,99.5556,63.9236,67.2228
513,VBD_npp_d20151003_t1735240_x1102177E_y043774S_l1962_s0967_v23,2017-06-01 16:11:27,-4.377364,110.217682,38.7626,2015-10-03 17:35:24,2015-10-04 00:35:24,1962,967,0.339324,8,18913,0.912878,0.148636,0.873392,0.4,0.937725,0.75,0.0135801,0.0001,1.44409e-24,999999,4.434175e-02,3,Indonesian Exclusive Economic Zone,WPP712,,SVDNB_npp_d20151003_t1731466_e1737270_b20378_c20151003233728467558_noaa_ops.h5,GDNBO_npp_d20151003_t1731466_e1737270_b20378_c20151003233728467298_noaa_ops.h5,SVI04_npp_d20151003_t1731466_e1737270_b20378_c20151003233728541959_noaa_ops.dspace_rad,VNFF_npp_d20151003_t1731466_e1737270_b20378_v21.csv,World_EEZ_v8_2014.shp,WPP_BFAR_merge.shp,KKP_IDN_merge_20161208.shp,VNF-VBD_npp_20120301-20151231_global_asia-enhanced_c201607211230.bitmask,NCEI_NGA.union.nga_lead2.add_2015ntl.mask,timezone.shp,VBD_platforms-recurring_2015_r20170330.shp,0.437238,VBD_bridges_c20160811.shp,9.202956;7.293124;4.987635;0.117751;-4.766567;-9.662423;-14.566307;-12.781590;-10.252750;-5.421471;-0.565886;4.309883,106.389061;120.204430;133.795395;132.636734;131.583801;130.626740;129.763702;115.696312;101.762085;103.094223;104.302101;105.397919,npp_d20151003_t1731466_e1737270_b20378,161.219,116.375,49.4485,99.2464,64.0026,67.162
514,VBD_npp_d20151003_t1735258_x1101934E_y044738S_l1977_s0967_v23,2017-06-01 16:11:27,-4.473796,110.193398,45.3967,2015-10-03 17:35:25,2015-10-04 00:35:25,1977,967,0.353764,1,2529,0.972671,0.14674,0.872684,0.4,0.950218,0.75,0.0135629,0.0001,1.32422e-24,999999,6.247909e-02,3,Indonesian Exclusive Economic Zone,WPP712,,SVDNB_npp_d20151003_t1731466_e1737270_b20378_c20151003233728467558_noaa_ops.h5,GDNBO_npp_d20151003_t1731466_e1737270_b20378_c20151003233728467298_noaa_ops.h5,SVI04_npp_d20151003_t1731466_e1737270_b20378_c20151003233728541959_noaa_ops.dspace_rad,VNFF_npp_d20151003_t1731466_e1737270_b20378_v21.csv,World_EEZ_v8_2014.shp,WPP_BFAR_merge.shp,KKP_IDN_merge_20161208.shp,VNF-VBD_npp_20120301-20151231_global_asia-enhanced_c201607211230.bitmask,NCEI_NGA.union.nga_lead2.add_2015ntl.mask,timezone.shp,VBD_platforms-recurring_2015_r20170330.shp,999999,VBD_bridges_c20160811.shp,9.202956;7.293124;4.987635;0.117751;-4.766567;-9.662423;-14.566307;-12.781590;-10.252750;-5.421471;-0.565886;4.309883,106.389061;120.204430;133.795395;132.636734;131.583801;130.626740;129.763702;115.696312;101.762085;103.094223;104.302101;105.397919,npp_d20151003_t1731466_e1737270_b20378,161.191,116.652,49.4522,99.3166,64.0562,67.1217
515,VBD_npp_d20151003_t1735311_x1101202E_y047849S_l2025_s0967_v23,2017-06-01 16:11:27,-4.784855,110.120216,2.33784,2015-10-03 17:35:31,2015-10-04 00:35:31,2025,967,0.398292,1,2273,0.156798,0.136297,0.651375,0.4,0.795653,0.75,0.0134441,0.0001,9.88622e-25,999999,1.624167e-01,3,Indonesian Exclusive Economic Zone,WPP712,,SVDNB_npp_d20151003_t1731466_e1737270_b20378_c20151003233728467558_noaa_ops.h5,GDNBO_npp_d20151003_t1731466_e1737270_b20378_c20151003233728467298_noaa_ops.h5,SVI04_npp_d20151003_t1731466_e1737270_b20378_c20151003233728541959_noaa_ops.dspace_rad,VNFF_npp_d20151003_t1731466_e1737270_b20378_v21.csv,World_EEZ_v8_2014.shp,WPP_BFAR_merge.shp,KKP_IDN_merge_20161208.shp,VNF-VBD_npp_20120301-20151231_global_asia-enhanced_c201607211230.bitmask,NCEI_NGA.union.nga_lead2.add_2015ntl.mask,timezone.shp,VBD_platforms-recurring_2015_r20170330.shp,999999,VBD_bridges_c20160811.shp,9.202956;7.293124;4.987635;0.117751;-4.766567;-9.662423;-14.566307;-12.781590;-10.252750;-5.421471;-0.565886;4.309883,106.389061;120.204430;133.795395;132.636734;131.583801;130.626740;129.763702;115.696312;101.762085;103.094223;104.302101;105.397919,npp_d20151003_t1731466_e1737270_b20378,161.094,117.534,49.4485,99.3581,64.2262,66.9919
516,VBD_npp_d20151003_t1733052_x1120689E_y037463N_l0709_s0968_v23,2017-06-01 16:11:27,3.746259,112.068855,9.36509,2015-10-03 17:33:05,2015-10-04 01:33:05,709,968,0.0900813,7,100513,0.107958,0.105429,0.407053,0.4,0.283152,0.75,0.0162304,0.0001,1.18795e-21,999999,3.396096e-01,3,,,,SVDNB_npp_d20151003_t1731466_e1737270_b20378_c20151003233728467558_noaa_ops.h5,GDNBO_npp_d20151003_t1731466_e1737270_b20378_c20151003233728467298_noaa_ops.h5,SVI04_npp_d20151003_t1731466_e1737270_b20378_c20151003233728541959_noaa_ops.dspace_rad,VNFF_npp_d20151003_t1731466_e1737270_b20378_v21.csv,World_EEZ_v8_2014.shp,WPP_BFAR_merge.shp,KKP_IDN_merge_20161208.shp,VNF-VBD_npp_20120301-20151231_global_asia-enhanced_c201607211230.bitmask,NCEI_NGA.union.nga_lead2.add_2015ntl.mask,timezone.shp,VBD_platforms-recurring_2015_r20170330.shp,999999,VBD_bridges_c20160811.shp,9.202956;7.293124;4.987635;0.117751;-4.766567;-9.662423;-14.566307;-12.781590;-10.252750;-5.421471;-0.565886;4.309883,106.389061;120.204430;133.795395;132.636734;131.583801;130.626740;129.763702;115.696312;101.762085;103.094223;104.302101;105.397919,npp_d20151003_t1731466_e1737270_b20378,161.959,91.524,49.4057,98.4712,59.8586,71.1
517,VBD_npp_d20151003_t1735133_x1103757E_y037302S_l1862_s0968_v23,2017-06-01 16:11:27,-3.730210,110.375725,40.3702,2015-10-03 17:35:13,2015-10-04 00:35:13,1862,968,0.260653,2,2465,0.801113,0.160442,0.852576,0.4,0.740656,0.75,0.0137292,0.0001,3.02654e-24,999999,-6.863159e-02,3,Indonesian Exclusive Economic Zone,WPP712,,SVDNB_npp_d20151003_t1731466_e1737270_b20378_c20151003233728467558_noaa_ops.h5,GDNBO_npp_d20151003_t1731466_e1737270_b20378_c20151003233728467298_noaa_ops.h5,SVI04_npp_d20151003_t1731466_e1737270_b20378_c20151003233728541959_noaa_ops.dspace_rad,VNFF_npp_d20151003_t1731466_e1737270_b20378_v21.csv,World_EEZ_v8_2014.shp,WPP_BFAR_merge.shp,KKP_IDN_merge_20161208.shp,VNF-VBD_npp_20120301-20151231_global_asia-enhanced_c201607211230.bitmask,NCEI_NGA.union.nga_lead2.add_2015ntl.mask,timezone.shp,VBD_platforms-recurring_2015_r20170330.shp,999999,VBD_bridges_c20160811.shp,9.202956;7.293124;4.987635;0.117751;-4.766567;-9.662423;-14.566307;-12.781590;-10.252750;-5.421471;-0.565886;4.309883,106.389061;120.204430;133.795395;132.636734;131.583801;130.626740;129.763702;115.696312;101.762085;103.094223;104.302101;105.397919,npp_d20151003_t1731466_e1737270_b20378,161.394,114.496,49.4181,99.373,63.6442,67.4359
518,VBD_npp_d20151003_t1735133_x1103723E_y037504S_l1865_s0968_v23,2017-06-01 16:11:27,-3.750445,110.372330,20.188,2015-10-03 17:35:13,2015-10-04 00:35:13,1865,968,0.195426,8,18913,0.532823,0.151082,0.872056,0.4,0.813229,0.75,0.0137215,0.0001,2.84409e-24,999999,2.093676e-02,3,Indonesian Exclusive Economic Zone,WPP712,,SVDNB_npp_d20151003_t1731466_e1737270_b20378_c20151003233728467558_noaa_ops.h5,GDNBO_npp_d20151003_t1731466_e1737270_b20378_c20151003233728467298_noaa_ops.h5,SVI04_npp_d20151003_t1731466_e1737270_b20378_c20151003233728541959_noaa_ops.dspace_rad,VNFF_npp_d20151003_t1731466_e1737270_b20378_v21.csv,World_EEZ_v8_2014.shp,WPP_BFAR_merge.shp,KKP_IDN_merge_20161208.shp,VNF-VBD_npp_20120301-20151231_global_asia-enhanced_c201607211230.bitmask,NCEI_NGA.union.nga_lead2.add_2015ntl.mask,timezone.shp,VBD_platforms-recurring_2015_r20170330.shp,0.990064,VBD_bridges_c20160811.shp,9.202956;7.293124;4.987635;0.117751;-4.766567;-9.662423;-14.566307;-12.781590;-10.252750;-5.421471;-0.565886;4.309883,106.389061;120.204430;133.795395;132.636734;131.583801;130.626740;129.763702;115.696312;101.762085;103.094223;104.302101;105.397919,npp_d20151003_t1731466_e1737270_b20378,161.389,114.555,49.4185,99.2117,63.6552,67.4272
519,VBD_npp_d20151003_t1735133_x1103678E_y037774S_l1869_s0968_v23,2017-06-01 16:11:27,-3.777423,110.367798,9.31386,2015-10-03 17:35:13,2015-10-04 00:35:13,1869,968,0.165053,7,2465,0.314456,0.160139,0.871706,0.4,0.702429,0.75,0.0137112,0.0001,2.61579e-24,999999,-6.573852e-02,3,,,,SVDNB_npp_d20151003_t1731466_e1737270_b20378_c20151003233728467558_noaa_ops.h5,GDNBO_npp_d20151003_t1731466_e1737270_b20378_c20151003233728467298_noaa_ops.h5,SVI04_npp_d20151003_t1731466_e1737270_b20378_c20151003233728541959_noaa_ops.dspace_rad,VNFF_npp_d20151003_t1731466_e1737270_b20378_v21.csv,World_EEZ_v8_2014.shp,WPP_BFAR_merge.shp,KKP_IDN_merge_20161208.shp,VNF-VBD_npp_20120301-20151231_global_asia-enhanced_c201607211230.bitmask,NCEI_NGA.union.nga_lead2.add_2015ntl.mask,timezone.shp,VBD_platforms-recurring_2015_r20170330.shp,999999,VBD_bridges_c20160811.shp,9.202956;7.293124;4.987635;0.117751;-4.766567;-9.662423;-14.566307;-12.781590;-10.252750;-5.421471;-0.565886;4.309883,106.389061;120.204430;133.795395;132.636734;131.583801;130.626740;129.763702;115.696312;101.762085;103.094223;104.302101;105.397919,npp_d20151003_t1731466_e1737270_b20378,161.382,114.633,49.4195,98.9965,63.6698,67.4156
520,VBD_npp_d20151003_t1735187_x1103045E_y040687S_l1914_s0969_v23,2017-06-01 16:11:27,-4.068659,110.304535,27.9996,2015-10-03 17:35:18,2015-10-04 00:35:18,1914,969,0.240452,1,2529,0.757643,0.129742,0.848538,0.4,0.897685,0.75,0.0136425,0.0001,2.23822e-24,999999,2.251406e-01,3,Indonesian Exclusive Economic Zone,WPP712,,SVDNB_npp_d20151003_t1731466_e1737270_b20378_c20151003233728467558_noaa_ops.h5,GDNBO_npp_d20151003_t1731466_e1737270_b20378_c20151003233728467298_noaa_ops.h5,SVI04_npp_d20151003_t1731466_e1737270_b20378_c20151003233728541959_noaa_ops.dspace_rad,VNFF_npp_d20151003_t1731466_e1737270_b20378_v21.csv,World_EEZ_v8_2014.shp,WPP_BFAR_merge.shp,KKP_IDN_merge_20161208.shp,VNF-VBD_npp_20120301-20151231_global_asia-enhanced_c201607211230.bitmask,NCEI_NGA.union.nga_lead2.add_2015ntl.mask,timezone.shp,VBD_platforms-recurring_2015_r20170330.shp,999999,VBD_bridges_c20160811.shp,9.202956;7.293124;4.987635;0.117751;-4.766567;-9.662423;-14.566307;-12.781590;-10.252750;-5.421471;-0.565886;4.309883,106.389061;120.204430;133.795395;132.636734;131.583801;130.626740;129.763702;115.696312;101.762085;103.094223;104.302101;105.397919,npp_d20151003_t1731466_e1737270_b20378,161.296,115.469,49.3886,99.2034,63.8216,67.2891
521,VBD_npp_d20151003_t1735276_x1101966E_y045338S_l1986_s0970_v23,2017-06-01 16:11:27,-4.533759,110.196648,24.3494,2015-10-03 17:35:27,2015-10-04 00:35:27,1986,970,0.360592,1,2529,0.81128,0.146433,0.8658,0.4,0.912371,0.75,0.0135592,0.0001,1.72543e-24,999999,6.541705e-02,3,Indonesian Exclusive Economic Zone,WPP712,,SVDNB_npp_d20151003_t1731466_e1737270_b20378_c20151003233728467558_noaa_ops.h5,GDNBO_npp_d20151003_t1731466_e1737270_b20378_c20151003233728467298_noaa_ops.h5,SVI04_npp_d20151003_t1731466_e1737270_b20378_c20151003233728541959_noaa_ops.dspace_rad,VNFF_npp_d20151003_t1731466_e1737270_b20378_v21.csv,World_EEZ_v8_2014.shp,WPP_BFAR_merge.shp,KKP_IDN_merge_20161208.shp,VNF-VBD_npp_20120301-20151231_global_asia-enhanced_c201607211230.bitmask,NCEI_NGA.union.nga_lead2.add_2015ntl.mask,timezone.shp,VBD_platforms-recurring_2015_r20170330.shp,999999,VBD_bridges_c20160811.shp,9.202956;7.293124;4.987635;0.117751;-4.766567;-9.662423;-14.566307;-12.781590;-10.252750;-5.421471;-0.565886;4.309883,106.389061;120.204430;133.795395;132.636734;131.583801;130.626740;129.763702;115.696312;101.762085;103.094223;104.302101;105.397919,npp_d20151003_t1731466_e1737270_b20378,161.154,116.794,49.3614,99.7041,64.0701,67.091
522,VBD_npp_d20151003_t1735382_x1100349E_y052361S_l2094_s0970_v23,2017-06-01 16:11:27,-5.236120,110.034943,18.4441,2015-10-03 17:35:38,2015-10-04 00:35:38,2094,970,0.364931,1,2529,0.683059,0.148744,0.84219,0.4,0.924099,0.75,0.0132719,0.0001,7.31145e-25,999999,4.330398e-02,3,Indonesian Exclusive Economic Zone,WPP712,,SVDNB_npp_d20151003_t1731466_e1737270_b20378_c20151003233728467558_noaa_ops.h5,GDNBO_npp_d20151003_t1731466_e1737270_b20378_c20151003233728467298_noaa_ops.h5,SVI04_npp_d20151003_t1731466_e1737270_b20378_c20151003233728541959_noaa_ops.dspace_rad,VNFF_npp_d20151003_t1731466_e1737270_b20378_v21.csv,World_EEZ_v8_2014.shp,WPP_BFAR_merge.shp,KKP_IDN_merge_20161208.shp,VNF-VBD_npp_20120301-20151231_global_asia-enhanced_c201607211230.bitmask,NCEI_NGA.union.nga_lead2.add_2015ntl.mask,timezone.shp,VBD_platforms-recurring_2015_r20170330.shp,999999,VBD_bridges_c20160811.shp,9.202956;7.293124;4.987635;0.117751;-4.766567;-9.662423;-14.566307;-12.781590;-10.252750;-5.421471;-0.565886;4.309883,106.389061;120.204430;133.795395;132.636734;131.583801;130.626740;129.763702;115.696312;101.762085;103.094223;104.302101;105.397919,npp_d20151003_t1731466_e1737270_b20378,160.93,118.771,49.361,99.1445,64.4569,66.8007
523,VBD_npp_d20151003_t1735222_x1102746E_y042444S_l1941_s0971_v23,2017-06-01 16:11:27,-4.244379,110.274567,31.6477,2015-10-03 17:35:22,2015-10-04 00:35:22,1941,971,0.274026,1,2529,0.784842,0.150183,0.91057,0.4,0.919255,0.75,0.0136192,0.0001,2.3619e-24,999999,2.953647e-02,3,Indonesian Exclusive Economic Zone,WPP712,,SVDNB_npp_d20151003_t1731466_e1737270_b20378_c20151003233728467558_noaa_ops.h5,GDNBO_npp_d20151003_t1731466_e1737270_b20378_c20151003233728467298_noaa_ops.h5,SVI04_npp_d20151003_t1731466_e1737270_b20378_c20151003233728541959_noaa_ops.dspace_rad,VNFF_npp_d20151003_t1731466_e1737270_b20378_v21.csv,World_EEZ_v8_2014.shp,WPP_BFAR_merge.shp,KKP_IDN_merge_20161208.shp,VNF-VBD_npp_20120301-20151231_global_asia-enhanced_c201607211230.bitmask,NCEI_NGA.union.nga_lead2.add_2015ntl.mask,timezone.shp,VBD_platforms-recurring_2015_r20170330.shp,999999,VBD_bridges_c20160811.shp,9.202956;7.293124;4.987635;0.117751;-4.766567;-9.662423;-14.566307;-12.781590;-10.252750;-5.421471;-0.565886;4.309883,106.389061;120.204430;133.795395;132.636734;131.583801;130.626740;129.763702;115.696312;101.762085;103.094223;104.302101;105.397919,npp_d20151003_t1731466_e1737270_b20378,161.233,115.956,49.327,99.5001,63.9046,67.2107
524,VBD_npp_d20151003_t1735222_x1102743E_y042859S_l1947_s0972_v23,2017-06-01 16:11:27,-4.285873,110.274315,58.6663,2015-10-03 17:35:22,2015-10-04 00:35:22,1947,972,0.284411,1,2529,1.02666,0.146297,0.875517,0.4,0.945789,0.75,0.013616,0.0001,2.23436e-24,999999,6.672541e-02,3,Indonesian Exclusive Economic Zone,WPP712,,SVDNB_npp_d20151003_t1731466_e1737270_b20378_c20151003233728467558_noaa_ops.h5,GDNBO_npp_d20151003_t1731466_e1737270_b20378_c20151003233728467298_noaa_ops.h5,SVI04_npp_d20151003_t1731466_e1737270_b20378_c20151003233728541959_noaa_ops.dspace_rad,VNFF_npp_d20151003_t1731466_e1737270_b20378_v21.csv,World_EEZ_v8_2014.shp,WPP_BFAR_merge.shp,KKP_IDN_merge_20161208.shp,VNF-VBD_npp_20120301-20151231_global_asia-enhanced_c201607211230.bitmask,NCEI_NGA.union.nga_lead2.add_2015ntl.mask,timezone.shp,VBD_platforms-recurring_2015_r20170330.shp,999999,VBD_bridges_c20160811.shp,9.202956;7.293124;4.987635;0.117751;-4.766567;-9.662423;-14.566307;-12.781590;-10.252750;-5.421471;-0.565886;4.309883,106.389061;120.204430;133.795395;132.636734;131.583801;130.626740;129.763702;115.696312;101.762085;103.094223;104.302101;105.397919,npp_d20151003_t1731466_e1737270_b20378,161.215,116.066,49.298,99.1764,63.921,67.1914
525,VBD_npp_d20151003_t1735133_x1104064E_y037491S_l1864_s0973_v23,2017-06-01 16:11:27,-3.749136,110.406364,14.856,2015-10-03 17:35:13,2015-10-04 00:35:13,1864,973,0.359099,1,2529,0.512781,0.153808,0.881829,0.4,0.817999,0.75,0.0137429,0.0001,4.12484e-24,999999,-5.152098e-03,3,Indonesian Exclusive Economic Zone,WPP712,,SVDNB_npp_d20151003_t1731466_e1737270_b20378_c20151003233728467558_noaa_ops.h5,GDNBO_npp_d20151003_t1731466_e1737270_b20378_c20151003233728467298_noaa_ops.h5,SVI04_npp_d20151003_t1731466_e1737270_b20378_c20151003233728541959_noaa_ops.dspace_rad,VNFF_npp_d20151003_t1731466_e1737270_b20378_v21.csv,World_EEZ_v8_2014.shp,WPP_BFAR_merge.shp,KKP_IDN_merge_20161208.shp,VNF-VBD_npp_20120301-20151231_global_asia-enhanced_c201607211230.bitmask,NCEI_NGA.union.nga_lead2.add_2015ntl.mask,timezone.shp,VBD_platforms-recurring_2015_r20170330.shp,999999,VBD_bridges_c20160811.shp,9.202956;7.293124;4.987635;0.117751;-4.766567;-9.662423;-14.566307;-12.781590;-10.252750;-5.421471;-0.565886;4.309883,106.389061;120.204430;133.795395;132.636734;131.583801;130.626740;129.763702;115.696312;101.762085;103.094223;104.302101;105.397919,npp_d20151003_t1731466_e1737270_b20378,161.359,114.507,49.2686,99.2632,63.6231,67.4189
526,VBD_npp_d20151003_t1735133_x1104030E_y037693S_l1867_s0973_v23,2017-06-01 16:11:27,-3.769324,110.402969,36.1384,2015-10-03 17:35:13,2015-10-04 00:35:13,1867,973,0.331784,1,2529,0.816926,0.136001,0.883178,0.4,0.921914,0.75,0.0137352,0.0001,3.87649e-24,999999,1.652462e-01,3,Indonesian Exclusive Economic Zone,WPP712,,SVDNB_npp_d20151003_t1731466_e1737270_b20378_c20151003233728467558_noaa_ops.h5,GDNBO_npp_d20151003_t1731466_e1737270_b20378_c20151003233728467298_noaa_ops.h5,SVI04_npp_d20151003_t1731466_e1737270_b20378_c20151003233728541959_noaa_ops.dspace_rad,VNFF_npp_d20151003_t1731466_e1737270_b20378_v21.csv,World_EEZ_v8_2014.shp,WPP_BFAR_merge.shp,KKP_IDN_merge_20161208.shp,VNF-VBD_npp_20120301-20151231_global_asia-enhanced_c201607211230.bitmask,NCEI_NGA.union.nga_lead2.add_2015ntl.mask,timezone.shp,VBD_platforms-recurring_2015_r20170330.shp,999999,VBD_bridges_c20160811.shp,9.202956;7.293124;4.987635;0.117751;-4.766567;-9.662423;-14.566307;-12.781590;-10.252750;-5.421471;-0.565886;4.309883,106.389061;120.204430;133.795395;132.636734;131.583801;130.626740;129.763702;115.696312;101.762085;103.094223;104.302101;105.397919,npp_d20151003_t1731466_e1737270_b20378,161.353,114.566,49.2692,99.1015,63.6341,67.4102
527,VBD_npp_d20151003_t1735204_x1103140E_y041297S_l1923_s0973_v23,2017-06-01 16:11:27,-4.129681,110.314034,16.3193,2015-10-03 17:35:20,2015-10-04 00:35:20,1923,973,0.202326,1,2529,0.574789,0.150443,0.825589,0.4,0.894757,0.75,0.0136473,0.0001,3.1085e-24,999999,2.705149e-02,3,Indonesian Exclusive Economic Zone,WPP712,,SVDNB_npp_d20151003_t1731466_e1737270_b20378_c20151003233728467558_noaa_ops.h5,GDNBO_npp_d20151003_t1731466_e1737270_b20378_c20151003233728467298_noaa_ops.h5,SVI04_npp_d20151003_t1731466_e1737270_b20378_c20151003233728541959_noaa_ops.dspace_rad,VNFF_npp_d20151003_t1731466_e1737270_b20378_v21.csv,World_EEZ_v8_2014.shp,WPP_BFAR_merge.shp,KKP_IDN_merge_20161208.shp,VNF-VBD_npp_20120301-20151231_global_asia-enhanced_c201607211230.bitmask,NCEI_NGA.union.nga_lead2.add_2015ntl.mask,timezone.shp,VBD_platforms-recurring_2015_r20170330.shp,999999,VBD_bridges_c20160811.shp,9.202956;7.293124;4.987635;0.117751;-4.766567;-9.662423;-14.566307;-12.781590;-10.252750;-5.421471;-0.565886;4.309883,106.389061;120.204430;133.795395;132.636734;131.583801;130.626740;129.763702;115.696312;101.762085;103.094223;104.302101;105.397919,npp_d20151003_t1731466_e1737270_b20378,161.254,115.609,49.2691,99.5911,63.8299,67.2559
528,VBD_npp_d20151003_t1735204_x1103004E_y042104S_l1935_s0973_v23,2017-06-01 16:11:27,-4.210423,110.300385,16.0961,2015-10-03 17:35:20,2015-10-04 00:35:20,1935,973,0.252758,1,2529,0.540028,0.149315,0.901034,0.4,0.845803,0.75,0.0136335,0.0001,2.41603e-24,999999,3.784098e-02,3,Indonesian Exclusive Economic Zone,WPP712,,SVDNB_npp_d20151003_t1731466_e1737270_b20378_c20151003233728467558_noaa_ops.h5,GDNBO_npp_d20151003_t1731466_e1737270_b20378_c20151003233728467298_noaa_ops.h5,SVI04_npp_d20151003_t1731466_e1737270_b20378_c20151003233728541959_noaa_ops.dspace_rad,VNFF_npp_d20151003_t1731466_e1737270_b20378_v21.csv,World_EEZ_v8_2014.shp,WPP_BFAR_merge.shp,KKP_IDN_merge_20161208.shp,VNF-VBD_npp_20120301-20151231_global_asia-enhanced_c201607211230.bitmask,NCEI_NGA.union.nga_lead2.add_2015ntl.mask,timezone.shp,VBD_platforms-recurring_2015_r20170330.shp,999999,VBD_bridges_c20160811.shp,9.202956;7.293124;4.987635;0.117751;-4.766567;-9.662423;-14.566307;-12.781590;-10.252750;-5.421471;-0.565886;4.309883,106.389061;120.204430;133.795395;132.636734;131.583801;130.626740;129.763702;115.696312;101.762085;103.094223;104.302101;105.397919,npp_d20151003_t1731466_e1737270_b20378,161.231,115.841,49.2713,98.9443,63.874,67.2216
529,VBD_npp_d20151003_t1732492_x1123054E_y046356N_l0571_s0974_v23,2017-06-01 16:11:27,4.635626,112.305397,2.39671,2015-10-03 17:32:49,2015-10-04 01:32:49,571,974,0.340533,4,51365,0.144647,0.137869,0.474816,0.4,0.725595,0.75,0.0165614,0.0001,2.88683e-21,999999,-7.175318e-03,3,Malaysian Exclusive Economic Zone,,,SVDNB_npp_d20151003_t1731466_e1737270_b20378_c20151003233728467558_noaa_ops.h5,GDNBO_npp_d20151003_t1731466_e1737270_b20378_c20151003233728467298_noaa_ops.h5,SVI04_npp_d20151003_t1731466_e1737270_b20378_c20151003233728541959_noaa_ops.dspace_rad,VNFF_npp_d20151003_t1731466_e1737270_b20378_v21.csv,World_EEZ_v8_2014.shp,WPP_BFAR_merge.shp,KKP_IDN_merge_20161208.shp,VNF-VBD_npp_20120301-20151231_global_asia-enhanced_c201607211230.bitmask,NCEI_NGA.union.nga_lead2.add_2015ntl.mask,timezone.shp,VBD_platforms-recurring_2015_r20170330.shp,0.248852,VBD_bridges_c20160811.shp,9.202956;7.293124;4.987635;0.117751;-4.766567;-9.662423;-14.566307;-12.781590;-10.252750;-5.421471;-0.565886;4.309883,106.389061;120.204430;133.795395;132.636734;131.583801;130.626740;129.763702;115.696312;101.762085;103.094223;104.302101;105.397919,npp_d20151003_t1731466_e1737270_b20378,161.792,88.8173,49.2259,98.0441,59.4075,71.5895
530,VBD_npp_d20151003_t1735133_x1104226E_y037725S_l1867_s0976_v23,2017-06-01 16:11:27,-3.772543,110.422638,47.3114,2015-10-03 17:35:13,2015-10-04 00:35:13,1867,976,0.364291,1,2529,0.94577,0.14973,0.87693,0.4,0.9457,0.75,0.0137465,0.0001,4.77844e-24,999999,3.387270e-02,3,Indonesian Exclusive Economic Zone,WPP712,,SVDNB_npp_d20151003_t1731466_e1737270_b20378_c20151003233728467558_noaa_ops.h5,GDNBO_npp_d20151003_t1731466_e1737270_b20378_c20151003233728467298_noaa_ops.h5,SVI04_npp_d20151003_t1731466_e1737270_b20378_c20151003233728541959_noaa_ops.dspace_rad,VNFF_npp_d20151003_t1731466_e1737270_b20378_v21.csv,World_EEZ_v8_2014.shp,WPP_BFAR_merge.shp,KKP_IDN_merge_20161208.shp,VNF-VBD_npp_20120301-20151231_global_asia-enhanced_c201607211230.bitmask,NCEI_NGA.union.nga_lead2.add_2015ntl.mask,timezone.shp,VBD_platforms-recurring_2015_r20170330.shp,999999,VBD_bridges_c20160811.shp,9.202956;7.293124;4.987635;0.117751;-4.766567;-9.662423;-14.566307;-12.781590;-10.252750;-5.421471;-0.565886;4.309883,106.389061;120.204430;133.795395;132.636734;131.583801;130.626740;129.763702;115.696312;101.762085;103.094223;104.302101;105.397919,npp_d20151003_t1731466_e1737270_b20378,161.334,114.549,49.1794,99.0999,63.617,67.4035
531,VBD_npp_d20151003_t1735222_x1103150E_y042443S_l1940_s0977_v23,2017-06-01 16:11:27,-4.244269,110.315033,34.9615,2015-10-03 17:35:22,2015-10-04 00:35:22,1940,977,0.253114,8,18913,0.841922,0.152373,0.903903,0.4,0.920923,0.75,0.0136428,0.0001,3.67861e-24,999999,8.575967e-03,3,Indonesian Exclusive Economic Zone,WPP712,,SVDNB_npp_d20151003_t1731466_e1737270_b20378_c20151003233728467558_noaa_ops.h5,GDNBO_npp_d20151003_t1731466_e1737270_b20378_c20151003233728467298_noaa_ops.h5,SVI04_npp_d20151003_t1731466_e1737270_b20378_c20151003233728541959_noaa_ops.dspace_rad,VNFF_npp_d20151003_t1731466_e1737270_b20378_v21.csv,World_EEZ_v8_2014.shp,WPP_BFAR_merge.shp,KKP_IDN_merge_20161208.shp,VNF-VBD_npp_20120301-20151231_global_asia-enhanced_c201607211230.bitmask,NCEI_NGA.union.nga_lead2.add_2015ntl.mask,timezone.shp,VBD_platforms-recurring_2015_r20170330.shp,0.330395,VBD_bridges_c20160811.shp,9.202956;7.293124;4.987635;0.117751;-4.766567;-9.662423;-14.566307;-12.781590;-10.252750;-5.421471;-0.565886;4.309883,106.389061;120.204430;133.795395;132.636734;131.583801;130.626740;129.763702;115.696312;101.762085;103.094223;104.302101;105.397919,npp_d20151003_t1731466_e1737270_b20378,161.197,115.901,49.1475,99.5515,63.8671,67.1998
532,VBD_npp_d20151003_t1735258_x1102660E_y044444S_l1971_s0977_v23,2017-06-01 16:11:27,-4.444444,110.265976,22.3384,2015-10-03 17:35:25,2015-10-04 00:35:25,1971,977,0.308738,1,2529,0.698938,0.177237,0.860331,0.4,0.858923,0.75,0.0136073,0.0001,3.05861e-24,999999,-2.293470e-01,3,Indonesian Exclusive Economic Zone,WPP712,,SVDNB_npp_d20151003_t1731466_e1737270_b20378_c20151003233728467558_noaa_ops.h5,GDNBO_npp_d20151003_t1731466_e1737270_b20378_c20151003233728467298_noaa_ops.h5,SVI04_npp_d20151003_t1731466_e1737270_b20378_c20151003233728541959_noaa_ops.dspace_rad,VNFF_npp_d20151003_t1731466_e1737270_b20378_v21.csv,World_EEZ_v8_2014.shp,WPP_BFAR_merge.shp,KKP_IDN_merge_20161208.shp,VNF-VBD_npp_20120301-20151231_global_asia-enhanced_c201607211230.bitmask,NCEI_NGA.union.nga_lead2.add_2015ntl.mask,timezone.shp,VBD_platforms-recurring_2015_r20170330.shp,999999,VBD_bridges_c20160811.shp,9.202956;7.293124;4.987635;0.117751;-4.766567;-9.662423;-14.566307;-12.781590;-10.252750;-5.421471;-0.565886;4.309883,106.389061;120.204430;133.795395;132.636734;131.583801;130.626740;129.763702;115.696312;101.762085;103.094223;104.302101;105.397919,npp_d20151003_t1731466_e1737270_b20378,161.139,116.474,49.1524,99.635,63.9775,67.1155
533,VBD_npp_d20151003_t1735329_x1101687E_y048521S_l2034_s0977_v23,2017-06-01 16:11:27,-4.852057,110.168663,48.3606,2015-10-03 17:35:32,2015-10-04 00:35:32,2034,977,0.379015,1,2529,1.03033,0.152102,0.892041,0.4,0.957874,0.75,0.0134576,0.0001,2.11192e-24,999999,1.117190e-02,3,Indonesian Exclusive Economic Zone,WPP712,,SVDNB_npp_d20151003_t1731466_e1737270_b20378_c20151003233728467558_noaa_ops.h5,GDNBO_npp_d20151003_t1731466_e1737270_b20378_c20151003233728467298_noaa_ops.h5,SVI04_npp_d20151003_t1731466_e1737270_b20378_c20151003233728541959_noaa_ops.dspace_rad,VNFF_npp_d20151003_t1731466_e1737270_b20378_v21.csv,World_EEZ_v8_2014.shp,WPP_BFAR_merge.shp,KKP_IDN_merge_20161208.shp,VNF-VBD_npp_20120301-20151231_global_asia-enhanced_c201607211230.bitmask,NCEI_NGA.union.nga_lead2.add_2015ntl.mask,timezone.shp,VBD_platforms-recurring_2015_r20170330.shp,999999,VBD_bridges_c20160811.shp,9.202956;7.293124;4.987635;0.117751;-4.766567;-9.662423;-14.566307;-12.781590;-10.252750;-5.421471;-0.565886;4.309883,106.389061;120.204430;133.795395;132.636734;131.583801;130.626740;129.763702;115.696312;101.762085;103.094223;104.302101;105.397919,npp_d20151003_t1731466_e1737270_b20378,161.014,117.628,49.1517,99.7464,64.2013,66.9453
534,VBD_npp_d20151003_t1736031_x1097314E_y066856S_l2317_s0977_v23,2017-06-01 16:11:27,-6.685603,109.731430,5.08392,2015-10-03 17:36:03,2015-10-04 00:36:03,2317,977,0.392388,1,2529,0.335088,0.17634,0.713056,0.4,0.833672,0.75,0.0127068,0.0001,2.86972e-25,999999,-1.942299e-01,3,Indonesian Exclusive Economic Zone,WPP712,,SVDNB_npp_d20151003_t1731466_e1737270_b20378_c20151003233728467558_noaa_ops.h5,GDNBO_npp_d20151003_t1731466_e1737270_b20378_c20151003233728467298_noaa_ops.h5,SVI04_npp_d20151003_t1731466_e1737270_b20378_c20151003233728541959_noaa_ops.dspace_rad,VNFF_npp_d20151003_t1731466_e1737270_b20378_v21.csv,World_EEZ_v8_2014.shp,WPP_BFAR_merge.shp,KKP_IDN_merge_20161208.shp,VNF-VBD_npp_20120301-20151231_global_asia-enhanced_c201607211230.bitmask,NCEI_NGA.union.nga_lead2.add_2015ntl.mask,timezone.shp,VBD_platforms-recurring_2015_r20170330.shp,999999,VBD_bridges_c20160811.shp,9.202956;7.293124;4.987635;0.117751;-4.766567;-9.662423;-14.566307;-12.781590;-10.252750;-5.421471;-0.565886;4.309883,106.389061;120.204430;133.795395;132.636734;131.583801;130.626740;129.763702;115.696312;101.762085;103.094223;104.302101;105.397919,npp_d20151003_t1731466_e1737270_b20378,160.36,122.63,49.1522,99.4041,65.2258,66.2122
535,VBD_npp_d20151003_t1736067_x1096947E_y068465S_l2342_s0978_v23,2017-06-01 16:11:27,-6.846478,109.694672,4.21183,2015-10-03 17:36:06,2015-10-04 00:36:06,2342,978,0.386057,2,2465,0.211163,0.194708,0.508248,0.4,0.695341,0.75,0.0126437,0.0001,2.89349e-25,999999,-3.672398e-01,3,Indonesian Exclusive Economic Zone,WPP712,,SVDNB_npp_d20151003_t1731466_e1737270_b20378_c20151003233728467558_noaa_ops.h5,GDNBO_npp_d20151003_t1731466_e1737270_b20378_c20151003233728467298_noaa_ops.h5,SVI04_npp_d20151003_t1731466_e1737270_b20378_c20151003233728541959_noaa_ops.dspace_rad,VNFF_npp_d20151003_t1731466_e1737270_b20378_v21.csv,World_EEZ_v8_2014.shp,WPP_BFAR_merge.shp,KKP_IDN_merge_20161208.shp,VNF-VBD_npp_20120301-20151231_global_asia-enhanced_c201607211230.bitmask,NCEI_NGA.union.nga_lead2.add_2015ntl.mask,timezone.shp,VBD_platforms-recurring_2015_r20170330.shp,999999,VBD_bridges_c20160811.shp,9.202956;7.293124;4.987635;0.117751;-4.766567;-9.662423;-14.566307;-12.781590;-10.252750;-5.421471;-0.565886;4.309883,106.389061;120.204430;133.795395;132.636734;131.583801;130.626740;129.763702;115.696312;101.762085;103.094223;104.302101;105.397919,npp_d20151003_t1731466_e1737270_b20378,160.291,123.044,49.1257,99.8114,65.3118,66.1486
536,VBD_npp_d20151003_t1735187_x1103780E_y040325S_l1907_s0979_v23,2017-06-01 16:11:27,-4.032509,110.378006,15.6416,2015-10-03 17:35:18,2015-10-04 00:35:18,1907,979,0.186393,1,2529,0.569589,0.145387,0.802471,0.4,0.869911,0.75,0.0136882,0.0001,5.21872e-24,999999,7.543325e-02,3,Indonesian Exclusive Economic Zone,WPP712,,SVDNB_npp_d20151003_t1731466_e1737270_b20378_c20151003233728467558_noaa_ops.h5,GDNBO_npp_d20151003_t1731466_e1737270_b20378_c20151003233728467298_noaa_ops.h5,SVI04_npp_d20151003_t1731466_e1737270_b20378_c20151003233728541959_noaa_ops.dspace_rad,VNFF_npp_d20151003_t1731466_e1737270_b20378_v21.csv,World_EEZ_v8_2014.shp,WPP_BFAR_merge.shp,KKP_IDN_merge_20161208.shp,VNF-VBD_npp_20120301-20151231_global_asia-enhanced_c201607211230.bitmask,NCEI_NGA.union.nga_lead2.add_2015ntl.mask,timezone.shp,VBD_platforms-recurring_2015_r20170330.shp,999999,VBD_bridges_c20160811.shp,9.202956;7.293124;4.987635;0.117751;-4.766567;-9.662423;-14.566307;-12.781590;-10.252750;-5.421471;-0.565886;4.309883,106.389061;120.204430;133.795395;132.636734;131.583801;130.626740;129.763702;115.696312;101.762085;103.094223;104.302101;105.397919,npp_d20151003_t1731466_e1737270_b20378,161.245,115.275,49.0887,99.5764,63.7394,67.2864
537,VBD_npp_d20151003_t1735169_x1104107E_y039168S_l1889_s0980_v23,2017-06-01 16:11:27,-3.916759,110.410652,39.4402,2015-10-03 17:35:16,2015-10-04 00:35:16,1889,980,0.265277,1,2529,0.872686,0.15065,0.878727,0.4,0.929093,0.75,0.0137126,0.0001,6.36341e-24,999999,2.506796e-02,3,Indonesian Exclusive Economic Zone,WPP712,,SVDNB_npp_d20151003_t1731466_e1737270_b20378_c20151003233728467558_noaa_ops.h5,GDNBO_npp_d20151003_t1731466_e1737270_b20378_c20151003233728467298_noaa_ops.h5,SVI04_npp_d20151003_t1731466_e1737270_b20378_c20151003233728541959_noaa_ops.dspace_rad,VNFF_npp_d20151003_t1731466_e1737270_b20378_v21.csv,World_EEZ_v8_2014.shp,WPP_BFAR_merge.shp,KKP_IDN_merge_20161208.shp,VNF-VBD_npp_20120301-20151231_global_asia-enhanced_c201607211230.bitmask,NCEI_NGA.union.nga_lead2.add_2015ntl.mask,timezone.shp,VBD_platforms-recurring_2015_r20170330.shp,999999,VBD_bridges_c20160811.shp,9.202956;7.293124;4.987635;0.117751;-4.766567;-9.662423;-14.566307;-12.781590;-10.252750;-5.421471;-0.565886;4.309883,106.389061;120.204430;133.795395;132.636734;131.583801;130.626740;129.763702;115.696312;101.762085;103.094223;104.302101;105.397919,npp_d20151003_t1731466_e1737270_b20378,161.271,114.932,49.0614,99.6679,63.6708,67.3344
538,VBD_npp_d20151003_t1735169_x1103982E_y039905S_l1900_s0980_v23,2017-06-01 16:11:27,-3.990537,110.398247,22.2363,2015-10-03 17:35:16,2015-10-04 00:35:16,1900,980,0.201188,1,2529,0.67106,0.155187,0.851891,0.4,0.901579,0.75,0.0137,0.0001,5.07755e-24,999999,-1.834573e-02,3,Indonesian Exclusive Economic Zone,WPP712,,SVDNB_npp_d20151003_t1731466_e1737270_b20378_c20151003233728467558_noaa_ops.h5,GDNBO_npp_d20151003_t1731466_e1737270_b20378_c20151003233728467298_noaa_ops.h5,SVI04_npp_d20151003_t1731466_e1737270_b20378_c20151003233728541959_noaa_ops.dspace_rad,VNFF_npp_d20151003_t1731466_e1737270_b20378_v21.csv,World_EEZ_v8_2014.shp,WPP_BFAR_merge.shp,KKP_IDN_merge_20161208.shp,VNF-VBD_npp_20120301-20151231_global_asia-enhanced_c201607211230.bitmask,NCEI_NGA.union.nga_lead2.add_2015ntl.mask,timezone.shp,VBD_platforms-recurring_2015_r20170330.shp,999999,VBD_bridges_c20160811.shp,9.202956;7.293124;4.987635;0.117751;-4.766567;-9.662423;-14.566307;-12.781590;-10.252750;-5.421471;-0.565886;4.309883,106.389061;120.204430;133.795395;132.636734;131.583801;130.626740;129.763702;115.696312;101.762085;103.094223;104.302101;105.397919,npp_d20151003_t1731466_e1737270_b20378,161.251,115.146,49.0625,99.073,63.711,67.3028
539,VBD_npp_d20151003_t1735222_x1103312E_y042677S_l1943_s0980_v23,2017-06-01 16:11:27,-4.267687,110.331230,22.981,2015-10-03 17:35:22,2015-10-04 00:35:22,1943,980,0.237678,1,2529,0.661504,0.136554,0.877164,0.4,0.855681,0.75,0.0136507,0.0001,4.26206e-24,999999,1.599520e-01,3,Indonesian Exclusive Economic Zone,WPP712,,SVDNB_npp_d20151003_t1731466_e1737270_b20378_c20151003233728467558_noaa_ops.h5,GDNBO_npp_d20151003_t1731466_e1737270_b20378_c20151003233728467298_noaa_ops.h5,SVI04_npp_d20151003_t1731466_e1737270_b20378_c20151003233728541959_noaa_ops.dspace_rad,VNFF_npp_d20151003_t1731466_e1737270_b20378_v21.csv,World_EEZ_v8_2014.shp,WPP_BFAR_merge.shp,KKP_IDN_merge_20161208.shp,VNF-VBD_npp_20120301-20151231_global_asia-enhanced_c201607211230.bitmask,NCEI_NGA.union.nga_lead2.add_2015ntl.mask,timezone.shp,VBD_platforms-recurring_2015_r20170330.shp,999999,VBD_bridges_c20160811.shp,9.202956;7.293124;4.987635;0.117751;-4.766567;-9.662423;-14.566307;-12.781590;-10.252750;-5.421471;-0.565886;4.309883,106.389061;120.204430;133.795395;132.636734;131.583801;130.626740;129.763702;115.696312;101.762085;103.094223;104.302101;105.397919,npp_d20151003_t1731466_e1737270_b20378,161.172,115.941,49.058,99.3881,63.8612,67.1844
540,VBD_npp_d20151003_t1735133_x1104530E_y037913S_l1869_s0981_v23,2017-06-01 16:11:27,-3.791294,110.453018,5.59921,2015-10-03 17:35:13,2015-10-04 00:35:13,1869,981,0.350634,1,2529,0.288129,0.143542,0.850825,0.4,0.793833,0.75,0.0137602,0.0001,6.48056e-24,999999,9.308791e-02,3,Indonesian Exclusive Economic Zone,WPP712,,SVDNB_npp_d20151003_t1731466_e1737270_b20378_c20151003233728467558_noaa_ops.h5,GDNBO_npp_d20151003_t1731466_e1737270_b20378_c20151003233728467298_noaa_ops.h5,SVI04_npp_d20151003_t1731466_e1737270_b20378_c20151003233728541959_noaa_ops.dspace_rad,VNFF_npp_d20151003_t1731466_e1737270_b20378_v21.csv,World_EEZ_v8_2014.shp,WPP_BFAR_merge.shp,KKP_IDN_merge_20161208.shp,VNF-VBD_npp_20120301-20151231_global_asia-enhanced_c201607211230.bitmask,NCEI_NGA.union.nga_lead2.add_2015ntl.mask,timezone.shp,VBD_platforms-recurring_2015_r20170330.shp,999999,VBD_bridges_c20160811.shp,9.202956;7.293124;4.987635;0.117751;-4.766567;-9.662423;-14.566307;-12.781590;-10.252750;-5.421471;-0.565886;4.309883,106.389061;120.204430;133.795395;132.636734;131.583801;130.626740;129.763702;115.696312;101.762085;103.094223;104.302101;105.397919,npp_d20151003_t1731466_e1737270_b20378,161.299,114.56,49.0305,98.989,63.5961,67.3866
541,VBD_npp_d20151003_t1735258_x1102940E_y044768S_l1975_s0982_v23,2017-06-01 16:11:27,-4.476769,110.294044,43.0655,2015-10-03 17:35:25,2015-10-04 00:35:25,1975,982,0.32396,1,2529,0.931139,0.153772,0.875156,0.4,0.944284,0.75,0.0136215,0.0001,3.99249e-24,999999,-4.807768e-03,3,Indonesian Exclusive Economic Zone,WPP712,,SVDNB_npp_d20151003_t1731466_e1737270_b20378_c20151003233728467558_noaa_ops.h5,GDNBO_npp_d20151003_t1731466_e1737270_b20378_c20151003233728467298_noaa_ops.h5,SVI04_npp_d20151003_t1731466_e1737270_b20378_c20151003233728541959_noaa_ops.dspace_rad,VNFF_npp_d20151003_t1731466_e1737270_b20378_v21.csv,World_EEZ_v8_2014.shp,WPP_BFAR_merge.shp,KKP_IDN_merge_20161208.shp,VNF-VBD_npp_20120301-20151231_global_asia-enhanced_c201607211230.bitmask,NCEI_NGA.union.nga_lead2.add_2015ntl.mask,timezone.shp,VBD_platforms-recurring_2015_r20170330.shp,999999,VBD_bridges_c20160811.shp,9.202956;7.293124;4.987635;0.117751;-4.766567;-9.662423;-14.566307;-12.781590;-10.252750;-5.421471;-0.565886;4.309883,106.389061;120.204430;133.795395;132.636734;131.583801;130.626740;129.763702;115.696312;101.762085;103.094223;104.302101;105.397919,npp_d20151003_t1731466_e1737270_b20378,161.099,116.52,49.0031,99.4165,63.9642,67.0927
542,VBD_npp_d20151003_t1735169_x1104245E_y039535S_l1894_s0983_v23,2017-06-01 16:11:27,-3.953547,110.424538,12.7783,2015-10-03 17:35:16,2015-10-04 00:35:16,1894,983,0.314073,1,2529,0.518292,0.13906,0.875209,0.4,0.862117,0.75,0.0137181,0.0001,7.06733e-24,999999,1.359765e-01,3,Indonesian Exclusive Economic Zone,WPP712,,SVDNB_npp_d20151003_t1731466_e1737270_b20378_c20151003233728467558_noaa_ops.h5,GDNBO_npp_d20151003_t1731466_e1737270_b20378_c20151003233728467298_noaa_ops.h5,SVI04_npp_d20151003_t1731466_e1737270_b20378_c20151003233728541959_noaa_ops.dspace_rad,VNFF_npp_d20151003_t1731466_e1737270_b20378_v21.csv,World_EEZ_v8_2014.shp,WPP_BFAR_merge.shp,KKP_IDN_merge_20161208.shp,VNF-VBD_npp_20120301-20151231_global_asia-enhanced_c201607211230.bitmask,NCEI_NGA.union.nga_lead2.add_2015ntl.mask,timezone.shp,VBD_platforms-recurring_2015_r20170330.shp,999999,VBD_bridges_c20160811.shp,9.202956;7.293124;4.987635;0.117751;-4.766567;-9.662423;-14.566307;-12.781590;-10.252750;-5.421471;-0.565886;4.309883,106.389061;120.204430;133.795395;132.636734;131.583801;130.626740;129.763702;115.696312;101.762085;103.094223;104.302101;105.397919,npp_d20151003_t1731466_e1737270_b20378,161.243,115.013,48.9718,99.3963,63.6722,67.3133
543,VBD_npp_d20151003_t1735151_x1104477E_y039046S_l1886_s0984_v23,2017-06-01 16:11:27,-3.904607,110.447662,37.7235,2015-10-03 17:35:15,2015-10-04 00:35:15,1886,984,0.282562,1,2529,0.898784,0.16736,0.869542,0.4,0.939312,0.75,0.0137311,0.0001,7.15118e-24,999999,-1.348338e-01,3,Indonesian Exclusive Economic Zone,WPP712,,SVDNB_npp_d20151003_t1731466_e1737270_b20378_c20151003233728467558_noaa_ops.h5,GDNBO_npp_d20151003_t1731466_e1737270_b20378_c20151003233728467298_noaa_ops.h5,SVI04_npp_d20151003_t1731466_e1737270_b20378_c20151003233728541959_noaa_ops.dspace_rad,VNFF_npp_d20151003_t1731466_e1737270_b20378_v21.csv,World_EEZ_v8_2014.shp,WPP_BFAR_merge.shp,KKP_IDN_merge_20161208.shp,VNF-VBD_npp_20120301-20151231_global_asia-enhanced_c201607211230.bitmask,NCEI_NGA.union.nga_lead2.add_2015ntl.mask,timezone.shp,VBD_platforms-recurring_2015_r20170330.shp,999999,VBD_bridges_c20160811.shp,9.202956;7.293124;4.987635;0.117751;-4.766567;-9.662423;-14.566307;-12.781590;-10.252750;-5.421471;-0.565886;4.309883,106.389061;120.204430;133.795395;132.636734;131.583801;130.626740;129.763702;115.696312;101.762085;103.094223;104.302101;105.397919,npp_d20151003_t1731466_e1737270_b20378,161.249,114.861,48.9383,98.9494,63.6384,67.3322
544,VBD_npp_d20151003_t1735169_x1104344E_y039345S_l1891_s0984_v23,2017-06-01 16:11:27,-3.934544,110.434395,8.71619,2015-10-03 17:35:16,2015-10-04 00:35:16,1891,984,0.24408,1,2529,0.38516,0.122374,0.875209,0.4,0.804975,0.75,0.0137253,0.0001,8.04473e-24,999999,2.956439e-01,3,Indonesian Exclusive Economic Zone,WPP712,,SVDNB_npp_d20151003_t1731466_e1737270_b20378_c20151003233728467558_noaa_ops.h5,GDNBO_npp_d20151003_t1731466_e1737270_b20378_c20151003233728467298_noaa_ops.h5,SVI04_npp_d20151003_t1731466_e1737270_b20378_c20151003233728541959_noaa_ops.dspace_rad,VNFF_npp_d20151003_t1731466_e1737270_b20378_v21.csv,World_EEZ_v8_2014.shp,WPP_BFAR_merge.shp,KKP_IDN_merge_20161208.shp,VNF-VBD_npp_20120301-20151231_global_asia-enhanced_c201607211230.bitmask,NCEI_NGA.union.nga_lead2.add_2015ntl.mask,timezone.shp,VBD_platforms-recurring_2015_r20170330.shp,999999,VBD_bridges_c20160811.shp,9.202956;7.293124;4.987635;0.117751;-4.766567;-9.662423;-14.566307;-12.781590;-10.252750;-5.421471;-0.565886;4.309883,106.389061;120.204430;133.795395;132.636734;131.583801;130.626740;129.763702;115.696312;101.762085;103.094223;104.302101;105.397919,npp_d20151003_t1731466_e1737270_b20378,161.242,114.949,48.9419,99.5584,63.6557,67.3197
545,VBD_npp_d20151003_t1735222_x1103504E_y043122S_l1949_s0984_v23,2017-06-01 16:11:27,-4.312187,110.350426,25.6344,2015-10-03 17:35:22,2015-10-04 00:35:22,1949,984,0.229498,8,18913,0.730656,0.159489,0.8424,0.4,0.912596,0.75,0.0136588,0.0001,4.96268e-24,999999,-5.951206e-02,3,Indonesian Exclusive Economic Zone,WPP712,,SVDNB_npp_d20151003_t1731466_e1737270_b20378_c20151003233728467558_noaa_ops.h5,GDNBO_npp_d20151003_t1731466_e1737270_b20378_c20151003233728467298_noaa_ops.h5,SVI04_npp_d20151003_t1731466_e1737270_b20378_c20151003233728541959_noaa_ops.dspace_rad,VNFF_npp_d20151003_t1731466_e1737270_b20378_v21.csv,World_EEZ_v8_2014.shp,WPP_BFAR_merge.shp,KKP_IDN_merge_20161208.shp,VNF-VBD_npp_20120301-20151231_global_asia-enhanced_c201607211230.bitmask,NCEI_NGA.union.nga_lead2.add_2015ntl.mask,timezone.shp,VBD_platforms-recurring_2015_r20170330.shp,0.0586487,VBD_bridges_c20160811.shp,9.202956;7.293124;4.987635;0.117751;-4.766567;-9.662423;-14.566307;-12.781590;-10.252750;-5.421471;-0.565886;4.309883,106.389061;120.204430;133.795395;132.636734;131.583801;130.626740;129.763702;115.696312;101.762085;103.094223;104.302101;105.397919,npp_d20151003_t1731466_e1737270_b20378,161.135,116.032,48.9398,99.0611,63.8608,67.1583
546,VBD_npp_d20151003_t1735240_x1103389E_y043768S_l1959_s0985_v23,2017-06-01 16:11:27,-4.376818,110.338943,23.3757,2015-10-03 17:35:24,2015-10-04 00:35:24,1959,985,0.239243,8,18913,0.668549,0.163351,0.819334,0.4,0.890032,0.75,0.0136511,0.0001,5.46004e-24,999999,-9.646793e-02,3,Indonesian Exclusive Economic Zone,WPP712,,SVDNB_npp_d20151003_t1731466_e1737270_b20378_c20151003233728467558_noaa_ops.h5,GDNBO_npp_d20151003_t1731466_e1737270_b20378_c20151003233728467298_noaa_ops.h5,SVI04_npp_d20151003_t1731466_e1737270_b20378_c20151003233728541959_noaa_ops.dspace_rad,VNFF_npp_d20151003_t1731466_e1737270_b20378_v21.csv,World_EEZ_v8_2014.shp,WPP_BFAR_merge.shp,KKP_IDN_merge_20161208.shp,VNF-VBD_npp_20120301-20151231_global_asia-enhanced_c201607211230.bitmask,NCEI_NGA.union.nga_lead2.add_2015ntl.mask,timezone.shp,VBD_platforms-recurring_2015_r20170330.shp,0.741962,VBD_bridges_c20160811.shp,9.202956;7.293124;4.987635;0.117751;-4.766567;-9.662423;-14.566307;-12.781590;-10.252750;-5.421471;-0.565886;4.309883,106.389061;120.204430;133.795395;132.636734;131.583801;130.626740;129.763702;115.696312;101.762085;103.094223;104.302101;105.397919,npp_d20151003_t1731466_e1737270_b20378,161.11,116.207,48.9096,99.3987,63.8901,67.1292
547,VBD_npp_d20151003_t1735240_x1103409E_y044046S_l1963_s0986_v23,2017-06-01 16:11:27,-4.404647,110.340866,28.0396,2015-10-03 17:35:24,2015-10-04 00:35:24,1963,986,0.299633,1,2529,0.715344,0.137227,0.806489,0.4,0.835837,0.75,0.0136503,0.0001,5.38222e-24,999999,1.535093e-01,3,Indonesian Exclusive Economic Zone,WPP712,,SVDNB_npp_d20151003_t1731466_e1737270_b20378_c20151003233728467558_noaa_ops.h5,GDNBO_npp_d20151003_t1731466_e1737270_b20378_c20151003233728467298_noaa_ops.h5,SVI04_npp_d20151003_t1731466_e1737270_b20378_c20151003233728541959_noaa_ops.dspace_rad,VNFF_npp_d20151003_t1731466_e1737270_b20378_v21.csv,World_EEZ_v8_2014.shp,WPP_BFAR_merge.shp,KKP_IDN_merge_20161208.shp,VNF-VBD_npp_20120301-20151231_global_asia-enhanced_c201607211230.bitmask,NCEI_NGA.union.nga_lead2.add_2015ntl.mask,timezone.shp,VBD_platforms-recurring_2015_r20170330.shp,999999,VBD_bridges_c20160811.shp,9.202956;7.293124;4.987635;0.117751;-4.766567;-9.662423;-14.566307;-12.781590;-10.252750;-5.421471;-0.565886;4.309883,106.389061;120.204430;133.795395;132.636734;131.583801;130.626740;129.763702;115.696312;101.762085;103.094223;104.302101;105.397919,npp_d20151003_t1731466_e1737270_b20378,161.096,116.277,48.8806,99.1813,63.8992,67.1156
548,VBD_npp_d20151003_t1735133_x1104964E_y037709S_l1865_s0987_v23,2017-06-01 16:11:27,-3.770889,110.496445,5.03229,2015-10-03 17:35:13,2015-10-04 00:35:13,1865,987,0.294725,1,2529,0.277464,0.194116,0.827696,0.4,0.787164,0.75,0.0137931,0.0001,1.06029e-23,999999,-3.908711e-01,3,Indonesian Exclusive Economic Zone,WPP712,,SVDNB_npp_d20151003_t1731466_e1737270_b20378_c20151003233728467558_noaa_ops.h5,GDNBO_npp_d20151003_t1731466_e1737270_b20378_c20151003233728467298_noaa_ops.h5,SVI04_npp_d20151003_t1731466_e1737270_b20378_c20151003233728541959_noaa_ops.dspace_rad,VNFF_npp_d20151003_t1731466_e1737270_b20378_v21.csv,World_EEZ_v8_2014.shp,WPP_BFAR_merge.shp,KKP_IDN_merge_20161208.shp,VNF-VBD_npp_20120301-20151231_global_asia-enhanced_c201607211230.bitmask,NCEI_NGA.union.nga_lead2.add_2015ntl.mask,timezone.shp,VBD_platforms-recurring_2015_r20170330.shp,999999,VBD_bridges_c20160811.shp,9.202956;7.293124;4.987635;0.117751;-4.766567;-9.662423;-14.566307;-12.781590;-10.252750;-5.421471;-0.565886;4.309883,106.389061;120.204430;133.795395;132.636734;131.583801;130.626740;129.763702;115.696312;101.762085;103.094223;104.302101;105.397919,npp_d20151003_t1731466_e1737270_b20378,161.268,114.45,48.8504,99.2026,63.5479,67.3848
549,VBD_npp_d20151003_t1735258_x1103163E_y045424S_l1984_s0987_v23,2017-06-01 16:11:27,-4.542356,110.316254,31.7061,2015-10-03 17:35:25,2015-10-04 00:35:25,1984,987,0.296575,1,2529,0.85428,0.159991,0.879836,0.4,0.946334,0.75,0.0136284,0.0001,4.67332e-24,999999,-6.431783e-02,3,Indonesian Exclusive Economic Zone,WPP712,,SVDNB_npp_d20151003_t1731466_e1737270_b20378_c20151003233728467558_noaa_ops.h5,GDNBO_npp_d20151003_t1731466_e1737270_b20378_c20151003233728467298_noaa_ops.h5,SVI04_npp_d20151003_t1731466_e1737270_b20378_c20151003233728541959_noaa_ops.dspace_rad,VNFF_npp_d20151003_t1731466_e1737270_b20378_v21.csv,World_EEZ_v8_2014.shp,WPP_BFAR_merge.shp,KKP_IDN_merge_20161208.shp,VNF-VBD_npp_20120301-20151231_global_asia-enhanced_c201607211230.bitmask,NCEI_NGA.union.nga_lead2.add_2015ntl.mask,timezone.shp,VBD_platforms-recurring_2015_r20170330.shp,999999,VBD_bridges_c20160811.shp,9.202956;7.293124;4.987635;0.117751;-4.766567;-9.662423;-14.566307;-12.781590;-10.252750;-5.421471;-0.565886;4.309883,106.389061;120.204430;133.795395;132.636734;131.583801;130.626740;129.763702;115.696312;101.762085;103.094223;104.302101;105.397919,npp_d20151003_t1731466_e1737270_b20378,161.05,116.661,48.8563,98.9257,63.9694,67.056
550,VBD_npp_d20151003_t1735258_x1103318E_y044900S_l1976_s0988_v23,2017-06-01 16:11:27,-4.489960,110.331818,32.8074,2015-10-03 17:35:25,2015-10-04 00:35:25,1976,988,0.27744,1,2529,0.81614,0.161967,0.839781,0.4,0.925241,0.75,0.0136429,0.0001,5.92398e-24,999999,-8.323023e-02,3,Indonesian Exclusive Economic Zone,WPP712,,SVDNB_npp_d20151003_t1731466_e1737270_b20378_c20151003233728467558_noaa_ops.h5,GDNBO_npp_d20151003_t1731466_e1737270_b20378_c20151003233728467298_noaa_ops.h5,SVI04_npp_d20151003_t1731466_e1737270_b20378_c20151003233728541959_noaa_ops.dspace_rad,VNFF_npp_d20151003_t1731466_e1737270_b20378_v21.csv,World_EEZ_v8_2014.shp,WPP_BFAR_merge.shp,KKP_IDN_merge_20161208.shp,VNF-VBD_npp_20120301-20151231_global_asia-enhanced_c201607211230.bitmask,NCEI_NGA.union.nga_lead2.add_2015ntl.mask,timezone.shp,VBD_platforms-recurring_2015_r20170330.shp,999999,VBD_bridges_c20160811.shp,9.202956;7.293124;4.987635;0.117751;-4.766567;-9.662423;-14.566307;-12.781590;-10.252750;-5.421471;-0.565886;4.309883,106.389061;120.204430;133.795395;132.636734;131.583801;130.626740;129.763702;115.696312;101.762085;103.094223;104.302101;105.397919,npp_d20151003_t1731466_e1737270_b20378,161.06,116.503,48.8242,99.3592,63.9345,67.0762
551,VBD_npp_d20151003_t1735276_x1103152E_y045471S_l1985_s0988_v23,2017-06-01 16:11:27,-4.547050,110.315208,31.4881,2015-10-03 17:35:27,2015-10-04 00:35:27,1985,988,0.286972,1,2529,0.837914,0.161155,0.879836,0.4,0.929412,0.75,0.0136294,0.0001,6.22106e-24,999999,-7.546184e-02,3,Indonesian Exclusive Economic Zone,WPP712,,SVDNB_npp_d20151003_t1731466_e1737270_b20378_c20151003233728467558_noaa_ops.h5,GDNBO_npp_d20151003_t1731466_e1737270_b20378_c20151003233728467298_noaa_ops.h5,SVI04_npp_d20151003_t1731466_e1737270_b20378_c20151003233728541959_noaa_ops.dspace_rad,VNFF_npp_d20151003_t1731466_e1737270_b20378_v21.csv,World_EEZ_v8_2014.shp,WPP_BFAR_merge.shp,KKP_IDN_merge_20161208.shp,VNF-VBD_npp_20120301-20151231_global_asia-enhanced_c201607211230.bitmask,NCEI_NGA.union.nga_lead2.add_2015ntl.mask,timezone.shp,VBD_platforms-recurring_2015_r20170330.shp,999999,VBD_bridges_c20160811.shp,9.202956;7.293124;4.987635;0.117751;-4.766567;-9.662423;-14.566307;-12.781590;-10.252750;-5.421471;-0.565886;4.309883,106.389061;120.204430;133.795395;132.636734;131.583801;130.626740;129.763702;115.696312;101.762085;103.094223;104.302101;105.397919,npp_d20151003_t1731466_e1737270_b20378,161.042,116.664,48.8234,99.7513,63.9656,67.0521
552,VBD_npp_d20151003_t1735187_x1104440E_y040367S_l1906_s0989_v23,2017-06-01 16:11:27,-4.036748,110.443985,12.4616,2015-10-03 17:35:18,2015-10-04 00:35:18,1906,989,0.251549,1,2529,0.518569,0.167526,0.804013,0.4,0.872364,0.75,0.0137269,0.0001,1.05783e-23,999999,-1.364266e-01,3,Indonesian Exclusive Economic Zone,WPP712,,SVDNB_npp_d20151003_t1731466_e1737270_b20378_c20151003233728467558_noaa_ops.h5,GDNBO_npp_d20151003_t1731466_e1737270_b20378_c20151003233728467298_noaa_ops.h5,SVI04_npp_d20151003_t1731466_e1737270_b20378_c20151003233728541959_noaa_ops.dspace_rad,VNFF_npp_d20151003_t1731466_e1737270_b20378_v21.csv,World_EEZ_v8_2014.shp,WPP_BFAR_merge.shp,KKP_IDN_merge_20161208.shp,VNF-VBD_npp_20120301-20151231_global_asia-enhanced_c201607211230.bitmask,NCEI_NGA.union.nga_lead2.add_2015ntl.mask,timezone.shp,VBD_platforms-recurring_2015_r20170330.shp,999999,VBD_bridges_c20160811.shp,9.202956;7.293124;4.987635;0.117751;-4.766567;-9.662423;-14.566307;-12.781590;-10.252750;-5.421471;-0.565886;4.309883,106.389061;120.204430;133.795395;132.636734;131.583801;130.626740;129.763702;115.696312;101.762085;103.094223;104.302101;105.397919,npp_d20151003_t1731466_e1737270_b20378,161.183,115.199,48.7902,99.6272,63.6799,67.2668
553,VBD_npp_d20151003_t1735276_x1103103E_y046149S_l1995_s0989_v23,2017-06-01 16:11:27,-4.614936,110.310333,6.00468,2015-10-03 17:35:27,2015-10-04 00:35:27,1995,989,0.331073,1,2529,0.334277,0.167317,0.84841,0.4,0.830695,0.75,0.0136065,0.0001,5.41537e-24,999999,-1.344275e-01,3,Indonesian Exclusive Economic Zone,WPP712,,SVDNB_npp_d20151003_t1731466_e1737270_b20378_c20151003233728467558_noaa_ops.h5,GDNBO_npp_d20151003_t1731466_e1737270_b20378_c20151003233728467298_noaa_ops.h5,SVI04_npp_d20151003_t1731466_e1737270_b20378_c20151003233728541959_noaa_ops.dspace_rad,VNFF_npp_d20151003_t1731466_e1737270_b20378_v21.csv,World_EEZ_v8_2014.shp,WPP_BFAR_merge.shp,KKP_IDN_merge_20161208.shp,VNF-VBD_npp_20120301-20151231_global_asia-enhanced_c201607211230.bitmask,NCEI_NGA.union.nga_lead2.add_2015ntl.mask,timezone.shp,VBD_platforms-recurring_2015_r20170330.shp,999999,VBD_bridges_c20160811.shp,9.202956;7.293124;4.987635;0.117751;-4.766567;-9.662423;-14.566307;-12.781590;-10.252750;-5.421471;-0.565886;4.309883,106.389061;120.204430;133.795395;132.636734;131.583801;130.626740;129.763702;115.696312;101.762085;103.094223;104.302101;105.397919,npp_d20151003_t1731466_e1737270_b20378,161.016,116.847,48.7945,99.208,63.9968,67.0218
554,VBD_npp_d20151003_t1735240_x1103679E_y044022S_l1962_s0990_v23,2017-06-01 16:11:27,-4.402241,110.367859,22.4478,2015-10-03 17:35:24,2015-10-04 00:35:24,1962,990,0.254607,8,18913,0.523364,0.169956,0.781582,0.4,0.819348,0.75,0.0136665,0.0001,7.23393e-24,999999,-1.596797e-01,3,Indonesian Exclusive Economic Zone,WPP712,,SVDNB_npp_d20151003_t1731466_e1737270_b20378_c20151003233728467558_noaa_ops.h5,GDNBO_npp_d20151003_t1731466_e1737270_b20378_c20151003233728467298_noaa_ops.h5,SVI04_npp_d20151003_t1731466_e1737270_b20378_c20151003233728541959_noaa_ops.dspace_rad,VNFF_npp_d20151003_t1731466_e1737270_b20378_v21.csv,World_EEZ_v8_2014.shp,WPP_BFAR_merge.shp,KKP_IDN_merge_20161208.shp,VNF-VBD_npp_20120301-20151231_global_asia-enhanced_c201607211230.bitmask,NCEI_NGA.union.nga_lead2.add_2015ntl.mask,timezone.shp,VBD_platforms-recurring_2015_r20170330.shp,0.753513,VBD_bridges_c20160811.shp,9.202956;7.293124;4.987635;0.117751;-4.766567;-9.662423;-14.566307;-12.781590;-10.252750;-5.421471;-0.565886;4.309883,106.389061;120.204430;133.795395;132.636734;131.583801;130.626740;129.763702;115.696312;101.762085;103.094223;104.302101;105.397919,npp_d20151003_t1731466_e1737270_b20378,161.073,116.234,48.7611,99.2333,63.8733,67.1093
555,VBD_npp_d20151003_t1735276_x1103213E_y045893S_l1991_s0990_v23,2017-06-01 16:11:27,-4.589304,110.321335,43.2211,2015-10-03 17:35:27,2015-10-04 00:35:27,1991,990,0.327517,1,2529,0.931637,0.131464,0.88198,0.4,0.945255,0.75,0.0136209,0.0001,6.30667e-24,999999,2.086645e-01,3,Indonesian Exclusive Economic Zone,WPP712,,SVDNB_npp_d20151003_t1731466_e1737270_b20378_c20151003233728467558_noaa_ops.h5,GDNBO_npp_d20151003_t1731466_e1737270_b20378_c20151003233728467298_noaa_ops.h5,SVI04_npp_d20151003_t1731466_e1737270_b20378_c20151003233728541959_noaa_ops.dspace_rad,VNFF_npp_d20151003_t1731466_e1737270_b20378_v21.csv,World_EEZ_v8_2014.shp,WPP_BFAR_merge.shp,KKP_IDN_merge_20161208.shp,VNF-VBD_npp_20120301-20151231_global_asia-enhanced_c201607211230.bitmask,NCEI_NGA.union.nga_lead2.add_2015ntl.mask,timezone.shp,VBD_platforms-recurring_2015_r20170330.shp,999999,VBD_bridges_c20160811.shp,9.202956;7.293124;4.987635;0.117751;-4.766567;-9.662423;-14.566307;-12.781590;-10.252750;-5.421471;-0.565886;4.309883,106.389061;120.204430;133.795395;132.636734;131.583801;130.626740;129.763702;115.696312;101.762085;103.094223;104.302101;105.397919,npp_d20151003_t1731466_e1737270_b20378,161.018,116.765,48.7639,99.4246,63.9766,67.0307
556,VBD_npp_d20151003_t1735222_x1103946E_y043263S_l1950_s0991_v23,2017-06-01 16:11:27,-4.326280,110.394585,11.8864,2015-10-03 17:35:22,2015-10-04 00:35:22,1950,991,0.155735,1,2529,0.421109,0.1734,0.738931,0.4,0.781582,0.75,0.013684,0.0001,7.86363e-24,999999,-1.926356e-01,3,Indonesian Exclusive Economic Zone,WPP712,,SVDNB_npp_d20151003_t1731466_e1737270_b20378_c20151003233728467558_noaa_ops.h5,GDNBO_npp_d20151003_t1731466_e1737270_b20378_c20151003233728467298_noaa_ops.h5,SVI04_npp_d20151003_t1731466_e1737270_b20378_c20151003233728541959_noaa_ops.dspace_rad,VNFF_npp_d20151003_t1731466_e1737270_b20378_v21.csv,World_EEZ_v8_2014.shp,WPP_BFAR_merge.shp,KKP_IDN_merge_20161208.shp,VNF-VBD_npp_20120301-20151231_global_asia-enhanced_c201607211230.bitmask,NCEI_NGA.union.nga_lead2.add_2015ntl.mask,timezone.shp,VBD_platforms-recurring_2015_r20170330.shp,999999,VBD_bridges_c20160811.shp,9.202956;7.293124;4.987635;0.117751;-4.766567;-9.662423;-14.566307;-12.781590;-10.252750;-5.421471;-0.565886;4.309883,106.389061;120.204430;133.795395;132.636734;131.583801;130.626740;129.763702;115.696312;101.762085;103.094223;104.302101;105.397919,npp_d20151003_t1731466_e1737270_b20378,161.089,116.009,48.7313,99.0023,63.8255,67.1397
557,VBD_npp_d20151003_t1735471_x1100556E_y057294S_l2167_s0991_v23,2017-06-01 16:11:27,-5.729440,110.055649,11.8118,2015-10-03 17:35:47,2015-10-04 00:35:47,2167,991,0.398932,2,2465,0.567275,0.151506,0.795886,0.4,0.652716,0.75,0.0131575,0.0001,2.30272e-24,999999,3.966939e-02,3,Indonesian Exclusive Economic Zone,WPP712,,SVDNB_npp_d20151003_t1731466_e1737270_b20378_c20151003233728467558_noaa_ops.h5,GDNBO_npp_d20151003_t1731466_e1737270_b20378_c20151003233728467298_noaa_ops.h5,SVI04_npp_d20151003_t1731466_e1737270_b20378_c20151003233728541959_noaa_ops.dspace_rad,VNFF_npp_d20151003_t1731466_e1737270_b20378_v21.csv,World_EEZ_v8_2014.shp,WPP_BFAR_merge.shp,KKP_IDN_merge_20161208.shp,VNF-VBD_npp_20120301-20151231_global_asia-enhanced_c201607211230.bitmask,NCEI_NGA.union.nga_lead2.add_2015ntl.mask,timezone.shp,VBD_platforms-recurring_2015_r20170330.shp,999999,VBD_bridges_c20160811.shp,9.202956;7.293124;4.987635;0.117751;-4.766567;-9.662423;-14.566307;-12.781590;-10.252750;-5.421471;-0.565886;4.309883,106.389061;120.204430;133.795395;132.636734;131.583801;130.626740;129.763702;115.696312;101.762085;103.094223;104.302101;105.397919,npp_d20151003_t1731466_e1737270_b20378,160.638,119.919,48.7321,99.5846,64.6016,66.5601
558,VBD_npp_d20151003_t1735240_x1103762E_y044310S_l1966_s0992_v23,2017-06-01 16:11:27,-4.431049,110.376213,17.4795,2015-10-03 17:35:24,2015-10-04 00:35:24,1966,992,0.224163,7,2465,0.341875,0.208499,0.734236,0.4,0.652435,0.75,0.0136694,0.0001,7.63075e-24,999999,-5.285042e-01,3,,,,SVDNB_npp_d20151003_t1731466_e1737270_b20378_c20151003233728467558_noaa_ops.h5,GDNBO_npp_d20151003_t1731466_e1737270_b20378_c20151003233728467298_noaa_ops.h5,SVI04_npp_d20151003_t1731466_e1737270_b20378_c20151003233728541959_noaa_ops.dspace_rad,VNFF_npp_d20151003_t1731466_e1737270_b20378_v21.csv,World_EEZ_v8_2014.shp,WPP_BFAR_merge.shp,KKP_IDN_merge_20161208.shp,VNF-VBD_npp_20120301-20151231_global_asia-enhanced_c201607211230.bitmask,NCEI_NGA.union.nga_lead2.add_2015ntl.mask,timezone.shp,VBD_platforms-recurring_2015_r20170330.shp,999999,VBD_bridges_c20160811.shp,9.202956;7.293124;4.987635;0.117751;-4.766567;-9.662423;-14.566307;-12.781590;-10.252750;-5.421471;-0.565886;4.309883,106.389061;120.204430;133.795395;132.636734;131.583801;130.626740;129.763702;115.696312;101.762085;103.094223;104.302101;105.397919,npp_d20151003_t1731466_e1737270_b20378,161.053,116.298,48.7026,99.0146,63.8769,67.0935
559,VBD_npp_d20151003_t1735133_x1105396E_y037506S_l1861_s0993_v23,2017-06-01 16:11:27,-3.750587,110.539566,28.8101,2015-10-03 17:35:13,2015-10-04 00:35:13,1861,993,0.374463,1,2529,0.840978,0.152681,0.861952,0.4,0.931943,0.75,0.013826,0.0001,1.72265e-23,999999,5.630326e-03,3,Indonesian Exclusive Economic Zone,WPP712,,SVDNB_npp_d20151003_t1731466_e1737270_b20378_c20151003233728467558_noaa_ops.h5,GDNBO_npp_d20151003_t1731466_e1737270_b20378_c20151003233728467298_noaa_ops.h5,SVI04_npp_d20151003_t1731466_e1737270_b20378_c20151003233728541959_noaa_ops.dspace_rad,VNFF_npp_d20151003_t1731466_e1737270_b20378_v21.csv,World_EEZ_v8_2014.shp,WPP_BFAR_merge.shp,KKP_IDN_merge_20161208.shp,VNF-VBD_npp_20120301-20151231_global_asia-enhanced_c201607211230.bitmask,NCEI_NGA.union.nga_lead2.add_2015ntl.mask,timezone.shp,VBD_platforms-recurring_2015_r20170330.shp,999999,VBD_bridges_c20160811.shp,9.202956;7.293124;4.987635;0.117751;-4.766567;-9.662423;-14.566307;-12.781590;-10.252750;-5.421471;-0.565886;4.309883,106.389061;120.204430;133.795395;132.636734;131.583801;130.626740;129.763702;115.696312;101.762085;103.094223;104.302101;105.397919,npp_d20151003_t1731466_e1737270_b20378,161.237,114.34,48.6711,99.4174,63.5,67.3831
560,VBD_npp_d20151003_t1735169_x1104880E_y039710S_l1895_s0993_v23,2017-06-01 16:11:27,-3.970973,110.487991,3.33707,2015-10-03 17:35:16,2015-10-04 00:35:16,1895,993,0.326094,7,2209,0.15519,0.153023,0.853574,0.4,0.634998,0.75,0.0137546,0.0001,1.36734e-23,999999,2.353845e-03,3,,,,SVDNB_npp_d20151003_t1731466_e1737270_b20378_c20151003233728467558_noaa_ops.h5,GDNBO_npp_d20151003_t1731466_e1737270_b20378_c20151003233728467298_noaa_ops.h5,SVI04_npp_d20151003_t1731466_e1737270_b20378_c20151003233728541959_noaa_ops.dspace_rad,VNFF_npp_d20151003_t1731466_e1737270_b20378_v21.csv,World_EEZ_v8_2014.shp,WPP_BFAR_merge.shp,KKP_IDN_merge_20161208.shp,VNF-VBD_npp_20120301-20151231_global_asia-enhanced_c201607211230.bitmask,NCEI_NGA.union.nga_lead2.add_2015ntl.mask,timezone.shp,VBD_platforms-recurring_2015_r20170330.shp,999999,VBD_bridges_c20160811.shp,9.202956;7.293124;4.987635;0.117751;-4.766567;-9.662423;-14.566307;-12.781590;-10.252750;-5.421471;-0.565886;4.309883,106.389061;120.204430;133.795395;132.636734;131.583801;130.626740;129.763702;115.696312;101.762085;103.094223;104.302101;105.397919,npp_d20151003_t1731466_e1737270_b20378,161.178,114.976,48.6737,99.3376,63.6202,67.2881
561,VBD_npp_d20151003_t1735169_x1104858E_y039843S_l1897_s0993_v23,2017-06-01 16:11:27,-3.984307,110.485756,4.34222,2015-10-03 17:35:16,2015-10-04 00:35:16,1897,993,0.327588,7,2465,0.232401,0.159557,0.853574,0.4,0.708266,0.75,0.0137524,0.0001,1.31304e-23,999999,-6.016652e-02,3,,,,SVDNB_npp_d20151003_t1731466_e1737270_b20378_c20151003233728467558_noaa_ops.h5,GDNBO_npp_d20151003_t1731466_e1737270_b20378_c20151003233728467298_noaa_ops.h5,SVI04_npp_d20151003_t1731466_e1737270_b20378_c20151003233728541959_noaa_ops.dspace_rad,VNFF_npp_d20151003_t1731466_e1737270_b20378_v21.csv,World_EEZ_v8_2014.shp,WPP_BFAR_merge.shp,KKP_IDN_merge_20161208.shp,VNF-VBD_npp_20120301-20151231_global_asia-enhanced_c201607211230.bitmask,NCEI_NGA.union.nga_lead2.add_2015ntl.mask,timezone.shp,VBD_platforms-recurring_2015_r20170330.shp,999999,VBD_bridges_c20160811.shp,9.202956;7.293124;4.987635;0.117751;-4.766567;-9.662423;-14.566307;-12.781590;-10.252750;-5.421471;-0.565886;4.309883,106.389061;120.204430;133.795395;132.636734;131.583801;130.626740;129.763702;115.696312;101.762085;103.094223;104.302101;105.397919,npp_d20151003_t1731466_e1737270_b20378,161.175,115.014,48.6741,99.2288,63.6274,67.2823
562,VBD_npp_d20151003_t1735258_x1103685E_y044687S_l1972_s0993_v23,2017-06-01 16:11:27,-4.468669,110.368546,24.5087,2015-10-03 17:35:25,2015-10-04 00:35:25,1972,993,0.233837,1,2529,0.492285,0.195042,0.768301,0.4,0.802604,0.75,0.0136663,0.0001,9.05769e-24,999999,-3.997300e-01,3,Indonesian Exclusive Economic Zone,WPP712,,SVDNB_npp_d20151003_t1731466_e1737270_b20378_c20151003233728467558_noaa_ops.h5,GDNBO_npp_d20151003_t1731466_e1737270_b20378_c20151003233728467298_noaa_ops.h5,SVI04_npp_d20151003_t1731466_e1737270_b20378_c20151003233728541959_noaa_ops.dspace_rad,VNFF_npp_d20151003_t1731466_e1737270_b20378_v21.csv,World_EEZ_v8_2014.shp,WPP_BFAR_merge.shp,KKP_IDN_merge_20161208.shp,VNF-VBD_npp_20120301-20151231_global_asia-enhanced_c201607211230.bitmask,NCEI_NGA.union.nga_lead2.add_2015ntl.mask,timezone.shp,VBD_platforms-recurring_2015_r20170330.shp,999999,VBD_bridges_c20160811.shp,9.202956;7.293124;4.987635;0.117751;-4.766567;-9.662423;-14.566307;-12.781590;-10.252750;-5.421471;-0.565886;4.309883,106.389061;120.204430;133.795395;132.636734;131.583801;130.626740;129.763702;115.696312;101.762085;103.094223;104.302101;105.397919,npp_d20151003_t1731466_e1737270_b20378,161.037,116.397,48.6749,99.5741,63.8921,67.076
563,VBD_npp_d20151003_t1735240_x1103913E_y044198S_l1964_s0994_v23,2017-06-01 16:11:27,-4.419829,110.391342,39.8308,2015-10-03 17:35:24,2015-10-04 00:35:24,1964,994,0.19251,2,2465,0.579523,0.180719,0.734236,0.4,0.500073,0.75,0.0136792,0.0001,9.1168e-24,999999,-2.626659e-01,3,Indonesian Exclusive Economic Zone,WPP712,,SVDNB_npp_d20151003_t1731466_e1737270_b20378_c20151003233728467558_noaa_ops.h5,GDNBO_npp_d20151003_t1731466_e1737270_b20378_c20151003233728467298_noaa_ops.h5,SVI04_npp_d20151003_t1731466_e1737270_b20378_c20151003233728541959_noaa_ops.dspace_rad,VNFF_npp_d20151003_t1731466_e1737270_b20378_v21.csv,World_EEZ_v8_2014.shp,WPP_BFAR_merge.shp,KKP_IDN_merge_20161208.shp,VNF-VBD_npp_20120301-20151231_global_asia-enhanced_c201607211230.bitmask,NCEI_NGA.union.nga_lead2.add_2015ntl.mask,timezone.shp,VBD_platforms-recurring_2015_r20170330.shp,999999,VBD_bridges_c20160811.shp,9.202956;7.293124;4.987635;0.117751;-4.766567;-9.662423;-14.566307;-12.781590;-10.252750;-5.421471;-0.565886;4.309883,106.389061;120.204430;133.795395;132.636734;131.583801;130.626740;129.763702;115.696312;101.762085;103.094223;104.302101;105.397919,npp_d20151003_t1731466_e1737270_b20378,161.044,116.248,48.6424,99.1221,63.8585,67.0946
564,VBD_npp_d20151003_t1735258_x1103772E_y044564S_l1970_s0994_v23,2017-06-01 16:11:27,-4.456427,110.377220,18.71,2015-10-03 17:35:25,2015-10-04 00:35:25,1970,994,0.219611,7,18849,0.374851,0.207481,0.739124,0.4,0.639779,0.75,0.0136724,0.0001,1.00982e-23,999999,-5.187640e-01,3,,,,SVDNB_npp_d20151003_t1731466_e1737270_b20378_c20151003233728467558_noaa_ops.h5,GDNBO_npp_d20151003_t1731466_e1737270_b20378_c20151003233728467298_noaa_ops.h5,SVI04_npp_d20151003_t1731466_e1737270_b20378_c20151003233728541959_noaa_ops.dspace_rad,VNFF_npp_d20151003_t1731466_e1737270_b20378_v21.csv,World_EEZ_v8_2014.shp,WPP_BFAR_merge.shp,KKP_IDN_merge_20161208.shp,VNF-VBD_npp_20120301-20151231_global_asia-enhanced_c201607211230.bitmask,NCEI_NGA.union.nga_lead2.add_2015ntl.mask,timezone.shp,VBD_platforms-recurring_2015_r20170330.shp,0.351738,VBD_bridges_c20160811.shp,9.202956;7.293124;4.987635;0.117751;-4.766567;-9.662423;-14.566307;-12.781590;-10.252750;-5.421471;-0.565886;4.309883,106.389061;120.204430;133.795395;132.636734;131.583801;130.626740;129.763702;115.696312;101.762085;103.094223;104.302101;105.397919,npp_d20151003_t1731466_e1737270_b20378,161.034,116.353,48.6451,99.6826,63.8793,67.0794
565,VBD_npp_d20151003_t1735258_x1103693E_y045031S_l1977_s0994_v23,2017-06-01 16:11:27,-4.503071,110.369339,21.0403,2015-10-03 17:35:25,2015-10-04 00:35:25,1977,994,0.268691,1,2529,0.584415,0.150835,0.814371,0.4,0.796888,0.75,0.0136643,0.0001,8.74832e-24,999999,2.329497e-02,3,Indonesian Exclusive Economic Zone,WPP712,,SVDNB_npp_d20151003_t1731466_e1737270_b20378_c20151003233728467558_noaa_ops.h5,GDNBO_npp_d20151003_t1731466_e1737270_b20378_c20151003233728467298_noaa_ops.h5,SVI04_npp_d20151003_t1731466_e1737270_b20378_c20151003233728541959_noaa_ops.dspace_rad,VNFF_npp_d20151003_t1731466_e1737270_b20378_v21.csv,World_EEZ_v8_2014.shp,WPP_BFAR_merge.shp,KKP_IDN_merge_20161208.shp,VNF-VBD_npp_20120301-20151231_global_asia-enhanced_c201607211230.bitmask,NCEI_NGA.union.nga_lead2.add_2015ntl.mask,timezone.shp,VBD_platforms-recurring_2015_r20170330.shp,999999,VBD_bridges_c20160811.shp,9.202956;7.293124;4.987635;0.117751;-4.766567;-9.662423;-14.566307;-12.781590;-10.252750;-5.421471;-0.565886;4.309883,106.389061;120.204430;133.795395;132.636734;131.583801;130.626740;129.763702;115.696312;101.762085;103.094223;104.302101;105.397919,npp_d20151003_t1731466_e1737270_b20378,161.021,116.485,48.6456,99.3016,63.9049,67.0597
566,VBD_npp_d20151003_t1735240_x1104000E_y044076S_l1962_s0995_v23,2017-06-01 16:11:27,-4.407567,110.400024,19.0142,2015-10-03 17:35:24,2015-10-04 00:35:24,1962,995,0.179777,2,2465,0.347558,0.152479,0.709019,0.4,0.698812,0.75,0.0136853,0.0001,1.01693e-23,999999,7.568278e-03,3,Indonesian Exclusive Economic Zone,WPP712,,SVDNB_npp_d20151003_t1731466_e1737270_b20378_c20151003233728467558_noaa_ops.h5,GDNBO_npp_d20151003_t1731466_e1737270_b20378_c20151003233728467298_noaa_ops.h5,SVI04_npp_d20151003_t1731466_e1737270_b20378_c20151003233728541959_noaa_ops.dspace_rad,VNFF_npp_d20151003_t1731466_e1737270_b20378_v21.csv,World_EEZ_v8_2014.shp,WPP_BFAR_merge.shp,KKP_IDN_merge_20161208.shp,VNF-VBD_npp_20120301-20151231_global_asia-enhanced_c201607211230.bitmask,NCEI_NGA.union.nga_lead2.add_2015ntl.mask,timezone.shp,VBD_platforms-recurring_2015_r20170330.shp,999999,VBD_bridges_c20160811.shp,9.202956;7.293124;4.987635;0.117751;-4.766567;-9.662423;-14.566307;-12.781590;-10.252750;-5.421471;-0.565886;4.309883,106.389061;120.204430;133.795395;132.636734;131.583801;130.626740;129.763702;115.696312;101.762085;103.094223;104.302101;105.397919,npp_d20151003_t1731466_e1737270_b20378,161.042,116.204,48.6121,99.2304,63.8456,67.098
567,VBD_npp_d20151003_t1735240_x1104098E_y043887S_l1959_s0996_v23,2017-06-01 16:11:27,-4.388658,110.409813,18.6378,2015-10-03 17:35:24,2015-10-04 00:35:24,1959,996,0.146559,1,2529,0.472902,0.148495,0.709019,0.4,0.783953,0.75,0.0136926,0.0001,1.15727e-23,999999,4.568675e-02,3,Indonesian Exclusive Economic Zone,WPP712,,SVDNB_npp_d20151003_t1731466_e1737270_b20378_c20151003233728467558_noaa_ops.h5,GDNBO_npp_d20151003_t1731466_e1737270_b20378_c20151003233728467298_noaa_ops.h5,SVI04_npp_d20151003_t1731466_e1737270_b20378_c20151003233728541959_noaa_ops.dspace_rad,VNFF_npp_d20151003_t1731466_e1737270_b20378_v21.csv,World_EEZ_v8_2014.shp,WPP_BFAR_merge.shp,KKP_IDN_merge_20161208.shp,VNF-VBD_npp_20120301-20151231_global_asia-enhanced_c201607211230.bitmask,NCEI_NGA.union.nga_lead2.add_2015ntl.mask,timezone.shp,VBD_platforms-recurring_2015_r20170330.shp,999999,VBD_bridges_c20160811.shp,9.202956;7.293124;4.987635;0.117751;-4.766567;-9.662423;-14.566307;-12.781590;-10.252750;-5.421471;-0.565886;4.309883,106.389061;120.204430;133.795395;132.636734;131.583801;130.626740;129.763702;115.696312;101.762085;103.094223;104.302101;105.397919,npp_d20151003_t1731466_e1737270_b20378,161.042,116.142,48.5818,99.3933,63.8292,67.1042
568,VBD_npp_d20151003_t1735258_x1103867E_y044786S_l1973_s0996_v23,2017-06-01 16:11:27,-4.478576,110.386681,30.7915,2015-10-03 17:35:25,2015-10-04 00:35:25,1973,996,0.243297,1,2529,0.541325,0.191052,0.738198,0.4,0.810009,0.75,0.0136765,0.0001,1.08787e-23,999999,-3.615470e-01,3,Indonesian Exclusive Economic Zone,WPP712,,SVDNB_npp_d20151003_t1731466_e1737270_b20378_c20151003233728467558_noaa_ops.h5,GDNBO_npp_d20151003_t1731466_e1737270_b20378_c20151003233728467298_noaa_ops.h5,SVI04_npp_d20151003_t1731466_e1737270_b20378_c20151003233728541959_noaa_ops.dspace_rad,VNFF_npp_d20151003_t1731466_e1737270_b20378_v21.csv,World_EEZ_v8_2014.shp,WPP_BFAR_merge.shp,KKP_IDN_merge_20161208.shp,VNF-VBD_npp_20120301-20151231_global_asia-enhanced_c201607211230.bitmask,NCEI_NGA.union.nga_lead2.add_2015ntl.mask,timezone.shp,VBD_platforms-recurring_2015_r20170330.shp,999999,VBD_bridges_c20160811.shp,9.202956;7.293124;4.987635;0.117751;-4.766567;-9.662423;-14.566307;-12.781590;-10.252750;-5.421471;-0.565886;4.309883,106.389061;120.204430;133.795395;132.636734;131.583801;130.626740;129.763702;115.696312;101.762085;103.094223;104.302101;105.397919,npp_d20151003_t1731466_e1737270_b20378,161.016,116.398,48.5855,99.5184,63.8792,67.0664
569,VBD_npp_d20151003_t1735169_x1105181E_y039486S_l1891_s0997_v23,2017-06-01 16:11:27,-3.948615,110.518112,31.3944,2015-10-03 17:35:16,2015-10-04 00:35:16,1891,997,0.315495,1,2529,0.773921,0.165088,0.859505,0.4,0.876075,0.75,0.0137744,0.0001,1.93752e-23,999999,-1.130934e-01,3,Indonesian Exclusive Economic Zone,WPP712,,SVDNB_npp_d20151003_t1731466_e1737270_b20378_c20151003233728467558_noaa_ops.h5,GDNBO_npp_d20151003_t1731466_e1737270_b20378_c20151003233728467298_noaa_ops.h5,SVI04_npp_d20151003_t1731466_e1737270_b20378_c20151003233728541959_noaa_ops.dspace_rad,VNFF_npp_d20151003_t1731466_e1737270_b20378_v21.csv,World_EEZ_v8_2014.shp,WPP_BFAR_merge.shp,KKP_IDN_merge_20161208.shp,VNF-VBD_npp_20120301-20151231_global_asia-enhanced_c201607211230.bitmask,NCEI_NGA.union.nga_lead2.add_2015ntl.mask,timezone.shp,VBD_platforms-recurring_2015_r20170330.shp,999999,VBD_bridges_c20160811.shp,9.202956;7.293124;4.987635;0.117751;-4.766567;-9.662423;-14.566307;-12.781590;-10.252750;-5.421471;-0.565886;4.309883,106.389061;120.204430;133.795395;132.636734;131.583801;130.626740;129.763702;115.696312;101.762085;103.094223;104.302101;105.397919,npp_d20151003_t1731466_e1737270_b20378,161.16,114.877,48.5544,99.5539,63.5835,67.2906
570,VBD_npp_d20151003_t1735169_x1105092E_y040019S_l1899_s0997_v23,2017-06-01 16:11:27,-4.001852,110.509178,40.1125,2015-10-03 17:35:16,2015-10-04 00:35:16,1899,997,0.34658,1,2529,0.927309,0.157125,0.867595,0.4,0.946922,0.75,0.0137652,0.0001,1.64959e-23,999999,-3.689819e-02,3,Indonesian Exclusive Economic Zone,WPP712,,SVDNB_npp_d20151003_t1731466_e1737270_b20378_c20151003233728467558_noaa_ops.h5,GDNBO_npp_d20151003_t1731466_e1737270_b20378_c20151003233728467298_noaa_ops.h5,SVI04_npp_d20151003_t1731466_e1737270_b20378_c20151003233728541959_noaa_ops.dspace_rad,VNFF_npp_d20151003_t1731466_e1737270_b20378_v21.csv,World_EEZ_v8_2014.shp,WPP_BFAR_merge.shp,KKP_IDN_merge_20161208.shp,VNF-VBD_npp_20120301-20151231_global_asia-enhanced_c201607211230.bitmask,NCEI_NGA.union.nga_lead2.add_2015ntl.mask,timezone.shp,VBD_platforms-recurring_2015_r20170330.shp,999999,VBD_bridges_c20160811.shp,9.202956;7.293124;4.987635;0.117751;-4.766567;-9.662423;-14.566307;-12.781590;-10.252750;-5.421471;-0.565886;4.309883,106.389061;120.204430;133.795395;132.636734;131.583801;130.626740;129.763702;115.696312;101.762085;103.094223;104.302101;105.397919,npp_d20151003_t1731466_e1737270_b20378,161.146,115.03,48.5554,99.1178,63.6125,67.2677
571,VBD_npp_d20151003_t1735240_x1104095E_y044296S_l1965_s0997_v23,2017-06-01 16:11:27,-4.429648,110.409454,75.5568,2015-10-03 17:35:24,2015-10-04 00:35:24,1965,997,0.174016,2,2465,0.414821,0.123797,0.704904,0.4,0.606955,0.75,0.0136895,0.0001,1.09424e-23,999999,2.820292e-01,3,Indonesian Exclusive Economic Zone,WPP712,,SVDNB_npp_d20151003_t1731466_e1737270_b20378_c20151003233728467558_noaa_ops.h5,GDNBO_npp_d20151003_t1731466_e1737270_b20378_c20151003233728467298_noaa_ops.h5,SVI04_npp_d20151003_t1731466_e1737270_b20378_c20151003233728541959_noaa_ops.dspace_rad,VNFF_npp_d20151003_t1731466_e1737270_b20378_v21.csv,World_EEZ_v8_2014.shp,WPP_BFAR_merge.shp,KKP_IDN_merge_20161208.shp,VNF-VBD_npp_20120301-20151231_global_asia-enhanced_c201607211230.bitmask,NCEI_NGA.union.nga_lead2.add_2015ntl.mask,timezone.shp,VBD_platforms-recurring_2015_r20170330.shp,999999,VBD_bridges_c20160811.shp,9.202956;7.293124;4.987635;0.117751;-4.766567;-9.662423;-14.566307;-12.781590;-10.252750;-5.421471;-0.565886;4.309883,106.389061;120.204430;133.795395;132.636734;131.583801;130.626740;129.763702;115.696312;101.762085;103.094223;104.302101;105.397919,npp_d20151003_t1731466_e1737270_b20378,161.024,116.249,48.5534,99.0658,63.8456,67.085
572,VBD_npp_d20151003_t1735329_x1102890E_y049274S_l2042_s0997_v23,2017-06-01 16:11:27,-4.927378,110.289001,5.05594,2015-10-03 17:35:32,2015-10-04 00:35:32,2042,997,0.387053,8,18913,0.336963,0.150848,0.773234,0.4,0.881771,0.75,0.0135113,0.0001,7.17239e-24,999999,2.316677e-02,3,Indonesian Exclusive Economic Zone,WPP712,,SVDNB_npp_d20151003_t1731466_e1737270_b20378_c20151003233728467558_noaa_ops.h5,GDNBO_npp_d20151003_t1731466_e1737270_b20378_c20151003233728467298_noaa_ops.h5,SVI04_npp_d20151003_t1731466_e1737270_b20378_c20151003233728541959_noaa_ops.dspace_rad,VNFF_npp_d20151003_t1731466_e1737270_b20378_v21.csv,World_EEZ_v8_2014.shp,WPP_BFAR_merge.shp,KKP_IDN_merge_20161208.shp,VNF-VBD_npp_20120301-20151231_global_asia-enhanced_c201607211230.bitmask,NCEI_NGA.union.nga_lead2.add_2015ntl.mask,timezone.shp,VBD_platforms-recurring_2015_r20170330.shp,0.31231,VBD_bridges_c20160811.shp,9.202956;7.293124;4.987635;0.117751;-4.766567;-9.662423;-14.566307;-12.781590;-10.252750;-5.421471;-0.565886;4.309883,106.389061;120.204430;133.795395;132.636734;131.583801;130.626740;129.763702;115.696312;101.762085;103.094223;104.302101;105.397919,npp_d20151003_t1731466_e1737270_b20378,160.872,117.65,48.5557,99.302,64.1199,66.8765
573,VBD_npp_d20151003_t1735258_x1104029E_y044608S_l1970_s0998_v23,2017-06-01 16:11:27,-4.460777,110.402863,38.9586,2015-10-03 17:35:25,2015-10-04 00:35:25,1970,998,0.228716,2,2465,0.207925,0.195949,0.713935,0.4,0.624597,0.75,0.0136875,0.0001,1.32336e-23,999999,-4.084075e-01,3,Indonesian Exclusive Economic Zone,WPP712,,SVDNB_npp_d20151003_t1731466_e1737270_b20378_c20151003233728467558_noaa_ops.h5,GDNBO_npp_d20151003_t1731466_e1737270_b20378_c20151003233728467298_noaa_ops.h5,SVI04_npp_d20151003_t1731466_e1737270_b20378_c20151003233728541959_noaa_ops.dspace_rad,VNFF_npp_d20151003_t1731466_e1737270_b20378_v21.csv,World_EEZ_v8_2014.shp,WPP_BFAR_merge.shp,KKP_IDN_merge_20161208.shp,VNF-VBD_npp_20120301-20151231_global_asia-enhanced_c201607211230.bitmask,NCEI_NGA.union.nga_lead2.add_2015ntl.mask,timezone.shp,VBD_platforms-recurring_2015_r20170330.shp,999999,VBD_bridges_c20160811.shp,9.202956;7.293124;4.987635;0.117751;-4.766567;-9.662423;-14.566307;-12.781590;-10.252750;-5.421471;-0.565886;4.309883,106.389061;120.204430;133.795395;132.636734;131.583801;130.626740;129.763702;115.696312;101.762085;103.094223;104.302101;105.397919,npp_d20151003_t1731466_e1737270_b20378,161.009,116.329,48.526,99.6811,63.8573,67.0703
574,VBD_npp_d20151003_t1735240_x1104301E_y043852S_l1958_s0999_v23,2017-06-01 16:11:27,-4.385215,110.430130,16.6101,2015-10-03 17:35:24,2015-10-04 00:35:24,1958,999,0.151254,1,2529,0.446226,0.129216,0.699987,0.4,0.76715,0.75,0.0137051,0.0001,1.44558e-23,999999,2.301756e-01,3,Indonesian Exclusive Economic Zone,WPP712,,SVDNB_npp_d20151003_t1731466_e1737270_b20378_c20151003233728467558_noaa_ops.h5,GDNBO_npp_d20151003_t1731466_e1737270_b20378_c20151003233728467298_noaa_ops.h5,SVI04_npp_d20151003_t1731466_e1737270_b20378_c20151003233728541959_noaa_ops.dspace_rad,VNFF_npp_d20151003_t1731466_e1737270_b20378_v21.csv,World_EEZ_v8_2014.shp,WPP_BFAR_merge.shp,KKP_IDN_merge_20161208.shp,VNF-VBD_npp_20120301-20151231_global_asia-enhanced_c201607211230.bitmask,NCEI_NGA.union.nga_lead2.add_2015ntl.mask,timezone.shp,VBD_platforms-recurring_2015_r20170330.shp,999999,VBD_bridges_c20160811.shp,9.202956;7.293124;4.987635;0.117751;-4.766567;-9.662423;-14.566307;-12.781590;-10.252750;-5.421471;-0.565886;4.309883,106.389061;120.204430;133.795395;132.636734;131.583801;130.626740;129.763702;115.696312;101.762085;103.094223;104.302101;105.397919,npp_d20151003_t1731466_e1737270_b20378,161.025,116.105,48.4924,99.4464,63.809,67.1002
575,VBD_npp_d20151003_t1735258_x1104104E_y044552S_l1969_s0999_v23,2017-06-01 16:11:27,-4.455213,110.410370,27.0071,2015-10-03 17:35:25,2015-10-04 00:35:25,1969,999,0.216837,7,2465,0.303048,0.19023,0.66848,0.4,0.651751,0.75,0.0136924,0.0001,1.44422e-23,999999,-3.536824e-01,3,,,,SVDNB_npp_d20151003_t1731466_e1737270_b20378_c20151003233728467558_noaa_ops.h5,GDNBO_npp_d20151003_t1731466_e1737270_b20378_c20151003233728467298_noaa_ops.h5,SVI04_npp_d20151003_t1731466_e1737270_b20378_c20151003233728541959_noaa_ops.dspace_rad,VNFF_npp_d20151003_t1731466_e1737270_b20378_v21.csv,World_EEZ_v8_2014.shp,WPP_BFAR_merge.shp,KKP_IDN_merge_20161208.shp,VNF-VBD_npp_20120301-20151231_global_asia-enhanced_c201607211230.bitmask,NCEI_NGA.union.nga_lead2.add_2015ntl.mask,timezone.shp,VBD_platforms-recurring_2015_r20170330.shp,999999,VBD_bridges_c20160811.shp,9.202956;7.293124;4.987635;0.117751;-4.766567;-9.662423;-14.566307;-12.781590;-10.252750;-5.421471;-0.565886;4.309883,106.389061;120.204430;133.795395;132.636734;131.583801;130.626740;129.763702;115.696312;101.762085;103.094223;104.302101;105.397919,npp_d20151003_t1731466_e1737270_b20378,161.005,116.305,48.4963,99.7353,63.8482,67.0708
576,VBD_npp_d20151003_t1735258_x1103946E_y045483S_l1983_s0999_v23,2017-06-01 16:11:27,-4.548282,110.394600,36.8207,2015-10-03 17:35:25,2015-10-04 00:35:25,1983,999,0.273244,1,2529,0.835902,0.147013,0.852888,0.4,0.926512,0.75,0.0136763,0.0001,1.08389e-23,999999,5.987000e-02,3,Indonesian Exclusive Economic Zone,WPP712,,SVDNB_npp_d20151003_t1731466_e1737270_b20378_c20151003233728467558_noaa_ops.h5,GDNBO_npp_d20151003_t1731466_e1737270_b20378_c20151003233728467298_noaa_ops.h5,SVI04_npp_d20151003_t1731466_e1737270_b20378_c20151003233728541959_noaa_ops.dspace_rad,VNFF_npp_d20151003_t1731466_e1737270_b20378_v21.csv,World_EEZ_v8_2014.shp,WPP_BFAR_merge.shp,KKP_IDN_merge_20161208.shp,VNF-VBD_npp_20120301-20151231_global_asia-enhanced_c201607211230.bitmask,NCEI_NGA.union.nga_lead2.add_2015ntl.mask,timezone.shp,VBD_platforms-recurring_2015_r20170330.shp,999999,VBD_bridges_c20160811.shp,9.202956;7.293124;4.987635;0.117751;-4.766567;-9.662423;-14.566307;-12.781590;-10.252750;-5.421471;-0.565886;4.309883,106.389061;120.204430;133.795395;132.636734;131.583801;130.626740;129.763702;115.696312;101.762085;103.094223;104.302101;105.397919,npp_d20151003_t1731466_e1737270_b20378,160.978,116.568,48.4984,98.9715,63.8993,67.0315
577,VBD_npp_d20151003_t1735240_x1104339E_y044405S_l1966_s1001_v23,2017-06-01 16:11:27,-4.440484,110.433899,11.0137,2015-10-03 17:35:24,2015-10-04 00:35:24,1966,1001,0.198912,7,2465,0.229419,0.11512,0.667196,0.4,0.562505,0.75,0.0137035,0.0001,1.4032e-23,999999,3.650566e-01,3,,,,SVDNB_npp_d20151003_t1731466_e1737270_b20378_c20151003233728467558_noaa_ops.h5,GDNBO_npp_d20151003_t1731466_e1737270_b20378_c20151003233728467298_noaa_ops.h5,SVI04_npp_d20151003_t1731466_e1737270_b20378_c20151003233728541959_noaa_ops.dspace_rad,VNFF_npp_d20151003_t1731466_e1737270_b20378_v21.csv,World_EEZ_v8_2014.shp,WPP_BFAR_merge.shp,KKP_IDN_merge_20161208.shp,VNF-VBD_npp_20120301-20151231_global_asia-enhanced_c201607211230.bitmask,NCEI_NGA.union.nga_lead2.add_2015ntl.mask,timezone.shp,VBD_platforms-recurring_2015_r20170330.shp,999999,VBD_bridges_c20160811.shp,9.202956;7.293124;4.987635;0.117751;-4.766567;-9.662423;-14.566307;-12.781590;-10.252750;-5.421471;-0.565886;4.309883,106.389061;120.204430;133.795395;132.636734;131.583801;130.626740;129.763702;115.696312;101.762085;103.094223;104.302101;105.397919,npp_d20151003_t1731466_e1737270_b20378,160.997,116.244,48.4347,99.0086,63.8272,67.0732
578,VBD_npp_d20151003_t1735187_x1105213E_y041249S_l1917_s1003_v23,2017-06-01 16:11:27,-4.124871,110.521339,17.0052,2015-10-03 17:35:18,2015-10-04 00:35:18,1917,1003,0.338328,1,2529,0.621353,0.163329,0.85376,0.4,0.898279,0.75,0.0137673,0.0001,2.16725e-23,999999,-9.625714e-02,3,Indonesian Exclusive Economic Zone,WPP712,,SVDNB_npp_d20151003_t1731466_e1737270_b20378_c20151003233728467558_noaa_ops.h5,GDNBO_npp_d20151003_t1731466_e1737270_b20378_c20151003233728467298_noaa_ops.h5,SVI04_npp_d20151003_t1731466_e1737270_b20378_c20151003233728541959_noaa_ops.dspace_rad,VNFF_npp_d20151003_t1731466_e1737270_b20378_v21.csv,World_EEZ_v8_2014.shp,WPP_BFAR_merge.shp,KKP_IDN_merge_20161208.shp,VNF-VBD_npp_20120301-20151231_global_asia-enhanced_c201607211230.bitmask,NCEI_NGA.union.nga_lead2.add_2015ntl.mask,timezone.shp,VBD_platforms-recurring_2015_r20170330.shp,999999,VBD_bridges_c20160811.shp,9.202956;7.293124;4.987635;0.117751;-4.766567;-9.662423;-14.566307;-12.781590;-10.252750;-5.421471;-0.565886;4.309883,106.389061;120.204430;133.795395;132.636734;131.583801;130.626740;129.763702;115.696312;101.762085;103.094223;104.302101;105.397919,npp_d20151003_t1731466_e1737270_b20378,161.076,115.33,48.3749,99.0213,63.6426,67.2042
579,VBD_npp_d20151003_t1735222_x1104841E_y043409S_l1950_s1005_v23,2017-06-01 16:11:27,-4.340907,110.484146,7.44374,2015-10-03 17:35:22,2015-10-04 00:35:22,1950,1005,0.0661813,2,2465,0.248466,0.194013,0.601972,0.4,0.644812,0.75,0.013737,0.0001,2.01801e-23,999999,-3.898836e-01,3,Indonesian Exclusive Economic Zone,WPP712,,SVDNB_npp_d20151003_t1731466_e1737270_b20378_c20151003233728467558_noaa_ops.h5,GDNBO_npp_d20151003_t1731466_e1737270_b20378_c20151003233728467298_noaa_ops.h5,SVI04_npp_d20151003_t1731466_e1737270_b20378_c20151003233728541959_noaa_ops.dspace_rad,VNFF_npp_d20151003_t1731466_e1737270_b20378_v21.csv,World_EEZ_v8_2014.shp,WPP_BFAR_merge.shp,KKP_IDN_merge_20161208.shp,VNF-VBD_npp_20120301-20151231_global_asia-enhanced_c201607211230.bitmask,NCEI_NGA.union.nga_lead2.add_2015ntl.mask,timezone.shp,VBD_platforms-recurring_2015_r20170330.shp,999999,VBD_bridges_c20160811.shp,9.202956;7.293124;4.987635;0.117751;-4.766567;-9.662423;-14.566307;-12.781590;-10.252750;-5.421471;-0.565886;4.309883,106.389061;120.204430;133.795395;132.636734;131.583801;130.626740;129.763702;115.696312;101.762085;103.094223;104.302101;105.397919,npp_d20151003_t1731466_e1737270_b20378,161.003,115.927,48.3148,98.9931,63.7483,67.1082
580,VBD_npp_d20151003_t1735240_x1104706E_y043784S_l1956_s1005_v23,2017-06-01 16:11:27,-4.378355,110.470589,16.1908,2015-10-03 17:35:24,2015-10-04 00:35:24,1956,1005,0.0843197,2,2465,0.384705,0.139591,0.693284,0.4,0.669668,0.75,0.0137301,0.0001,2.24624e-23,999999,1.308876e-01,3,Indonesian Exclusive Economic Zone,WPP712,,SVDNB_npp_d20151003_t1731466_e1737270_b20378_c20151003233728467558_noaa_ops.h5,GDNBO_npp_d20151003_t1731466_e1737270_b20378_c20151003233728467298_noaa_ops.h5,SVI04_npp_d20151003_t1731466_e1737270_b20378_c20151003233728541959_noaa_ops.dspace_rad,VNFF_npp_d20151003_t1731466_e1737270_b20378_v21.csv,World_EEZ_v8_2014.shp,WPP_BFAR_merge.shp,KKP_IDN_merge_20161208.shp,VNF-VBD_npp_20120301-20151231_global_asia-enhanced_c201607211230.bitmask,NCEI_NGA.union.nga_lead2.add_2015ntl.mask,timezone.shp,VBD_platforms-recurring_2015_r20170330.shp,999999,VBD_bridges_c20160811.shp,9.202956;7.293124;4.987635;0.117751;-4.766567;-9.662423;-14.566307;-12.781590;-10.252750;-5.421471;-0.565886;4.309883,106.389061;120.204430;133.795395;132.636734;131.583801;130.626740;129.763702;115.696312;101.762085;103.094223;104.302101;105.397919,npp_d20151003_t1731466_e1737270_b20378,160.992,116.033,48.3139,99.5531,63.7689,67.0924
581,VBD_npp_d20151003_t1735240_x1104672E_y043982S_l1959_s1005_v23,2017-06-01 16:11:27,-4.398243,110.467224,7.04074,2015-10-03 17:35:24,2015-10-04 00:35:24,1959,1005,0.086667,2,2209,0.179304,0.174157,0.651098,0.4,0.548655,0.75,0.0137266,0.0001,2.11449e-23,999999,-1.998797e-01,3,Indonesian Exclusive Economic Zone,WPP712,,SVDNB_npp_d20151003_t1731466_e1737270_b20378_c20151003233728467558_noaa_ops.h5,GDNBO_npp_d20151003_t1731466_e1737270_b20378_c20151003233728467298_noaa_ops.h5,SVI04_npp_d20151003_t1731466_e1737270_b20378_c20151003233728541959_noaa_ops.dspace_rad,VNFF_npp_d20151003_t1731466_e1737270_b20378_v21.csv,World_EEZ_v8_2014.shp,WPP_BFAR_merge.shp,KKP_IDN_merge_20161208.shp,VNF-VBD_npp_20120301-20151231_global_asia-enhanced_c201607211230.bitmask,NCEI_NGA.union.nga_lead2.add_2015ntl.mask,timezone.shp,VBD_platforms-recurring_2015_r20170330.shp,999999,VBD_bridges_c20160811.shp,9.202956;7.293124;4.987635;0.117751;-4.766567;-9.662423;-14.566307;-12.781590;-10.252750;-5.421471;-0.565886;4.309883,106.389061;120.204430;133.795395;132.636734;131.583801;130.626740;129.763702;115.696312;101.762085;103.094223;104.302101;105.397919,npp_d20151003_t1731466_e1737270_b20378,160.986,116.089,48.3141,99.3889,63.7798,67.0839
582,VBD_npp_d20151003_t1735133_x1106247E_y037511S_l1859_s1006_v23,2017-06-01 16:11:27,-3.751147,110.624725,28.9119,2015-10-03 17:35:13,2015-10-04 00:35:13,1859,1006,0.388262,1,2529,0.811177,0.156789,0.893327,0.4,0.933616,0.75,0.0138805,0.0001,4.23471e-23,999999,-3.368049e-02,3,Indonesian Exclusive Economic Zone,WPP712,,SVDNB_npp_d20151003_t1731466_e1737270_b20378_c20151003233728467558_noaa_ops.h5,GDNBO_npp_d20151003_t1731466_e1737270_b20378_c20151003233728467298_noaa_ops.h5,SVI04_npp_d20151003_t1731466_e1737270_b20378_c20151003233728541959_noaa_ops.dspace_rad,VNFF_npp_d20151003_t1731466_e1737270_b20378_v21.csv,World_EEZ_v8_2014.shp,WPP_BFAR_merge.shp,KKP_IDN_merge_20161208.shp,VNF-VBD_npp_20120301-20151231_global_asia-enhanced_c201607211230.bitmask,NCEI_NGA.union.nga_lead2.add_2015ntl.mask,timezone.shp,VBD_platforms-recurring_2015_r20170330.shp,999999,VBD_bridges_c20160811.shp,9.202956;7.293124;4.987635;0.117751;-4.766567;-9.662423;-14.566307;-12.781590;-10.252750;-5.421471;-0.565886;4.309883,106.389061;120.204430;133.795395;132.636734;131.583801;130.626740;129.763702;115.696312;101.762085;103.094223;104.302101;105.397919,npp_d20151003_t1731466_e1737270_b20378,161.159,114.233,48.2843,99.5222,63.4212,67.3603
583,VBD_npp_d20151003_t1735133_x1106181E_y037909S_l1865_s1006_v23,2017-06-01 16:11:27,-3.790909,110.618073,40.367,2015-10-03 17:35:13,2015-10-04 00:35:13,1865,1006,0.363367,8,18913,0.942317,0.16221,0.895387,0.4,0.948443,0.75,0.0138652,0.0001,3.76303e-23,999999,-8.555472e-02,3,Indonesian Exclusive Economic Zone,WPP712,,SVDNB_npp_d20151003_t1731466_e1737270_b20378_c20151003233728467558_noaa_ops.h5,GDNBO_npp_d20151003_t1731466_e1737270_b20378_c20151003233728467298_noaa_ops.h5,SVI04_npp_d20151003_t1731466_e1737270_b20378_c20151003233728541959_noaa_ops.dspace_rad,VNFF_npp_d20151003_t1731466_e1737270_b20378_v21.csv,World_EEZ_v8_2014.shp,WPP_BFAR_merge.shp,KKP_IDN_merge_20161208.shp,VNF-VBD_npp_20120301-20151231_global_asia-enhanced_c201607211230.bitmask,NCEI_NGA.union.nga_lead2.add_2015ntl.mask,timezone.shp,VBD_platforms-recurring_2015_r20170330.shp,0.317722,VBD_bridges_c20160811.shp,9.202956;7.293124;4.987635;0.117751;-4.766567;-9.662423;-14.566307;-12.781590;-10.252750;-5.421471;-0.565886;4.309883,106.389061;120.204430;133.795395;132.636734;131.583801;130.626740;129.763702;115.696312;101.762085;103.094223;104.302101;105.397919,npp_d20151003_t1731466_e1737270_b20378,161.149,114.348,48.2848,99.1937,63.4428,67.3431
584,VBD_npp_d20151003_t1735276_x1104345E_y045810S_l1987_s1007_v23,2017-06-01 16:11:27,-4.581006,110.434486,35.8605,2015-10-03 17:35:27,2015-10-04 00:35:27,1987,1007,0.246854,1,2529,0.87704,0.15164,0.878124,0.4,0.939994,0.75,0.0136958,0.0001,2.15535e-23,999999,1.559687e-02,3,Indonesian Exclusive Economic Zone,WPP712,,SVDNB_npp_d20151003_t1731466_e1737270_b20378_c20151003233728467558_noaa_ops.h5,GDNBO_npp_d20151003_t1731466_e1737270_b20378_c20151003233728467298_noaa_ops.h5,SVI04_npp_d20151003_t1731466_e1737270_b20378_c20151003233728541959_noaa_ops.dspace_rad,VNFF_npp_d20151003_t1731466_e1737270_b20378_v21.csv,World_EEZ_v8_2014.shp,WPP_BFAR_merge.shp,KKP_IDN_merge_20161208.shp,VNF-VBD_npp_20120301-20151231_global_asia-enhanced_c201607211230.bitmask,NCEI_NGA.union.nga_lead2.add_2015ntl.mask,timezone.shp,VBD_platforms-recurring_2015_r20170330.shp,999999,VBD_bridges_c20160811.shp,9.202956;7.293124;4.987635;0.117751;-4.766567;-9.662423;-14.566307;-12.781590;-10.252750;-5.421471;-0.565886;4.309883,106.389061;120.204430;133.795395;132.636734;131.583801;130.626740;129.763702;115.696312;101.762085;103.094223;104.302101;105.397919,npp_d20151003_t1731466_e1737270_b20378,160.921,116.588,48.258,99.635,63.8687,67.0031
585,VBD_npp_d20151003_t1735204_x1105417E_y041544S_l1921_s1008_v23,2017-06-01 16:11:27,-4.154438,110.541710,58.7256,2015-10-03 17:35:20,2015-10-04 00:35:20,1921,1008,0.331215,1,2529,1.00299,0.152815,0.877388,0.4,0.94968,0.75,0.0137817,0.0001,3.48434e-23,999999,4.352191e-03,3,Indonesian Exclusive Economic Zone,WPP712,,SVDNB_npp_d20151003_t1731466_e1737270_b20378_c20151003233728467558_noaa_ops.h5,GDNBO_npp_d20151003_t1731466_e1737270_b20378_c20151003233728467298_noaa_ops.h5,SVI04_npp_d20151003_t1731466_e1737270_b20378_c20151003233728541959_noaa_ops.dspace_rad,VNFF_npp_d20151003_t1731466_e1737270_b20378_v21.csv,World_EEZ_v8_2014.shp,WPP_BFAR_merge.shp,KKP_IDN_merge_20161208.shp,VNF-VBD_npp_20120301-20151231_global_asia-enhanced_c201607211230.bitmask,NCEI_NGA.union.nga_lead2.add_2015ntl.mask,timezone.shp,VBD_platforms-recurring_2015_r20170330.shp,999999,VBD_bridges_c20160811.shp,9.202956;7.293124;4.987635;0.117751;-4.766567;-9.662423;-14.566307;-12.781590;-10.252750;-5.421471;-0.565886;4.309883,106.389061;120.204430;133.795395;132.636734;131.583801;130.626740;129.763702;115.696312;101.762085;103.094223;104.302101;105.397919,npp_d20151003_t1731466_e1737270_b20378,161.038,115.371,48.226,99.6879,63.6286,67.1827
586,VBD_npp_d20151003_t1735240_x1104896E_y043816S_l1956_s1008_v23,2017-06-01 16:11:27,-4.381554,110.489586,7.03549,2015-10-03 17:35:24,2015-10-04 00:35:24,1956,1008,0.0901524,2,2209,0.181886,0.172876,0.658662,0.4,0.543615,0.75,0.0137415,0.0001,2.73864e-23,999999,-1.876233e-01,3,Indonesian Exclusive Economic Zone,WPP712,,SVDNB_npp_d20151003_t1731466_e1737270_b20378_c20151003233728467558_noaa_ops.h5,GDNBO_npp_d20151003_t1731466_e1737270_b20378_c20151003233728467298_noaa_ops.h5,SVI04_npp_d20151003_t1731466_e1737270_b20378_c20151003233728541959_noaa_ops.dspace_rad,VNFF_npp_d20151003_t1731466_e1737270_b20378_v21.csv,World_EEZ_v8_2014.shp,WPP_BFAR_merge.shp,KKP_IDN_merge_20161208.shp,VNF-VBD_npp_20120301-20151231_global_asia-enhanced_c201607211230.bitmask,NCEI_NGA.union.nga_lead2.add_2015ntl.mask,timezone.shp,VBD_platforms-recurring_2015_r20170330.shp,999999,VBD_bridges_c20160811.shp,9.202956;7.293124;4.987635;0.117751;-4.766567;-9.662423;-14.566307;-12.781590;-10.252750;-5.421471;-0.565886;4.309883,106.389061;120.204430;133.795395;132.636734;131.583801;130.626740;129.763702;115.696312;101.762085;103.094223;104.302101;105.397919,npp_d20151003_t1731466_e1737270_b20378,160.973,116.016,48.2248,99.5519,63.7526,67.0856
587,VBD_npp_d20151003_t1735133_x1106442E_y037532S_l1859_s1009_v23,2017-06-01 16:11:27,-3.753174,110.644218,29.4759,2015-10-03 17:35:13,2015-10-04 00:35:13,1859,1009,0.38307,1,2529,0.755963,0.146368,0.902447,0.4,0.893406,0.75,0.0138919,0.0001,5.1827e-23,999999,6.604319e-02,3,Indonesian Exclusive Economic Zone,WPP712,,SVDNB_npp_d20151003_t1731466_e1737270_b20378_c20151003233728467558_noaa_ops.h5,GDNBO_npp_d20151003_t1731466_e1737270_b20378_c20151003233728467298_noaa_ops.h5,SVI04_npp_d20151003_t1731466_e1737270_b20378_c20151003233728541959_noaa_ops.dspace_rad,VNFF_npp_d20151003_t1731466_e1737270_b20378_v21.csv,World_EEZ_v8_2014.shp,WPP_BFAR_merge.shp,KKP_IDN_merge_20161208.shp,VNF-VBD_npp_20120301-20151231_global_asia-enhanced_c201607211230.bitmask,NCEI_NGA.union.nga_lead2.add_2015ntl.mask,timezone.shp,VBD_platforms-recurring_2015_r20170330.shp,999999,VBD_bridges_c20160811.shp,9.202956;7.293124;4.987635;0.117751;-4.766567;-9.662423;-14.566307;-12.781590;-10.252750;-5.421471;-0.565886;4.309883,106.389061;120.204430;133.795395;132.636734;131.583801;130.626740;129.763702;115.696312;101.762085;103.094223;104.302101;105.397919,npp_d20151003_t1731466_e1737270_b20378,161.141,114.214,48.1938,99.5312,63.4039,67.3542
588,VBD_npp_d20151003_t1735187_x1105619E_y041185S_l1915_s1009_v23,2017-06-01 16:11:27,-4.118451,110.561867,29.2429,2015-10-03 17:35:18,2015-10-04 00:35:18,1915,1009,0.318554,1,2529,0.682203,0.192136,0.874478,0.4,0.888894,0.75,0.0137924,0.0001,3.35694e-23,999999,-3.719201e-01,3,Indonesian Exclusive Economic Zone,WPP712,,SVDNB_npp_d20151003_t1731466_e1737270_b20378_c20151003233728467558_noaa_ops.h5,GDNBO_npp_d20151003_t1731466_e1737270_b20378_c20151003233728467298_noaa_ops.h5,SVI04_npp_d20151003_t1731466_e1737270_b20378_c20151003233728541959_noaa_ops.dspace_rad,VNFF_npp_d20151003_t1731466_e1737270_b20378_v21.csv,World_EEZ_v8_2014.shp,WPP_BFAR_merge.shp,KKP_IDN_merge_20161208.shp,VNF-VBD_npp_20120301-20151231_global_asia-enhanced_c201607211230.bitmask,NCEI_NGA.union.nga_lead2.add_2015ntl.mask,timezone.shp,VBD_platforms-recurring_2015_r20170330.shp,999999,VBD_bridges_c20160811.shp,9.202956;7.293124;4.987635;0.117751;-4.766567;-9.662423;-14.566307;-12.781590;-10.252750;-5.421471;-0.565886;4.309883,106.389061;120.204430;133.795395;132.636734;131.583801;130.626740;129.763702;115.696312;101.762085;103.094223;104.302101;105.397919,npp_d20151003_t1731466_e1737270_b20378,161.042,115.26,48.1946,99.1227,63.6025,67.1962
589,VBD_npp_d20151003_t1735187_x1105596E_y041321S_l1917_s1009_v23,2017-06-01 16:11:27,-4.132123,110.559555,43.3104,2015-10-03 17:35:18,2015-10-04 00:35:18,1917,1009,0.316776,1,2529,0.808845,0.188291,0.874478,0.4,0.896839,0.75,0.0137901,0.0001,3.22012e-23,999999,-3.351296e-01,3,Indonesian Exclusive Economic Zone,WPP712,,SVDNB_npp_d20151003_t1731466_e1737270_b20378_c20151003233728467558_noaa_ops.h5,GDNBO_npp_d20151003_t1731466_e1737270_b20378_c20151003233728467298_noaa_ops.h5,SVI04_npp_d20151003_t1731466_e1737270_b20378_c20151003233728541959_noaa_ops.dspace_rad,VNFF_npp_d20151003_t1731466_e1737270_b20378_v21.csv,World_EEZ_v8_2014.shp,WPP_BFAR_merge.shp,KKP_IDN_merge_20161208.shp,VNF-VBD_npp_20120301-20151231_global_asia-enhanced_c201607211230.bitmask,NCEI_NGA.union.nga_lead2.add_2015ntl.mask,timezone.shp,VBD_platforms-recurring_2015_r20170330.shp,999999,VBD_bridges_c20160811.shp,9.202956;7.293124;4.987635;0.117751;-4.766567;-9.662423;-14.566307;-12.781590;-10.252750;-5.421471;-0.565886;4.309883,106.389061;120.204430;133.795395;132.636734;131.583801;130.626740;129.763702;115.696312;101.762085;103.094223;104.302101;105.397919,npp_d20151003_t1731466_e1737270_b20378,161.038,115.299,48.1952,99.0094,63.61,67.1904
590,VBD_npp_d20151003_t1731523_x1132563E_y079852N_l0051_s1010_v23,2017-06-01 16:11:27,7.985250,113.256279,8.68152,2015-10-03 17:31:52,2015-10-04 01:31:52,51,1010,0.24472,1,2529,0.447832,0.152318,0.746897,0.4,0.889719,0.75,0.0176603,0.0001,1.6704e-19,999999,-1.616383e-01,3,Spratly Islands Exclusive Economic Zone,,,SVDNB_npp_d20151003_t1731466_e1737270_b20378_c20151003233728467558_noaa_ops.h5,GDNBO_npp_d20151003_t1731466_e1737270_b20378_c20151003233728467298_noaa_ops.h5,SVI04_npp_d20151003_t1731466_e1737270_b20378_c20151003233728541959_noaa_ops.dspace_rad,VNFF_npp_d20151003_t1731466_e1737270_b20378_v21.csv,World_EEZ_v8_2014.shp,WPP_BFAR_merge.shp,KKP_IDN_merge_20161208.shp,VNF-VBD_npp_20120301-20151231_global_asia-enhanced_c201607211230.bitmask,NCEI_NGA.union.nga_lead2.add_2015ntl.mask,timezone.shp,VBD_platforms-recurring_2015_r20170330.shp,999999,VBD_bridges_c20160811.shp,9.202956;7.293124;4.987635;0.117751;-4.766567;-9.662423;-14.566307;-12.781590;-10.252750;-5.421471;-0.565886;4.309883,106.389061;120.204430;133.795395;132.636734;131.583801;130.626740;129.763702;115.696312;101.762085;103.094223;104.302101;105.397919,npp_d20151003_t1731466_e1737270_b20378,160.735,79.2761,48.1475,98.1537,57.7037,73.551
591,VBD_npp_d20151003_t1735133_x1106420E_y038090S_l1867_s1010_v23,2017-06-01 16:11:27,-3.809003,110.642006,22.63,2015-10-03 17:35:13,2015-10-04 00:35:13,1867,1010,0.369697,1,2529,0.679925,0.153108,0.880773,0.4,0.85499,0.75,0.0138752,0.0001,4.73226e-23,999999,1.545729e-03,3,Indonesian Exclusive Economic Zone,WPP712,,SVDNB_npp_d20151003_t1731466_e1737270_b20378_c20151003233728467558_noaa_ops.h5,GDNBO_npp_d20151003_t1731466_e1737270_b20378_c20151003233728467298_noaa_ops.h5,SVI04_npp_d20151003_t1731466_e1737270_b20378_c20151003233728541959_noaa_ops.dspace_rad,VNFF_npp_d20151003_t1731466_e1737270_b20378_v21.csv,World_EEZ_v8_2014.shp,WPP_BFAR_merge.shp,KKP_IDN_merge_20161208.shp,VNF-VBD_npp_20120301-20151231_global_asia-enhanced_c201607211230.bitmask,NCEI_NGA.union.nga_lead2.add_2015ntl.mask,timezone.shp,VBD_platforms-recurring_2015_r20170330.shp,999999,VBD_bridges_c20160811.shp,9.202956;7.293124;4.987635;0.117751;-4.766567;-9.662423;-14.566307;-12.781590;-10.252750;-5.421471;-0.565886;4.309883,106.389061;120.204430;133.795395;132.636734;131.583801;130.626740;129.763702;115.696312;101.762085;103.094223;104.302101;105.397919,npp_d20151003_t1731466_e1737270_b20378,161.12,114.366,48.1621,99.0775,63.4276,67.328
592,VBD_npp_d20151003_t1735187_x1105723E_y041412S_l1918_s1011_v23,2017-06-01 16:11:27,-4.141220,110.572296,62.3477,2015-10-03 17:35:18,2015-10-04 00:35:18,1918,1011,0.318056,8,18913,0.66316,0.161022,0.885686,0.4,0.893883,0.75,0.0137965,0.0001,3.64186e-23,999999,-7.418597e-02,3,Indonesian Exclusive Economic Zone,WPP712,,SVDNB_npp_d20151003_t1731466_e1737270_b20378_c20151003233728467558_noaa_ops.h5,GDNBO_npp_d20151003_t1731466_e1737270_b20378_c20151003233728467298_noaa_ops.h5,SVI04_npp_d20151003_t1731466_e1737270_b20378_c20151003233728541959_noaa_ops.dspace_rad,VNFF_npp_d20151003_t1731466_e1737270_b20378_v21.csv,World_EEZ_v8_2014.shp,WPP_BFAR_merge.shp,KKP_IDN_merge_20161208.shp,VNF-VBD_npp_20120301-20151231_global_asia-enhanced_c201607211230.bitmask,NCEI_NGA.union.nga_lead2.add_2015ntl.mask,timezone.shp,VBD_platforms-recurring_2015_r20170330.shp,0.303989,VBD_bridges_c20160811.shp,9.202956;7.293124;4.987635;0.117751;-4.766567;-9.662423;-14.566307;-12.781590;-10.252750;-5.421471;-0.565886;4.309883,106.389061;120.204430;133.795395;132.636734;131.583801;130.626740;129.763702;115.696312;101.762085;103.094223;104.302101;105.397919,npp_d20151003_t1731466_e1737270_b20378,161.023,115.306,48.1303,98.9514,63.6018,67.1826
593,VBD_npp_d20151003_t1735347_x1103629E_y049988S_l2051_s1011_v23,2017-06-01 16:11:27,-4.998769,110.362930,26.4294,2015-10-03 17:35:34,2015-10-04 00:35:34,2051,1011,0.355756,8,18913,0.876919,0.153112,0.889779,0.4,0.963952,0.75,0.0135402,0.0001,1.97034e-23,999999,1.502441e-03,3,Indonesian Exclusive Economic Zone,WPP712,,SVDNB_npp_d20151003_t1731466_e1737270_b20378_c20151003233728467558_noaa_ops.h5,GDNBO_npp_d20151003_t1731466_e1737270_b20378_c20151003233728467298_noaa_ops.h5,SVI04_npp_d20151003_t1731466_e1737270_b20378_c20151003233728541959_noaa_ops.dspace_rad,VNFF_npp_d20151003_t1731466_e1737270_b20378_v21.csv,World_EEZ_v8_2014.shp,WPP_BFAR_merge.shp,KKP_IDN_merge_20161208.shp,VNF-VBD_npp_20120301-20151231_global_asia-enhanced_c201607211230.bitmask,NCEI_NGA.union.nga_lead2.add_2015ntl.mask,timezone.shp,VBD_platforms-recurring_2015_r20170330.shp,0.145003,VBD_bridges_c20160811.shp,9.202956;7.293124;4.987635;0.117751;-4.766567;-9.662423;-14.566307;-12.781590;-10.252750;-5.421471;-0.565886;4.309883,106.389061;120.204430;133.795395;132.636734;131.583801;130.626740;129.763702;115.696312;101.762085;103.094223;104.302101;105.397919,npp_d20151003_t1731466_e1737270_b20378,160.767,117.716,48.1319,99.6999,64.0734,66.8204
594,VBD_npp_d20151003_t1735169_x1106077E_y040116S_l1898_s1012_v23,2017-06-01 16:11:27,-4.011559,110.607689,3.09183,2015-10-03 17:35:16,2015-10-04 00:35:16,1898,1012,0.370266,2,2209,0.18135,0.158321,0.739111,0.4,0.664918,0.75,0.0138234,0.0001,4.6252e-23,999999,-4.834262e-02,3,Indonesian Exclusive Economic Zone,WPP712,,SVDNB_npp_d20151003_t1731466_e1737270_b20378_c20151003233728467558_noaa_ops.h5,GDNBO_npp_d20151003_t1731466_e1737270_b20378_c20151003233728467298_noaa_ops.h5,SVI04_npp_d20151003_t1731466_e1737270_b20378_c20151003233728541959_noaa_ops.dspace_rad,VNFF_npp_d20151003_t1731466_e1737270_b20378_v21.csv,World_EEZ_v8_2014.shp,WPP_BFAR_merge.shp,KKP_IDN_merge_20161208.shp,VNF-VBD_npp_20120301-20151231_global_asia-enhanced_c201607211230.bitmask,NCEI_NGA.union.nga_lead2.add_2015ntl.mask,timezone.shp,VBD_platforms-recurring_2015_r20170330.shp,999999,VBD_bridges_c20160811.shp,9.202956;7.293124;4.987635;0.117751;-4.766567;-9.662423;-14.566307;-12.781590;-10.252750;-5.421471;-0.565886;4.309883,106.389061;120.204430;133.795395;132.636734;131.583801;130.626740;129.763702;115.696312;101.762085;103.094223;104.302101;105.397919,npp_d20151003_t1731466_e1737270_b20378,161.053,114.928,48.0991,99.1617,63.525,67.2366
595,VBD_npp_d20151003_t1735204_x1105591E_y042189S_l1930_s1012_v23,2017-06-01 16:11:27,-4.218885,110.559105,26.6832,2015-10-03 17:35:20,2015-10-04 00:35:20,1930,1012,0.270327,8,18913,0.776925,0.161926,0.883533,0.4,0.922059,0.75,0.0137865,0.0001,3.86871e-23,999999,-8.283420e-02,3,Indonesian Exclusive Economic Zone,WPP712,,SVDNB_npp_d20151003_t1731466_e1737270_b20378_c20151003233728467558_noaa_ops.h5,GDNBO_npp_d20151003_t1731466_e1737270_b20378_c20151003233728467298_noaa_ops.h5,SVI04_npp_d20151003_t1731466_e1737270_b20378_c20151003233728541959_noaa_ops.dspace_rad,VNFF_npp_d20151003_t1731466_e1737270_b20378_v21.csv,World_EEZ_v8_2014.shp,WPP_BFAR_merge.shp,KKP_IDN_merge_20161208.shp,VNF-VBD_npp_20120301-20151231_global_asia-enhanced_c201607211230.bitmask,NCEI_NGA.union.nga_lead2.add_2015ntl.mask,timezone.shp,VBD_platforms-recurring_2015_r20170330.shp,0.450117,VBD_bridges_c20160811.shp,9.202956;7.293124;4.987635;0.117751;-4.766567;-9.662423;-14.566307;-12.781590;-10.252750;-5.421471;-0.565886;4.309883,106.389061;120.204430;133.795395;132.636734;131.583801;130.626740;129.763702;115.696312;101.762085;103.094223;104.302101;105.397919,npp_d20151003_t1731466_e1737270_b20378,160.995,115.518,48.0975,99.1896,63.6377,67.1474
596,VBD_npp_d20151003_t1735133_x1106662E_y037919S_l1864_s1013_v23,2017-06-01 16:11:27,-3.791934,110.666237,34.6121,2015-10-03 17:35:13,2015-10-04 00:35:13,1864,1013,0.374178,1,2529,0.867326,0.169056,0.893453,0.4,0.937835,0.75,0.0138943,0.0001,6.22742e-23,999999,-1.510625e-01,3,Indonesian Exclusive Economic Zone,WPP712,,SVDNB_npp_d20151003_t1731466_e1737270_b20378_c20151003233728467558_noaa_ops.h5,GDNBO_npp_d20151003_t1731466_e1737270_b20378_c20151003233728467298_noaa_ops.h5,SVI04_npp_d20151003_t1731466_e1737270_b20378_c20151003233728541959_noaa_ops.dspace_rad,VNFF_npp_d20151003_t1731466_e1737270_b20378_v21.csv,World_EEZ_v8_2014.shp,WPP_BFAR_merge.shp,KKP_IDN_merge_20161208.shp,VNF-VBD_npp_20120301-20151231_global_asia-enhanced_c201607211230.bitmask,NCEI_NGA.union.nga_lead2.add_2015ntl.mask,timezone.shp,VBD_platforms-recurring_2015_r20170330.shp,999999,VBD_bridges_c20160811.shp,9.202956;7.293124;4.987635;0.117751;-4.766567;-9.662423;-14.566307;-12.781590;-10.252750;-5.421471;-0.565886;4.309883,106.389061;120.204430;133.795395;132.636734;131.583801;130.626740;129.763702;115.696312;101.762085;103.094223;104.302101;105.397919,npp_d20151003_t1731466_e1737270_b20378,161.105,114.289,48.0636,99.246,63.3985,67.3298
597,VBD_npp_d20151003_t1735187_x1105896E_y041230S_l1915_s1013_v23,2017-06-01 16:11:27,-4.123008,110.589615,45.5625,2015-10-03 17:35:18,2015-10-04 00:35:18,1915,1013,0.373254,8,18913,0.849077,0.169139,0.885686,0.4,0.92691,0.75,0.0138076,0.0001,4.4728e-23,999999,-1.518581e-01,3,Indonesian Exclusive Economic Zone,WPP712,,SVDNB_npp_d20151003_t1731466_e1737270_b20378_c20151003233728467558_noaa_ops.h5,GDNBO_npp_d20151003_t1731466_e1737270_b20378_c20151003233728467298_noaa_ops.h5,SVI04_npp_d20151003_t1731466_e1737270_b20378_c20151003233728541959_noaa_ops.dspace_rad,VNFF_npp_d20151003_t1731466_e1737270_b20378_v21.csv,World_EEZ_v8_2014.shp,WPP_BFAR_merge.shp,KKP_IDN_merge_20161208.shp,VNF-VBD_npp_20120301-20151231_global_asia-enhanced_c201607211230.bitmask,NCEI_NGA.union.nga_lead2.add_2015ntl.mask,timezone.shp,VBD_platforms-recurring_2015_r20170330.shp,0.336815,VBD_bridges_c20160811.shp,9.202956;7.293124;4.987635;0.117751;-4.766567;-9.662423;-14.566307;-12.781590;-10.252750;-5.421471;-0.565886;4.309883,106.389061;120.204430;133.795395;132.636734;131.583801;130.626740;129.763702;115.696312;101.762085;103.094223;104.302101;105.397919,npp_d20151003_t1731466_e1737270_b20378,161.015,115.236,48.0641,99.1203,63.5786,67.1865
598,VBD_npp_d20151003_t1735276_x1104685E_y046276S_l1993_s1013_v23,2017-06-01 16:11:27,-4.627635,110.468483,14.851,2015-10-03 17:35:27,2015-10-04 00:35:27,1993,1013,0.230992,1,2529,0.560604,0.157589,0.870191,0.4,0.841523,0.75,0.0137025,0.0001,2.92072e-23,999999,-4.133231e-02,3,Indonesian Exclusive Economic Zone,WPP712,,SVDNB_npp_d20151003_t1731466_e1737270_b20378_c20151003233728467558_noaa_ops.h5,GDNBO_npp_d20151003_t1731466_e1737270_b20378_c20151003233728467298_noaa_ops.h5,SVI04_npp_d20151003_t1731466_e1737270_b20378_c20151003233728541959_noaa_ops.dspace_rad,VNFF_npp_d20151003_t1731466_e1737270_b20378_v21.csv,World_EEZ_v8_2014.shp,WPP_BFAR_merge.shp,KKP_IDN_merge_20161208.shp,VNF-VBD_npp_20120301-20151231_global_asia-enhanced_c201607211230.bitmask,NCEI_NGA.union.nga_lead2.add_2015ntl.mask,timezone.shp,VBD_platforms-recurring_2015_r20170330.shp,999999,VBD_bridges_c20160811.shp,9.202956;7.293124;4.987635;0.117751;-4.766567;-9.662423;-14.566307;-12.781590;-10.252750;-5.421471;-0.565886;4.309883,106.389061;120.204430;133.795395;132.636734;131.583801;130.626740;129.763702;115.696312;101.762085;103.094223;104.302101;105.397919,npp_d20151003_t1731466_e1737270_b20378,160.87,116.662,48.0671,99.3019,63.8556,66.9718
599,VBD_npp_d20151003_t1735204_x1105810E_y041734S_l1923_s1014_v23,2017-06-01 16:11:27,-4.173433,110.580978,44.6167,2015-10-03 17:35:20,2015-10-04 00:35:20,1923,1014,0.3554,8,18913,0.922174,0.149477,0.884286,0.4,0.939376,0.75,0.0138022,0.0001,5.15132e-23,999999,3.628651e-02,3,Indonesian Exclusive Economic Zone,WPP712,,SVDNB_npp_d20151003_t1731466_e1737270_b20378_c20151003233728467558_noaa_ops.h5,GDNBO_npp_d20151003_t1731466_e1737270_b20378_c20151003233728467298_noaa_ops.h5,SVI04_npp_d20151003_t1731466_e1737270_b20378_c20151003233728541959_noaa_ops.dspace_rad,VNFF_npp_d20151003_t1731466_e1737270_b20378_v21.csv,World_EEZ_v8_2014.shp,WPP_BFAR_merge.shp,KKP_IDN_merge_20161208.shp,VNF-VBD_npp_20120301-20151231_global_asia-enhanced_c201607211230.bitmask,NCEI_NGA.union.nga_lead2.add_2015ntl.mask,timezone.shp,VBD_platforms-recurring_2015_r20170330.shp,0.389536,VBD_bridges_c20160811.shp,9.202956;7.293124;4.987635;0.117751;-4.766567;-9.662423;-14.566307;-12.781590;-10.252750;-5.421471;-0.565886;4.309883,106.389061;120.204430;133.795395;132.636734;131.583801;130.626740;129.763702;115.696312;101.762085;103.094223;104.302101;105.397919,npp_d20151003_t1731466_e1737270_b20378,160.995,115.37,48.0316,99.586,63.5997,67.163
600,VBD_npp_d20151003_t1735276_x1104800E_y046015S_l1989_s1014_v23,2017-06-01 16:11:27,-4.601509,110.480026,22.6372,2015-10-03 17:35:27,2015-10-04 00:35:27,1989,1014,0.200334,1,2529,0.689882,0.146657,0.877469,0.4,0.9047,0.75,0.013717,0.0001,3.41153e-23,999999,6.327613e-02,3,Indonesian Exclusive Economic Zone,WPP712,,SVDNB_npp_d20151003_t1731466_e1737270_b20378_c20151003233728467558_noaa_ops.h5,GDNBO_npp_d20151003_t1731466_e1737270_b20378_c20151003233728467298_noaa_ops.h5,SVI04_npp_d20151003_t1731466_e1737270_b20378_c20151003233728541959_noaa_ops.dspace_rad,VNFF_npp_d20151003_t1731466_e1737270_b20378_v21.csv,World_EEZ_v8_2014.shp,WPP_BFAR_merge.shp,KKP_IDN_merge_20161208.shp,VNF-VBD_npp_20120301-20151231_global_asia-enhanced_c201607211230.bitmask,NCEI_NGA.union.nga_lead2.add_2015ntl.mask,timezone.shp,VBD_platforms-recurring_2015_r20170330.shp,999999,VBD_bridges_c20160811.shp,9.202956;7.293124;4.987635;0.117751;-4.766567;-9.662423;-14.566307;-12.781590;-10.252750;-5.421471;-0.565886;4.309883,106.389061;120.204430;133.795395;132.636734;131.583801;130.626740;129.763702;115.696312;101.762085;103.094223;104.302101;105.397919,npp_d20151003_t1731466_e1737270_b20378,160.871,116.579,48.034,99.5284,63.8346,66.9808
601,VBD_npp_d20151003_t1735187_x1106115E_y041196S_l1914_s1016_v23,2017-06-01 16:11:27,-4.119600,110.611504,57.08,2015-10-03 17:35:18,2015-10-04 00:35:18,1914,1016,0.383995,1,2529,0.979712,0.147387,0.878894,0.4,0.941338,0.75,0.0138201,0.0001,5.65344e-23,999999,5.628741e-02,3,Indonesian Exclusive Economic Zone,WPP712,,SVDNB_npp_d20151003_t1731466_e1737270_b20378_c20151003233728467558_noaa_ops.h5,GDNBO_npp_d20151003_t1731466_e1737270_b20378_c20151003233728467298_noaa_ops.h5,SVI04_npp_d20151003_t1731466_e1737270_b20378_c20151003233728541959_noaa_ops.dspace_rad,VNFF_npp_d20151003_t1731466_e1737270_b20378_v21.csv,World_EEZ_v8_2014.shp,WPP_BFAR_merge.shp,KKP_IDN_merge_20161208.shp,VNF-VBD_npp_20120301-20151231_global_asia-enhanced_c201607211230.bitmask,NCEI_NGA.union.nga_lead2.add_2015ntl.mask,timezone.shp,VBD_platforms-recurring_2015_r20170330.shp,999999,VBD_bridges_c20160811.shp,9.202956;7.293124;4.987635;0.117751;-4.766567;-9.662423;-14.566307;-12.781590;-10.252750;-5.421471;-0.565886;4.309883,106.389061;120.204430;133.795395;132.636734;131.583801;130.626740;129.763702;115.696312;101.762085;103.094223;104.302101;105.397919,npp_d20151003_t1731466_e1737270_b20378,160.997,115.198,47.966,99.1753,63.557,67.1822
602,VBD_npp_d20151003_t1735187_x1106069E_y041469S_l1918_s1016_v23,2017-06-01 16:11:27,-4.146850,110.606911,17.9703,2015-10-03 17:35:18,2015-10-04 00:35:18,1918,1016,0.353266,1,2529,0.560138,0.150496,0.888598,0.4,0.853677,0.75,0.0138155,0.0001,5.20597e-23,999999,2.653795e-02,3,Indonesian Exclusive Economic Zone,WPP712,,SVDNB_npp_d20151003_t1731466_e1737270_b20378_c20151003233728467558_noaa_ops.h5,GDNBO_npp_d20151003_t1731466_e1737270_b20378_c20151003233728467298_noaa_ops.h5,SVI04_npp_d20151003_t1731466_e1737270_b20378_c20151003233728541959_noaa_ops.dspace_rad,VNFF_npp_d20151003_t1731466_e1737270_b20378_v21.csv,World_EEZ_v8_2014.shp,WPP_BFAR_merge.shp,KKP_IDN_merge_20161208.shp,VNF-VBD_npp_20120301-20151231_global_asia-enhanced_c201607211230.bitmask,NCEI_NGA.union.nga_lead2.add_2015ntl.mask,timezone.shp,VBD_platforms-recurring_2015_r20170330.shp,999999,VBD_bridges_c20160811.shp,9.202956;7.293124;4.987635;0.117751;-4.766567;-9.662423;-14.566307;-12.781590;-10.252750;-5.421471;-0.565886;4.309883,106.389061;120.204430;133.795395;132.636734;131.583801;130.626740;129.763702;115.696312;101.762085;103.094223;104.302101;105.397919,npp_d20151003_t1731466_e1737270_b20378,160.99,115.276,47.9672,98.9479,63.5719,67.1705
603,VBD_npp_d20151003_t1735240_x1105563E_y044477S_l1964_s1019_v23,2017-06-01 16:11:27,-4.447746,110.556328,29.1272,2015-10-03 17:35:24,2015-10-04 00:35:24,1964,1019,0.212711,1,2529,0.722476,0.177669,0.828968,0.4,0.873922,0.75,0.0137739,0.0001,5.10769e-23,999999,-2.334831e-01,3,Indonesian Exclusive Economic Zone,WPP712,,SVDNB_npp_d20151003_t1731466_e1737270_b20378_c20151003233728467558_noaa_ops.h5,GDNBO_npp_d20151003_t1731466_e1737270_b20378_c20151003233728467298_noaa_ops.h5,SVI04_npp_d20151003_t1731466_e1737270_b20378_c20151003233728541959_noaa_ops.dspace_rad,VNFF_npp_d20151003_t1731466_e1737270_b20378_v21.csv,World_EEZ_v8_2014.shp,WPP_BFAR_merge.shp,KKP_IDN_merge_20161208.shp,VNF-VBD_npp_20120301-20151231_global_asia-enhanced_c201607211230.bitmask,NCEI_NGA.union.nga_lead2.add_2015ntl.mask,timezone.shp,VBD_platforms-recurring_2015_r20170330.shp,999999,VBD_bridges_c20160811.shp,9.202956;7.293124;4.987635;0.117751;-4.766567;-9.662423;-14.566307;-12.781590;-10.252750;-5.421471;-0.565886;4.309883,106.389061;120.204430;133.795395;132.636734;131.583801;130.626740;129.763702;115.696312;101.762085;103.094223;104.302101;105.397919,npp_d20151003_t1731466_e1737270_b20378,160.885,116.098,47.8688,99.0997,63.7168,67.036
604,VBD_npp_d20151003_t1733017_x1124528E_y038834N_l0680_s1020_v23,2017-06-01 16:11:27,3.883363,112.452835,67.6335,2015-10-03 17:33:01,2015-10-04 01:33:01,680,1020,0.252473,4,35301,0.793219,0.138071,0.719373,0.4,0.876651,0.75,0.0164989,0.0001,2.84266e-20,999999,-9.343360e-03,3,Malaysian Exclusive Economic Zone,,,SVDNB_npp_d20151003_t1731466_e1737270_b20378_c20151003233728467558_noaa_ops.h5,GDNBO_npp_d20151003_t1731466_e1737270_b20378_c20151003233728467298_noaa_ops.h5,SVI04_npp_d20151003_t1731466_e1737270_b20378_c20151003233728541959_noaa_ops.dspace_rad,VNFF_npp_d20151003_t1731466_e1737270_b20378_v21.csv,World_EEZ_v8_2014.shp,WPP_BFAR_merge.shp,KKP_IDN_merge_20161208.shp,VNF-VBD_npp_20120301-20151231_global_asia-enhanced_c201607211230.bitmask,NCEI_NGA.union.nga_lead2.add_2015ntl.mask,timezone.shp,VBD_platforms-recurring_2015_r20170330.shp,999999,VBD_bridges_c20160811.shp,9.202956;7.293124;4.987635;0.117751;-4.766567;-9.662423;-14.566307;-12.781590;-10.252750;-5.421471;-0.565886;4.309883,106.389061;120.204430;133.795395;132.636734;131.583801;130.626740;129.763702;115.696312;101.762085;103.094223;104.302101;105.397919,npp_d20151003_t1731466_e1737270_b20378,161.594,91.1065,47.8214,98.3079,59.4618,71.1308
605,VBD_npp_d20151003_t1735204_x1106234E_y041736S_l1922_s1020_v23,2017-06-01 16:11:27,-4.173591,110.623444,43.2405,2015-10-03 17:35:20,2015-10-04 00:35:20,1922,1020,0.377024,1,2529,0.933117,0.153495,0.880436,0.4,0.943558,0.75,0.0138261,0.0001,8.0358e-23,999999,-2.160435e-03,3,Indonesian Exclusive Economic Zone,WPP712,,SVDNB_npp_d20151003_t1731466_e1737270_b20378_c20151003233728467558_noaa_ops.h5,GDNBO_npp_d20151003_t1731466_e1737270_b20378_c20151003233728467298_noaa_ops.h5,SVI04_npp_d20151003_t1731466_e1737270_b20378_c20151003233728541959_noaa_ops.dspace_rad,VNFF_npp_d20151003_t1731466_e1737270_b20378_v21.csv,World_EEZ_v8_2014.shp,WPP_BFAR_merge.shp,KKP_IDN_merge_20161208.shp,VNF-VBD_npp_20120301-20151231_global_asia-enhanced_c201607211230.bitmask,NCEI_NGA.union.nga_lead2.add_2015ntl.mask,timezone.shp,VBD_platforms-recurring_2015_r20170330.shp,999999,VBD_bridges_c20160811.shp,9.202956;7.293124;4.987635;0.117751;-4.766567;-9.662423;-14.566307;-12.781590;-10.252750;-5.421471;-0.565886;4.309883,106.389061;120.204430;133.795395;132.636734;131.583801;130.626740;129.763702;115.696312;101.762085;103.094223;104.302101;105.397919,npp_d20151003_t1731466_e1737270_b20378,160.956,115.314,47.8361,99.6406,63.5604,67.1513
606,VBD_npp_d20151003_t1735204_x1106097E_y042552S_l1934_s1020_v23,2017-06-01 16:11:27,-4.255181,110.609695,76.2423,2015-10-03 17:35:20,2015-10-04 00:35:20,1934,1020,0.362869,8,18913,1.09727,0.154818,0.901264,0.4,0.954728,0.75,0.0138123,0.0001,6.29284e-23,999999,-1.482067e-02,3,Indonesian Exclusive Economic Zone,WPP712,,SVDNB_npp_d20151003_t1731466_e1737270_b20378_c20151003233728467558_noaa_ops.h5,GDNBO_npp_d20151003_t1731466_e1737270_b20378_c20151003233728467298_noaa_ops.h5,SVI04_npp_d20151003_t1731466_e1737270_b20378_c20151003233728541959_noaa_ops.dspace_rad,VNFF_npp_d20151003_t1731466_e1737270_b20378_v21.csv,World_EEZ_v8_2014.shp,WPP_BFAR_merge.shp,KKP_IDN_merge_20161208.shp,VNF-VBD_npp_20120301-20151231_global_asia-enhanced_c201607211230.bitmask,NCEI_NGA.union.nga_lead2.add_2015ntl.mask,timezone.shp,VBD_platforms-recurring_2015_r20170330.shp,0.33081,VBD_bridges_c20160811.shp,9.202956;7.293124;4.987635;0.117751;-4.766567;-9.662423;-14.566307;-12.781590;-10.252750;-5.421471;-0.565886;4.309883,106.389061;120.204430;133.795395;132.636734;131.583801;130.626740;129.763702;115.696312;101.762085;103.094223;104.302101;105.397919,npp_d20151003_t1731466_e1737270_b20378,160.934,115.546,47.838,98.957,63.6051,67.1163
607,VBD_npp_d20151003_t1735276_x1105225E_y046017S_l1988_s1020_v23,2017-06-01 16:11:27,-4.601672,110.522537,19.5698,2015-10-03 17:35:27,2015-10-04 00:35:27,1988,1020,0.18369,1,2529,0.648487,0.147395,0.855297,0.4,0.896221,0.75,0.0137424,0.0001,5.34653e-23,999999,5.621361e-02,3,Indonesian Exclusive Economic Zone,WPP712,,SVDNB_npp_d20151003_t1731466_e1737270_b20378_c20151003233728467558_noaa_ops.h5,GDNBO_npp_d20151003_t1731466_e1737270_b20378_c20151003233728467298_noaa_ops.h5,SVI04_npp_d20151003_t1731466_e1737270_b20378_c20151003233728541959_noaa_ops.dspace_rad,VNFF_npp_d20151003_t1731466_e1737270_b20378_v21.csv,World_EEZ_v8_2014.shp,WPP_BFAR_merge.shp,KKP_IDN_merge_20161208.shp,VNF-VBD_npp_20120301-20151231_global_asia-enhanced_c201607211230.bitmask,NCEI_NGA.union.nga_lead2.add_2015ntl.mask,timezone.shp,VBD_platforms-recurring_2015_r20170330.shp,999999,VBD_bridges_c20160811.shp,9.202956;7.293124;4.987635;0.117751;-4.766567;-9.662423;-14.566307;-12.781590;-10.252750;-5.421471;-0.565886;4.309883,106.389061;120.204430;133.795395;132.636734;131.583801;130.626740;129.763702;115.696312;101.762085;103.094223;104.302101;105.397919,npp_d20151003_t1731466_e1737270_b20378,160.833,116.521,47.8384,99.5824,63.7954,66.9689
608,VBD_npp_d20151003_t1735204_x1106200E_y042359S_l1931_s1021_v23,2017-06-01 16:11:27,-4.235914,110.620026,46.0185,2015-10-03 17:35:20,2015-10-04 00:35:20,1931,1021,0.385844,1,2529,1.01561,0.167152,0.901264,0.4,0.956279,0.75,0.0138195,0.0001,7.18301e-23,999999,-1.328436e-01,3,Indonesian Exclusive Economic Zone,WPP712,,SVDNB_npp_d20151003_t1731466_e1737270_b20378_c20151003233728467558_noaa_ops.h5,GDNBO_npp_d20151003_t1731466_e1737270_b20378_c20151003233728467298_noaa_ops.h5,SVI04_npp_d20151003_t1731466_e1737270_b20378_c20151003233728541959_noaa_ops.dspace_rad,VNFF_npp_d20151003_t1731466_e1737270_b20378_v21.csv,World_EEZ_v8_2014.shp,WPP_BFAR_merge.shp,KKP_IDN_merge_20161208.shp,VNF-VBD_npp_20120301-20151231_global_asia-enhanced_c201607211230.bitmask,NCEI_NGA.union.nga_lead2.add_2015ntl.mask,timezone.shp,VBD_platforms-recurring_2015_r20170330.shp,999999,VBD_bridges_c20160811.shp,9.202956;7.293124;4.987635;0.117751;-4.766567;-9.662423;-14.566307;-12.781590;-10.252750;-5.421471;-0.565886;4.309883,106.389061;120.204430;133.795395;132.636734;131.583801;130.626740;129.763702;115.696312;101.762085;103.094223;104.302101;105.397919,npp_d20151003_t1731466_e1737270_b20378,160.933,115.482,47.8045,99.1273,63.588,67.1227
609,VBD_npp_d20151003_t1735240_x1105781E_y044024S_l1957_s1021_v23,2017-06-01 16:11:27,-4.402436,110.578110,30.1,2015-10-03 17:35:24,2015-10-04 00:35:24,1957,1021,0.261222,1,2529,0.794962,0.144817,0.843485,0.4,0.920051,0.75,0.0137895,0.0001,6.79523e-23,999999,8.088058e-02,3,Indonesian Exclusive Economic Zone,WPP712,,SVDNB_npp_d20151003_t1731466_e1737270_b20378_c20151003233728467558_noaa_ops.h5,GDNBO_npp_d20151003_t1731466_e1737270_b20378_c20151003233728467298_noaa_ops.h5,SVI04_npp_d20151003_t1731466_e1737270_b20378_c20151003233728541959_noaa_ops.dspace_rad,VNFF_npp_d20151003_t1731466_e1737270_b20378_v21.csv,World_EEZ_v8_2014.shp,WPP_BFAR_merge.shp,KKP_IDN_merge_20161208.shp,VNF-VBD_npp_20120301-20151231_global_asia-enhanced_c201607211230.bitmask,NCEI_NGA.union.nga_lead2.add_2015ntl.mask,timezone.shp,VBD_platforms-recurring_2015_r20170330.shp,999999,VBD_bridges_c20160811.shp,9.202956;7.293124;4.987635;0.117751;-4.766567;-9.662423;-14.566307;-12.781590;-10.252750;-5.421471;-0.565886;4.309883,106.389061;120.204430;133.795395;132.636734;131.583801;130.626740;129.763702;115.696312;101.762085;103.094223;104.302101;105.397919,npp_d20151003_t1731466_e1737270_b20378,160.885,115.951,47.8024,99.4974,63.6789,67.0513
610,VBD_npp_d20151003_t1735169_x1106755E_y040297S_l1899_s1022_v23,2017-06-01 16:11:27,-4.029682,110.675453,42.1298,2015-10-03 17:35:16,2015-10-04 00:35:16,1899,1022,0.363651,8,18913,0.995504,0.165342,0.882716,0.4,0.96379,0.75,0.0138602,0.0001,9.18824e-23,999999,-1.155288e-01,3,Indonesian Exclusive Economic Zone,WPP712,,SVDNB_npp_d20151003_t1731466_e1737270_b20378_c20151003233728467558_noaa_ops.h5,GDNBO_npp_d20151003_t1731466_e1737270_b20378_c20151003233728467298_noaa_ops.h5,SVI04_npp_d20151003_t1731466_e1737270_b20378_c20151003233728541959_noaa_ops.dspace_rad,VNFF_npp_d20151003_t1731466_e1737270_b20378_v21.csv,World_EEZ_v8_2014.shp,WPP_BFAR_merge.shp,KKP_IDN_merge_20161208.shp,VNF-VBD_npp_20120301-20151231_global_asia-enhanced_c201607211230.bitmask,NCEI_NGA.union.nga_lead2.add_2015ntl.mask,timezone.shp,VBD_platforms-recurring_2015_r20170330.shp,0.0761507,VBD_bridges_c20160811.shp,9.202956;7.293124;4.987635;0.117751;-4.766567;-9.662423;-14.566307;-12.781590;-10.252750;-5.421471;-0.565886;4.309883,106.389061;120.204430;133.795395;132.636734;131.583801;130.626740;129.763702;115.696312;101.762085;103.094223;104.302101;105.397919,npp_d20151003_t1731466_e1737270_b20378,160.984,114.888,47.7734,99.099,63.4692,67.2097
611,VBD_npp_d20151003_t1735204_x1106622E_y042359S_l1930_s1027_v23,2017-06-01 16:11:27,-4.235883,110.662201,19.9232,2015-10-03 17:35:20,2015-10-04 00:35:20,1930,1027,0.354191,1,2529,0.665632,0.178843,0.857433,0.4,0.904139,0.75,0.0138434,0.0001,1.11538e-22,999999,-2.447159e-01,3,Indonesian Exclusive Economic Zone,WPP712,,SVDNB_npp_d20151003_t1731466_e1737270_b20378_c20151003233728467558_noaa_ops.h5,GDNBO_npp_d20151003_t1731466_e1737270_b20378_c20151003233728467298_noaa_ops.h5,SVI04_npp_d20151003_t1731466_e1737270_b20378_c20151003233728541959_noaa_ops.dspace_rad,VNFF_npp_d20151003_t1731466_e1737270_b20378_v21.csv,World_EEZ_v8_2014.shp,WPP_BFAR_merge.shp,KKP_IDN_merge_20161208.shp,VNF-VBD_npp_20120301-20151231_global_asia-enhanced_c201607211230.bitmask,NCEI_NGA.union.nga_lead2.add_2015ntl.mask,timezone.shp,VBD_platforms-recurring_2015_r20170330.shp,999999,VBD_bridges_c20160811.shp,9.202956;7.293124;4.987635;0.117751;-4.766567;-9.662423;-14.566307;-12.781590;-10.252750;-5.421471;-0.565886;4.309883,106.389061;120.204430;133.795395;132.636734;131.583801;130.626740;129.763702;115.696312;101.762085;103.094223;104.302101;105.397919,npp_d20151003_t1731466_e1737270_b20378,160.895,115.426,47.609,99.1808,63.5489,67.1111
612,VBD_npp_d20151003_t1735258_x1105903E_y045747S_l1982_s1028_v23,2017-06-01 16:11:27,-4.574704,110.590286,18.9667,2015-10-03 17:35:25,2015-10-04 00:35:25,1982,1028,0.272461,8,18913,0.689599,0.138614,0.839998,0.4,0.901216,0.75,0.0137872,0.0001,8.36847e-23,999999,1.402442e-01,3,Indonesian Exclusive Economic Zone,WPP712,,SVDNB_npp_d20151003_t1731466_e1737270_b20378_c20151003233728467558_noaa_ops.h5,GDNBO_npp_d20151003_t1731466_e1737270_b20378_c20151003233728467298_noaa_ops.h5,SVI04_npp_d20151003_t1731466_e1737270_b20378_c20151003233728541959_noaa_ops.dspace_rad,VNFF_npp_d20151003_t1731466_e1737270_b20378_v21.csv,World_EEZ_v8_2014.shp,WPP_BFAR_merge.shp,KKP_IDN_merge_20161208.shp,VNF-VBD_npp_20120301-20151231_global_asia-enhanced_c201607211230.bitmask,NCEI_NGA.union.nga_lead2.add_2015ntl.mask,timezone.shp,VBD_platforms-recurring_2015_r20170330.shp,0.58454,VBD_bridges_c20160811.shp,9.202956;7.293124;4.987635;0.117751;-4.766567;-9.662423;-14.566307;-12.781590;-10.252750;-5.421471;-0.565886;4.309883,106.389061;120.204430;133.795395;132.636734;131.583801;130.626740;129.763702;115.696312;101.762085;103.094223;104.302101;105.397919,npp_d20151003_t1731466_e1737270_b20378,160.791,116.37,47.5806,98.995,63.7288,66.9646
613,VBD_npp_d20151003_t1735169_x1107323E_y040251S_l1897_s1030_v23,2017-06-01 16:11:27,-4.025091,110.732307,25.8138,2015-10-03 17:35:16,2015-10-04 00:35:16,1897,1030,0.379086,1,2529,0.788451,0.146302,0.88018,0.4,0.932631,0.75,0.0138929,0.0001,1.66555e-22,999999,6.666854e-02,3,Indonesian Exclusive Economic Zone,WPP712,,SVDNB_npp_d20151003_t1731466_e1737270_b20378_c20151003233728467558_noaa_ops.h5,GDNBO_npp_d20151003_t1731466_e1737270_b20378_c20151003233728467298_noaa_ops.h5,SVI04_npp_d20151003_t1731466_e1737270_b20378_c20151003233728541959_noaa_ops.dspace_rad,VNFF_npp_d20151003_t1731466_e1737270_b20378_v21.csv,World_EEZ_v8_2014.shp,WPP_BFAR_merge.shp,KKP_IDN_merge_20161208.shp,VNF-VBD_npp_20120301-20151231_global_asia-enhanced_c201607211230.bitmask,NCEI_NGA.union.nga_lead2.add_2015ntl.mask,timezone.shp,VBD_platforms-recurring_2015_r20170330.shp,999999,VBD_bridges_c20160811.shp,9.202956;7.293124;4.987635;0.117751;-4.766567;-9.662423;-14.566307;-12.781590;-10.252750;-5.421471;-0.565886;4.309883,106.389061;120.204430;133.795395;132.636734;131.583801;130.626740;129.763702;115.696312;101.762085;103.094223;104.302101;105.397919,npp_d20151003_t1731466_e1737270_b20378,160.934,114.803,47.5129,99.2088,63.4148,67.1965
614,VBD_npp_d20151003_t1735187_x1107118E_y041500S_l1916_s1031_v23,2017-06-01 16:11:27,-4.150015,110.711830,7.92158,2015-10-03 17:35:18,2015-10-04 00:35:18,1916,1031,0.342952,8,18913,0.389391,0.159703,0.871967,0.4,0.814657,0.75,0.0138747,0.0001,1.54766e-22,999999,-6.156269e-02,3,Indonesian Exclusive Economic Zone,WPP712,,SVDNB_npp_d20151003_t1731466_e1737270_b20378_c20151003233728467558_noaa_ops.h5,GDNBO_npp_d20151003_t1731466_e1737270_b20378_c20151003233728467298_noaa_ops.h5,SVI04_npp_d20151003_t1731466_e1737270_b20378_c20151003233728541959_noaa_ops.dspace_rad,VNFF_npp_d20151003_t1731466_e1737270_b20378_v21.csv,World_EEZ_v8_2014.shp,WPP_BFAR_merge.shp,KKP_IDN_merge_20161208.shp,VNF-VBD_npp_20120301-20151231_global_asia-enhanced_c201607211230.bitmask,NCEI_NGA.union.nga_lead2.add_2015ntl.mask,timezone.shp,VBD_platforms-recurring_2015_r20170330.shp,0.605458,VBD_bridges_c20160811.shp,9.202956;7.293124;4.987635;0.117751;-4.766567;-9.662423;-14.566307;-12.781590;-10.252750;-5.421471;-0.565886;4.309883,106.389061;120.204430;133.795395;132.636734;131.583801;130.626740;129.763702;115.696312;101.762085;103.094223;104.302101;105.397919,npp_d20151003_t1731466_e1737270_b20378,160.893,115.147,47.4785,99.0521,63.476,67.1404
615,VBD_npp_d20151003_t1735187_x1107141E_y041782S_l1920_s1032_v23,2017-06-01 16:11:27,-4.178161,110.714050,62.2998,2015-10-03 17:35:18,2015-10-04 00:35:18,1920,1032,0.372258,1,2529,1.05146,0.152065,0.880421,0.4,0.957685,0.75,0.0138739,0.0001,1.52856e-22,999999,1.152471e-02,3,Indonesian Exclusive Economic Zone,WPP712,,SVDNB_npp_d20151003_t1731466_e1737270_b20378_c20151003233728467558_noaa_ops.h5,GDNBO_npp_d20151003_t1731466_e1737270_b20378_c20151003233728467298_noaa_ops.h5,SVI04_npp_d20151003_t1731466_e1737270_b20378_c20151003233728541959_noaa_ops.dspace_rad,VNFF_npp_d20151003_t1731466_e1737270_b20378_v21.csv,World_EEZ_v8_2014.shp,WPP_BFAR_merge.shp,KKP_IDN_merge_20161208.shp,VNF-VBD_npp_20120301-20151231_global_asia-enhanced_c201607211230.bitmask,NCEI_NGA.union.nga_lead2.add_2015ntl.mask,timezone.shp,VBD_platforms-recurring_2015_r20170330.shp,999999,VBD_bridges_c20160811.shp,9.202956;7.293124;4.987635;0.117751;-4.766567;-9.662423;-14.566307;-12.781590;-10.252750;-5.421471;-0.565886;4.309883,106.389061;120.204430;133.795395;132.636734;131.583801;130.626740;129.763702;115.696312;101.762085;103.094223;104.302101;105.397919,npp_d20151003_t1731466_e1737270_b20378,160.879,115.218,47.4475,98.8221,63.4849,67.1264
616,VBD_npp_d20151003_t1735115_x1108477E_y037138S_l1848_s1036_v23,2017-06-01 16:11:27,-3.713836,110.847717,50.9568,2015-10-03 17:35:11,2015-10-04 00:35:11,1848,1036,0.373894,1,2529,1.03617,0.142977,0.879664,0.4,0.956127,0.75,0.0140229,0.0001,3.33549e-22,999999,9.849226e-02,3,Indonesian Exclusive Economic Zone,WPP712,,SVDNB_npp_d20151003_t1731466_e1737270_b20378_c20151003233728467558_noaa_ops.h5,GDNBO_npp_d20151003_t1731466_e1737270_b20378_c20151003233728467298_noaa_ops.h5,SVI04_npp_d20151003_t1731466_e1737270_b20378_c20151003233728541959_noaa_ops.dspace_rad,VNFF_npp_d20151003_t1731466_e1737270_b20378_v21.csv,World_EEZ_v8_2014.shp,WPP_BFAR_merge.shp,KKP_IDN_merge_20161208.shp,VNF-VBD_npp_20120301-20151231_global_asia-enhanced_c201607211230.bitmask,NCEI_NGA.union.nga_lead2.add_2015ntl.mask,timezone.shp,VBD_platforms-recurring_2015_r20170330.shp,999999,VBD_bridges_c20160811.shp,9.202956;7.293124;4.987635;0.117751;-4.766567;-9.662423;-14.566307;-12.781590;-10.252750;-5.421471;-0.565886;4.309883,106.389061;120.204430;133.795395;132.636734;131.583801;130.626740;129.763702;115.696312;101.762085;103.094223;104.302101;105.397919,npp_d20151003_t1731466_e1737270_b20378,160.978,113.864,47.3154,99.2241,63.2064,67.321
617,VBD_npp_d20151003_t1735222_x1106923E_y043900S_l1952_s1036_v23,2017-06-01 16:11:27,-4.389961,110.692337,39.9277,2015-10-03 17:35:22,2015-10-04 00:35:22,1952,1036,0.378091,1,2529,0.84101,0.155219,0.887301,0.4,0.925782,0.75,0.0138521,0.0001,1.68792e-22,999999,-1.865162e-02,3,Indonesian Exclusive Economic Zone,WPP712,,SVDNB_npp_d20151003_t1731466_e1737270_b20378_c20151003233728467558_noaa_ops.h5,GDNBO_npp_d20151003_t1731466_e1737270_b20378_c20151003233728467298_noaa_ops.h5,SVI04_npp_d20151003_t1731466_e1737270_b20378_c20151003233728541959_noaa_ops.dspace_rad,VNFF_npp_d20151003_t1731466_e1737270_b20378_v21.csv,World_EEZ_v8_2014.shp,WPP_BFAR_merge.shp,KKP_IDN_merge_20161208.shp,VNF-VBD_npp_20120301-20151231_global_asia-enhanced_c201607211230.bitmask,NCEI_NGA.union.nga_lead2.add_2015ntl.mask,timezone.shp,VBD_platforms-recurring_2015_r20170330.shp,999999,VBD_bridges_c20160811.shp,9.202956;7.293124;4.987635;0.117751;-4.766567;-9.662423;-14.566307;-12.781590;-10.252750;-5.421471;-0.565886;4.309883,106.389061;120.204430;133.795395;132.636734;131.583801;130.626740;129.763702;115.696312;101.762085;103.094223;104.302101;105.397919,npp_d20151003_t1731466_e1737270_b20378,160.794,115.777,47.3167,98.8461,63.5749,67.0276
618,VBD_npp_d20151003_t1735240_x1106914E_y043937S_l1953_s1037_v23,2017-06-01 16:11:27,-4.393708,110.691406,51.5919,2015-10-03 17:35:24,2015-10-04 00:35:24,1953,1037,0.378091,1,2529,0.901676,0.150109,0.887301,0.4,0.941259,0.75,0.0138548,0.0001,2.23055e-22,999999,3.024688e-02,3,Indonesian Exclusive Economic Zone,WPP712,,SVDNB_npp_d20151003_t1731466_e1737270_b20378_c20151003233728467558_noaa_ops.h5,GDNBO_npp_d20151003_t1731466_e1737270_b20378_c20151003233728467298_noaa_ops.h5,SVI04_npp_d20151003_t1731466_e1737270_b20378_c20151003233728541959_noaa_ops.dspace_rad,VNFF_npp_d20151003_t1731466_e1737270_b20378_v21.csv,World_EEZ_v8_2014.shp,WPP_BFAR_merge.shp,KKP_IDN_merge_20161208.shp,VNF-VBD_npp_20120301-20151231_global_asia-enhanced_c201607211230.bitmask,NCEI_NGA.union.nga_lead2.add_2015ntl.mask,timezone.shp,VBD_platforms-recurring_2015_r20170330.shp,999999,VBD_bridges_c20160811.shp,9.202956;7.293124;4.987635;0.117751;-4.766567;-9.662423;-14.566307;-12.781590;-10.252750;-5.421471;-0.565886;4.309883,106.389061;120.204430;133.795395;132.636734;131.583801;130.626740;129.763702;115.696312;101.762085;103.094223;104.302101;105.397919,npp_d20151003_t1731466_e1737270_b20378,160.787,115.778,47.2826,99.7199,63.5706,67.0241
619,VBD_npp_d20151003_t1735240_x1106857E_y044274S_l1958_s1037_v23,2017-06-01 16:11:27,-4.427424,110.685745,54.1384,2015-10-03 17:35:24,2015-10-04 00:35:24,1958,1037,0.393099,1,2529,1.02742,0.14305,0.900131,0.4,0.958843,0.75,0.013849,0.0001,2.01988e-22,999999,9.779377e-02,3,Indonesian Exclusive Economic Zone,WPP712,,SVDNB_npp_d20151003_t1731466_e1737270_b20378_c20151003233728467558_noaa_ops.h5,GDNBO_npp_d20151003_t1731466_e1737270_b20378_c20151003233728467298_noaa_ops.h5,SVI04_npp_d20151003_t1731466_e1737270_b20378_c20151003233728541959_noaa_ops.dspace_rad,VNFF_npp_d20151003_t1731466_e1737270_b20378_v21.csv,World_EEZ_v8_2014.shp,WPP_BFAR_merge.shp,KKP_IDN_merge_20161208.shp,VNF-VBD_npp_20120301-20151231_global_asia-enhanced_c201607211230.bitmask,NCEI_NGA.union.nga_lead2.add_2015ntl.mask,timezone.shp,VBD_platforms-recurring_2015_r20170330.shp,999999,VBD_bridges_c20160811.shp,9.202956;7.293124;4.987635;0.117751;-4.766567;-9.662423;-14.566307;-12.781590;-10.252750;-5.421471;-0.565886;4.309883,106.389061;120.204430;133.795395;132.636734;131.583801;130.626740;129.763702;115.696312;101.762085;103.094223;104.302101;105.397919,npp_d20151003_t1731466_e1737270_b20378,160.777,115.873,47.2826,99.4325,63.5891,67.0097
620,VBD_npp_d20151003_t1735258_x1106650E_y045038S_l1970_s1037_v23,2017-06-01 16:11:27,-4.503758,110.664955,37.1662,2015-10-03 17:35:25,2015-10-04 00:35:25,1970,1037,0.297286,1,2529,0.914414,0.1301,0.883889,0.4,0.936937,0.75,0.0138351,0.0001,1.98719e-22,999999,2.217134e-01,3,Indonesian Exclusive Economic Zone,WPP712,,SVDNB_npp_d20151003_t1731466_e1737270_b20378_c20151003233728467558_noaa_ops.h5,GDNBO_npp_d20151003_t1731466_e1737270_b20378_c20151003233728467298_noaa_ops.h5,SVI04_npp_d20151003_t1731466_e1737270_b20378_c20151003233728541959_noaa_ops.dspace_rad,VNFF_npp_d20151003_t1731466_e1737270_b20378_v21.csv,World_EEZ_v8_2014.shp,WPP_BFAR_merge.shp,KKP_IDN_merge_20161208.shp,VNF-VBD_npp_20120301-20151231_global_asia-enhanced_c201607211230.bitmask,NCEI_NGA.union.nga_lead2.add_2015ntl.mask,timezone.shp,VBD_platforms-recurring_2015_r20170330.shp,999999,VBD_bridges_c20160811.shp,9.202956;7.293124;4.987635;0.117751;-4.766567;-9.662423;-14.566307;-12.781590;-10.252750;-5.421471;-0.565886;4.309883,106.389061;120.204430;133.795395;132.636734;131.583801;130.626740;129.763702;115.696312;101.762085;103.094223;104.302101;105.397919,npp_d20151003_t1731466_e1737270_b20378,160.756,116.087,47.2865,99.6781,63.6318,66.9773
621,VBD_npp_d20151003_t1732528_x1126805E_y043316N_l0608_s1038_v23,2017-06-01 16:11:27,4.331638,112.680496,92.4475,2015-10-03 17:32:52,2015-10-04 01:32:52,608,1038,0.411736,4,100837,1.09338,0.112861,0.842395,0.4,0.949526,0.75,0.0167305,0.0001,1.00709e-19,999999,2.601574e-01,3,Malaysian Exclusive Economic Zone,,,SVDNB_npp_d20151003_t1731466_e1737270_b20378_c20151003233728467558_noaa_ops.h5,GDNBO_npp_d20151003_t1731466_e1737270_b20378_c20151003233728467298_noaa_ops.h5,SVI04_npp_d20151003_t1731466_e1737270_b20378_c20151003233728541959_noaa_ops.dspace_rad,VNFF_npp_d20151003_t1731466_e1737270_b20378_v21.csv,World_EEZ_v8_2014.shp,WPP_BFAR_merge.shp,KKP_IDN_merge_20161208.shp,VNF-VBD_npp_20120301-20151231_global_asia-enhanced_c201607211230.bitmask,NCEI_NGA.union.nga_lead2.add_2015ntl.mask,timezone.shp,VBD_platforms-recurring_2015_r20170330.shp,999999,VBD_bridges_c20160811.shp,9.202956;7.293124;4.987635;0.117751;-4.766567;-9.662423;-14.566307;-12.781590;-10.252750;-5.421471;-0.565886;4.309883,106.389061;120.204430;133.795395;132.636734;131.583801;130.626740;129.763702;115.696312;101.762085;103.094223;104.302101;105.397919,npp_d20151003_t1731466_e1737270_b20378,161.407,89.7759,47.2377,97.8011,59.1336,71.3672
622,VBD_npp_d20151003_t1735222_x1107172E_y043248S_l1942_s1038_v23,2017-06-01 16:11:27,-4.324752,110.717209,27.222,2015-10-03 17:35:22,2015-10-04 00:35:22,1942,1038,0.384848,8,18913,0.837862,0.146411,0.859496,0.4,0.940515,0.75,0.0138713,0.0001,2.36623e-22,999999,6.562756e-02,3,Indonesian Exclusive Economic Zone,WPP712,,SVDNB_npp_d20151003_t1731466_e1737270_b20378_c20151003233728467558_noaa_ops.h5,GDNBO_npp_d20151003_t1731466_e1737270_b20378_c20151003233728467298_noaa_ops.h5,SVI04_npp_d20151003_t1731466_e1737270_b20378_c20151003233728541959_noaa_ops.dspace_rad,VNFF_npp_d20151003_t1731466_e1737270_b20378_v21.csv,World_EEZ_v8_2014.shp,WPP_BFAR_merge.shp,KKP_IDN_merge_20161208.shp,VNF-VBD_npp_20120301-20151231_global_asia-enhanced_c201607211230.bitmask,NCEI_NGA.union.nga_lead2.add_2015ntl.mask,timezone.shp,VBD_platforms-recurring_2015_r20170330.shp,0.522823,VBD_bridges_c20160811.shp,9.202956;7.293124;4.987635;0.117751;-4.766567;-9.662423;-14.566307;-12.781590;-10.252750;-5.421471;-0.565886;4.309883,106.389061;120.204430;133.795395;132.636734;131.583801;130.626740;129.763702;115.696312;101.762085;103.094223;104.302101;105.397919,npp_d20151003_t1731466_e1737270_b20378,160.8,115.575,47.2492,99.4197,63.5263,67.0517
623,VBD_npp_d20151003_t1735222_x1107058E_y043921S_l1952_s1038_v23,2017-06-01 16:11:27,-4.392145,110.705826,88.3821,2015-10-03 17:35:22,2015-10-04 00:35:22,1952,1038,0.379869,1,2529,1.12464,0.154198,0.887301,0.4,0.960187,0.75,0.0138597,0.0001,1.93493e-22,999999,-8.889678e-03,3,Indonesian Exclusive Economic Zone,WPP712,,SVDNB_npp_d20151003_t1731466_e1737270_b20378_c20151003233728467558_noaa_ops.h5,GDNBO_npp_d20151003_t1731466_e1737270_b20378_c20151003233728467298_noaa_ops.h5,SVI04_npp_d20151003_t1731466_e1737270_b20378_c20151003233728541959_noaa_ops.dspace_rad,VNFF_npp_d20151003_t1731466_e1737270_b20378_v21.csv,World_EEZ_v8_2014.shp,WPP_BFAR_merge.shp,KKP_IDN_merge_20161208.shp,VNF-VBD_npp_20120301-20151231_global_asia-enhanced_c201607211230.bitmask,NCEI_NGA.union.nga_lead2.add_2015ntl.mask,timezone.shp,VBD_platforms-recurring_2015_r20170330.shp,999999,VBD_bridges_c20160811.shp,9.202956;7.293124;4.987635;0.117751;-4.766567;-9.662423;-14.566307;-12.781590;-10.252750;-5.421471;-0.565886;4.309883,106.389061;120.204430;133.795395;132.636734;131.583801;130.626740;129.763702;115.696312;101.762085;103.094223;104.302101;105.397919,npp_d20151003_t1731466_e1737270_b20378,160.781,115.765,47.2519,98.8445,63.5633,67.0228
624,VBD_npp_d20151003_t1735240_x1106811E_y044959S_l1968_s1038_v23,2017-06-01 16:11:27,-4.495943,110.681084,47.8297,2015-10-03 17:35:24,2015-10-04 00:35:24,1968,1038,0.357534,1,2529,0.932638,0.156303,0.883889,0.4,0.948256,0.75,0.0138412,0.0001,1.7667e-22,999999,-2.902658e-02,3,Indonesian Exclusive Economic Zone,WPP712,,SVDNB_npp_d20151003_t1731466_e1737270_b20378_c20151003233728467558_noaa_ops.h5,GDNBO_npp_d20151003_t1731466_e1737270_b20378_c20151003233728467298_noaa_ops.h5,SVI04_npp_d20151003_t1731466_e1737270_b20378_c20151003233728541959_noaa_ops.dspace_rad,VNFF_npp_d20151003_t1731466_e1737270_b20378_v21.csv,World_EEZ_v8_2014.shp,WPP_BFAR_merge.shp,KKP_IDN_merge_20161208.shp,VNF-VBD_npp_20120301-20151231_global_asia-enhanced_c201607211230.bitmask,NCEI_NGA.union.nga_lead2.add_2015ntl.mask,timezone.shp,VBD_platforms-recurring_2015_r20170330.shp,999999,VBD_bridges_c20160811.shp,9.202956;7.293124;4.987635;0.117751;-4.766567;-9.662423;-14.566307;-12.781590;-10.252750;-5.421471;-0.565886;4.309883,106.389061;120.204430;133.795395;132.636734;131.583801;130.626740;129.763702;115.696312;101.762085;103.094223;104.302101;105.397919,npp_d20151003_t1731466_e1737270_b20378,160.752,116.055,47.2528,98.8569,63.6204,66.9785
625,VBD_npp_d20151003_t1735347_x1105464E_y050369S_l2052_s1038_v23,2017-06-01 16:11:27,-5.036916,110.546394,9.89007,2015-10-03 17:35:34,2015-10-04 00:35:34,2052,1038,0.203962,1,2529,0.48019,0.162775,0.782407,0.4,0.843412,0.75,0.0136395,0.0001,1.30937e-22,999999,-9.096267e-02,3,Indonesian Exclusive Economic Zone,WPP712,,SVDNB_npp_d20151003_t1731466_e1737270_b20378_c20151003233728467558_noaa_ops.h5,GDNBO_npp_d20151003_t1731466_e1737270_b20378_c20151003233728467298_noaa_ops.h5,SVI04_npp_d20151003_t1731466_e1737270_b20378_c20151003233728541959_noaa_ops.dspace_rad,VNFF_npp_d20151003_t1731466_e1737270_b20378_v21.csv,World_EEZ_v8_2014.shp,WPP_BFAR_merge.shp,KKP_IDN_merge_20161208.shp,VNF-VBD_npp_20120301-20151231_global_asia-enhanced_c201607211230.bitmask,NCEI_NGA.union.nga_lead2.add_2015ntl.mask,timezone.shp,VBD_platforms-recurring_2015_r20170330.shp,999999,VBD_bridges_c20160811.shp,9.202956;7.293124;4.987635;0.117751;-4.766567;-9.662423;-14.566307;-12.781590;-10.252750;-5.421471;-0.565886;4.309883,106.389061;120.204430;133.795395;132.636734;131.583801;130.626740;129.763702;115.696312;101.762085;103.094223;104.302101;105.397919,npp_d20151003_t1731466_e1737270_b20378,160.588,117.555,47.2536,99.6296,63.9193,66.7501
626,VBD_npp_d20151003_t1735240_x1107049E_y043960S_l1953_s1039_v23,2017-06-01 16:11:27,-4.395991,110.704865,6.83211,2015-10-03 17:35:24,2015-10-04 00:35:24,1953,1039,0.37304,7,2465,0.208155,0.152727,0.899284,0.4,0.565838,0.75,0.0138623,0.0001,2.55515e-22,999999,5.190867e-03,3,,,,SVDNB_npp_d20151003_t1731466_e1737270_b20378_c20151003233728467558_noaa_ops.h5,GDNBO_npp_d20151003_t1731466_e1737270_b20378_c20151003233728467298_noaa_ops.h5,SVI04_npp_d20151003_t1731466_e1737270_b20378_c20151003233728541959_noaa_ops.dspace_rad,VNFF_npp_d20151003_t1731466_e1737270_b20378_v21.csv,World_EEZ_v8_2014.shp,WPP_BFAR_merge.shp,KKP_IDN_merge_20161208.shp,VNF-VBD_npp_20120301-20151231_global_asia-enhanced_c201607211230.bitmask,NCEI_NGA.union.nga_lead2.add_2015ntl.mask,timezone.shp,VBD_platforms-recurring_2015_r20170330.shp,999999,VBD_bridges_c20160811.shp,9.202956;7.293124;4.987635;0.117751;-4.766567;-9.662423;-14.566307;-12.781590;-10.252750;-5.421471;-0.565886;4.309883,106.389061;120.204430;133.795395;132.636734;131.583801;130.626740;129.763702;115.696312;101.762085;103.094223;104.302101;105.397919,npp_d20151003_t1731466_e1737270_b20378,160.774,115.766,47.2178,99.7193,63.5591,67.0193
627,VBD_npp_d20151003_t1735258_x1106796E_y044993S_l1969_s1039_v23,2017-06-01 16:11:27,-4.499300,110.679550,54.7095,2015-10-03 17:35:25,2015-10-04 00:35:25,1969,1039,0.354475,1,2529,0.966688,0.153758,0.89991,0.4,0.94946,0.75,0.0138439,0.0001,2.32262e-22,999999,-4.677733e-03,3,Indonesian Exclusive Economic Zone,WPP712,,SVDNB_npp_d20151003_t1731466_e1737270_b20378_c20151003233728467558_noaa_ops.h5,GDNBO_npp_d20151003_t1731466_e1737270_b20378_c20151003233728467298_noaa_ops.h5,SVI04_npp_d20151003_t1731466_e1737270_b20378_c20151003233728541959_noaa_ops.dspace_rad,VNFF_npp_d20151003_t1731466_e1737270_b20378_v21.csv,World_EEZ_v8_2014.shp,WPP_BFAR_merge.shp,KKP_IDN_merge_20161208.shp,VNF-VBD_npp_20120301-20151231_global_asia-enhanced_c201607211230.bitmask,NCEI_NGA.union.nga_lead2.add_2015ntl.mask,timezone.shp,VBD_platforms-recurring_2015_r20170330.shp,999999,VBD_bridges_c20160811.shp,9.202956;7.293124;4.987635;0.117751;-4.766567;-9.662423;-14.566307;-12.781590;-10.252750;-5.421471;-0.565886;4.309883,106.389061;120.204430;133.795395;132.636734;131.583801;130.626740;129.763702;115.696312;101.762085;103.094223;104.302101;105.397919,npp_d20151003_t1731466_e1737270_b20378,160.745,116.056,47.2218,99.7349,63.6165,66.9753
628,VBD_npp_d20151003_t1735240_x1107093E_y044106S_l1955_s1040_v23,2017-06-01 16:11:27,-4.410598,110.709328,42.738,2015-10-03 17:35:24,2015-10-04 00:35:24,1955,1040,0.387195,1,2529,0.918117,0.14574,0.911007,0.4,0.929847,0.75,0.0138638,0.0001,2.62866e-22,999999,7.205417e-02,3,Indonesian Exclusive Economic Zone,WPP712,,SVDNB_npp_d20151003_t1731466_e1737270_b20378_c20151003233728467558_noaa_ops.h5,GDNBO_npp_d20151003_t1731466_e1737270_b20378_c20151003233728467298_noaa_ops.h5,SVI04_npp_d20151003_t1731466_e1737270_b20378_c20151003233728541959_noaa_ops.dspace_rad,VNFF_npp_d20151003_t1731466_e1737270_b20378_v21.csv,World_EEZ_v8_2014.shp,WPP_BFAR_merge.shp,KKP_IDN_merge_20161208.shp,VNF-VBD_npp_20120301-20151231_global_asia-enhanced_c201607211230.bitmask,NCEI_NGA.union.nga_lead2.add_2015ntl.mask,timezone.shp,VBD_platforms-recurring_2015_r20170330.shp,999999,VBD_bridges_c20160811.shp,9.202956;7.293124;4.987635;0.117751;-4.766567;-9.662423;-14.566307;-12.781590;-10.252750;-5.421471;-0.565886;4.309883,106.389061;120.204430;133.795395;132.636734;131.583801;130.626740;129.763702;115.696312;101.762085;103.094223;104.302101;105.397919,npp_d20151003_t1731466_e1737270_b20378,160.764,115.798,47.1852,99.6038,63.5607,67.0111
629,VBD_npp_d20151003_t1735258_x1106806E_y045341S_l1974_s1040_v23,2017-06-01 16:11:27,-4.534111,110.680603,19.258,2015-10-03 17:35:25,2015-10-04 00:35:25,1974,1040,0.2906,8,18913,0.698697,0.172049,0.888846,0.4,0.923389,0.75,0.0138419,0.0001,2.25102e-22,999999,-1.797091e-01,3,Indonesian Exclusive Economic Zone,WPP712,,SVDNB_npp_d20151003_t1731466_e1737270_b20378_c20151003233728467558_noaa_ops.h5,GDNBO_npp_d20151003_t1731466_e1737270_b20378_c20151003233728467298_noaa_ops.h5,SVI04_npp_d20151003_t1731466_e1737270_b20378_c20151003233728541959_noaa_ops.dspace_rad,VNFF_npp_d20151003_t1731466_e1737270_b20378_v21.csv,World_EEZ_v8_2014.shp,WPP_BFAR_merge.shp,KKP_IDN_merge_20161208.shp,VNF-VBD_npp_20120301-20151231_global_asia-enhanced_c201607211230.bitmask,NCEI_NGA.union.nga_lead2.add_2015ntl.mask,timezone.shp,VBD_platforms-recurring_2015_r20170330.shp,0.314777,VBD_bridges_c20160811.shp,9.202956;7.293124;4.987635;0.117751;-4.766567;-9.662423;-14.566307;-12.781590;-10.252750;-5.421471;-0.565886;4.309883,106.389061;120.204430;133.795395;132.636734;131.583801;130.626740;129.763702;115.696312;101.762085;103.094223;104.302101;105.397919,npp_d20151003_t1731466_e1737270_b20378,160.729,116.144,47.1893,99.4467,63.6293,66.9585
630,VBD_npp_d20151003_t1735133_x1108704E_y037841S_l1858_s1042_v23,2017-06-01 16:11:27,-3.784117,110.870354,31.1223,2015-10-03 17:35:13,2015-10-04 00:35:13,1858,1042,0.390894,1,2529,0.912602,0.150427,0.859081,0.4,0.947753,0.75,0.01402,0.0001,5.13532e-22,999999,2.720273e-02,3,Indonesian Exclusive Economic Zone,WPP712,,SVDNB_npp_d20151003_t1731466_e1737270_b20378_c20151003233728467558_noaa_ops.h5,GDNBO_npp_d20151003_t1731466_e1737270_b20378_c20151003233728467298_noaa_ops.h5,SVI04_npp_d20151003_t1731466_e1737270_b20378_c20151003233728541959_noaa_ops.dspace_rad,VNFF_npp_d20151003_t1731466_e1737270_b20378_v21.csv,World_EEZ_v8_2014.shp,WPP_BFAR_merge.shp,KKP_IDN_merge_20161208.shp,VNF-VBD_npp_20120301-20151231_global_asia-enhanced_c201607211230.bitmask,NCEI_NGA.union.nga_lead2.add_2015ntl.mask,timezone.shp,VBD_platforms-recurring_2015_r20170330.shp,999999,VBD_bridges_c20160811.shp,9.202956;7.293124;4.987635;0.117751;-4.766567;-9.662423;-14.566307;-12.781590;-10.252750;-5.421471;-0.565886;4.309883,106.389061;120.204430;133.795395;132.636734;131.583801;130.626740;129.763702;115.696312;101.762085;103.094223;104.302101;105.397919,npp_d20151003_t1731466_e1737270_b20378,160.922,114.013,47.1207,99.5781,63.2061,67.279
631,VBD_npp_d20151003_t1735222_x1107452E_y043225S_l1941_s1042_v23,2017-06-01 16:11:27,-4.322508,110.745186,34.0639,2015-10-03 17:35:22,2015-10-04 00:35:22,1941,1042,0.382643,8,18913,0.809638,0.14984,0.863171,0.4,0.897911,0.75,0.0138876,0.0001,3.16271e-22,999999,3.281640e-02,3,Indonesian Exclusive Economic Zone,WPP712,,SVDNB_npp_d20151003_t1731466_e1737270_b20378_c20151003233728467558_noaa_ops.h5,GDNBO_npp_d20151003_t1731466_e1737270_b20378_c20151003233728467298_noaa_ops.h5,SVI04_npp_d20151003_t1731466_e1737270_b20378_c20151003233728541959_noaa_ops.dspace_rad,VNFF_npp_d20151003_t1731466_e1737270_b20378_v21.csv,World_EEZ_v8_2014.shp,WPP_BFAR_merge.shp,KKP_IDN_merge_20161208.shp,VNF-VBD_npp_20120301-20151231_global_asia-enhanced_c201607211230.bitmask,NCEI_NGA.union.nga_lead2.add_2015ntl.mask,timezone.shp,VBD_platforms-recurring_2015_r20170330.shp,0.836985,VBD_bridges_c20160811.shp,9.202956;7.293124;4.987635;0.117751;-4.766567;-9.662423;-14.566307;-12.781590;-10.252750;-5.421471;-0.565886;4.309883,106.389061;120.204430;133.795395;132.636734;131.583801;130.626740;129.763702;115.696312;101.762085;103.094223;104.302101;105.397919,npp_d20151003_t1731466_e1737270_b20378,160.776,115.533,47.1196,99.4754,63.4995,67.0451
632,VBD_npp_d20151003_t1735240_x1107171E_y044465S_l1960_s1042_v23,2017-06-01 16:11:27,-4.446495,110.717079,26.8377,2015-10-03 17:35:24,2015-10-04 00:35:24,1960,1042,0.384848,8,18913,0.788114,0.158885,0.908912,0.4,0.926312,0.75,0.0138656,0.0001,2.72501e-22,999999,-5.373272e-02,3,Indonesian Exclusive Economic Zone,WPP712,,SVDNB_npp_d20151003_t1731466_e1737270_b20378_c20151003233728467558_noaa_ops.h5,GDNBO_npp_d20151003_t1731466_e1737270_b20378_c20151003233728467298_noaa_ops.h5,SVI04_npp_d20151003_t1731466_e1737270_b20378_c20151003233728541959_noaa_ops.dspace_rad,VNFF_npp_d20151003_t1731466_e1737270_b20378_v21.csv,World_EEZ_v8_2014.shp,WPP_BFAR_merge.shp,KKP_IDN_merge_20161208.shp,VNF-VBD_npp_20120301-20151231_global_asia-enhanced_c201607211230.bitmask,NCEI_NGA.union.nga_lead2.add_2015ntl.mask,timezone.shp,VBD_platforms-recurring_2015_r20170330.shp,0.392505,VBD_bridges_c20160811.shp,9.202956;7.293124;4.987635;0.117751;-4.766567;-9.662423;-14.566307;-12.781590;-10.252750;-5.421471;-0.565886;4.309883,106.389061;120.204430;133.795395;132.636734;131.583801;130.626740;129.763702;115.696312;101.762085;103.094223;104.302101;105.397919,npp_d20151003_t1731466_e1737270_b20378,160.741,115.88,47.1207,99.3148,63.5676,66.9919
633,VBD_npp_d20151003_t1735240_x1107158E_y044947S_l1967_s1043_v23,2017-06-01 16:11:27,-4.494669,110.715820,52.7172,2015-10-03 17:35:24,2015-10-04 00:35:24,1967,1043,0.367421,1,2529,1.06555,0.149677,0.898427,0.4,0.967277,0.75,0.0138613,0.0001,2.53251e-22,999999,3.438103e-02,3,Indonesian Exclusive Economic Zone,WPP712,,SVDNB_npp_d20151003_t1731466_e1737270_b20378_c20151003233728467558_noaa_ops.h5,GDNBO_npp_d20151003_t1731466_e1737270_b20378_c20151003233728467298_noaa_ops.h5,SVI04_npp_d20151003_t1731466_e1737270_b20378_c20151003233728541959_noaa_ops.dspace_rad,VNFF_npp_d20151003_t1731466_e1737270_b20378_v21.csv,World_EEZ_v8_2014.shp,WPP_BFAR_merge.shp,KKP_IDN_merge_20161208.shp,VNF-VBD_npp_20120301-20151231_global_asia-enhanced_c201607211230.bitmask,NCEI_NGA.union.nga_lead2.add_2015ntl.mask,timezone.shp,VBD_platforms-recurring_2015_r20170330.shp,999999,VBD_bridges_c20160811.shp,9.202956;7.293124;4.987635;0.117751;-4.766567;-9.662423;-14.566307;-12.781590;-10.252750;-5.421471;-0.565886;4.309883,106.389061;120.204430;133.795395;132.636734;131.583801;130.626740;129.763702;115.696312;101.762085;103.094223;104.302101;105.397919,npp_d20151003_t1731466_e1737270_b20378,160.721,116.006,47.0904,98.9106,63.5878,66.9694
634,VBD_npp_d20151003_t1735240_x1107361E_y044151S_l1955_s1044_v23,2017-06-01 16:11:27,-4.415117,110.736122,58.6825,2015-10-03 17:35:24,2015-10-04 00:35:24,1955,1044,0.363082,8,18913,1.03545,0.161397,0.905878,0.4,0.956521,0.75,0.013879,0.0001,3.4421e-22,999999,-7.777824e-02,3,Indonesian Exclusive Economic Zone,WPP712,,SVDNB_npp_d20151003_t1731466_e1737270_b20378_c20151003233728467558_noaa_ops.h5,GDNBO_npp_d20151003_t1731466_e1737270_b20378_c20151003233728467298_noaa_ops.h5,SVI04_npp_d20151003_t1731466_e1737270_b20378_c20151003233728541959_noaa_ops.dspace_rad,VNFF_npp_d20151003_t1731466_e1737270_b20378_v21.csv,World_EEZ_v8_2014.shp,WPP_BFAR_merge.shp,KKP_IDN_merge_20161208.shp,VNF-VBD_npp_20120301-20151231_global_asia-enhanced_c201607211230.bitmask,NCEI_NGA.union.nga_lead2.add_2015ntl.mask,timezone.shp,VBD_platforms-recurring_2015_r20170330.shp,0.3286,VBD_bridges_c20160811.shp,9.202956;7.293124;4.987635;0.117751;-4.766567;-9.662423;-14.566307;-12.781590;-10.252750;-5.421471;-0.565886;4.309883,106.389061;120.204430;133.795395;132.636734;131.583801;130.626740;129.763702;115.696312;101.762085;103.094223;104.302101;105.397919,npp_d20151003_t1731466_e1737270_b20378,160.738,115.774,47.0556,99.6022,63.5377,67.0015
635,VBD_npp_d20151003_t1735240_x1107405E_y044297S_l1957_s1045_v23,2017-06-01 16:11:27,-4.429678,110.740547,33.4287,2015-10-03 17:35:24,2015-10-04 00:35:24,1957,1045,0.37994,1,2529,0.798516,0.161062,0.905878,0.4,0.92077,0.75,0.0138804,0.0001,3.53891e-22,999999,-7.457244e-02,3,Indonesian Exclusive Economic Zone,WPP712,,SVDNB_npp_d20151003_t1731466_e1737270_b20378_c20151003233728467558_noaa_ops.h5,GDNBO_npp_d20151003_t1731466_e1737270_b20378_c20151003233728467298_noaa_ops.h5,SVI04_npp_d20151003_t1731466_e1737270_b20378_c20151003233728541959_noaa_ops.dspace_rad,VNFF_npp_d20151003_t1731466_e1737270_b20378_v21.csv,World_EEZ_v8_2014.shp,WPP_BFAR_merge.shp,KKP_IDN_merge_20161208.shp,VNF-VBD_npp_20120301-20151231_global_asia-enhanced_c201607211230.bitmask,NCEI_NGA.union.nga_lead2.add_2015ntl.mask,timezone.shp,VBD_platforms-recurring_2015_r20170330.shp,999999,VBD_bridges_c20160811.shp,9.202956;7.293124;4.987635;0.117751;-4.766567;-9.662423;-14.566307;-12.781590;-10.252750;-5.421471;-0.565886;4.309883,106.389061;120.204430;133.795395;132.636734;131.583801;130.626740;129.763702;115.696312;101.762085;103.094223;104.302101;105.397919,npp_d20151003_t1731466_e1737270_b20378,160.727,115.806,47.0233,99.4864,63.5393,66.9934
636,VBD_npp_d20151003_t1735098_x1109893E_y036433S_l1834_s1054_v23,2017-06-01 16:11:27,-3.643333,110.989349,5.60417,2015-10-03 17:35:09,2015-10-04 00:35:09,1834,1054,0.337048,1,2529,0.354961,0.158491,0.737903,0.4,0.867993,0.75,0.0141273,0.0001,1.13982e-21,999999,-4.996948e-02,3,Indonesian Exclusive Economic Zone,WPP712,,SVDNB_npp_d20151003_t1731466_e1737270_b20378_c20151003233728467558_noaa_ops.h5,GDNBO_npp_d20151003_t1731466_e1737270_b20378_c20151003233728467298_noaa_ops.h5,SVI04_npp_d20151003_t1731466_e1737270_b20378_c20151003233728541959_noaa_ops.dspace_rad,VNFF_npp_d20151003_t1731466_e1737270_b20378_v21.csv,World_EEZ_v8_2014.shp,WPP_BFAR_merge.shp,KKP_IDN_merge_20161208.shp,VNF-VBD_npp_20120301-20151231_global_asia-enhanced_c201607211230.bitmask,NCEI_NGA.union.nga_lead2.add_2015ntl.mask,timezone.shp,VBD_platforms-recurring_2015_r20170330.shp,999999,VBD_bridges_c20160811.shp,9.202956;7.293124;4.987635;0.117751;-4.766567;-9.662423;-14.566307;-12.781590;-10.252750;-5.421471;-0.565886;4.309883,106.389061;120.204430;133.795395;132.636734;131.583801;130.626740;129.763702;115.696312;101.762085;103.094223;104.302101;105.397919,npp_d20151003_t1731466_e1737270_b20378,160.884,113.513,46.736,99.085,63.0542,67.3193
637,VBD_npp_d20151003_t1735596_x1103318E_y065860S_l2287_s1060_v23,2017-06-01 16:11:27,-6.585970,110.331757,6.07583,2015-10-03 17:35:59,2015-10-04 00:35:59,2287,1060,0.3623,1,2529,0.38281,0.14252,0.768898,0.4,0.891082,0.75,0.0130976,0.0001,1.30297e-22,999999,1.243083e-01,3,Indonesian Exclusive Economic Zone,WPP712,,SVDNB_npp_d20151003_t1731466_e1737270_b20378_c20151003233728467558_noaa_ops.h5,GDNBO_npp_d20151003_t1731466_e1737270_b20378_c20151003233728467298_noaa_ops.h5,SVI04_npp_d20151003_t1731466_e1737270_b20378_c20151003233728541959_noaa_ops.dspace_rad,VNFF_npp_d20151003_t1731466_e1737270_b20378_v21.csv,World_EEZ_v8_2014.shp,WPP_BFAR_merge.shp,KKP_IDN_merge_20161208.shp,VNF-VBD_npp_20120301-20151231_global_asia-enhanced_c201607211230.bitmask,NCEI_NGA.union.nga_lead2.add_2015ntl.mask,timezone.shp,VBD_platforms-recurring_2015_r20170330.shp,999999,VBD_bridges_c20160811.shp,9.202956;7.293124;4.987635;0.117751;-4.766567;-9.662423;-14.566307;-12.781590;-10.252750;-5.421471;-0.565886;4.309883,106.389061;120.204430;133.795395;132.636734;131.583801;130.626740;129.763702;115.696312;101.762085;103.094223;104.302101;105.397919,npp_d20151003_t1731466_e1737270_b20378,159.92,121.474,46.5453,99.1733,64.649,66.0742
638,VBD_npp_d20151003_t1733052_x1126813E_y036278N_l0713_s1061_v23,2017-06-01 16:11:27,3.627848,112.681282,21.3649,2015-10-03 17:33:05,2015-10-04 01:33:05,713,1061,0.172878,4,100837,0.561341,0.120076,0.731279,0.4,0.804232,0.75,0.0165857,0.0001,2.67393e-19,999999,1.830269e-01,3,Malaysian Exclusive Economic Zone,,,SVDNB_npp_d20151003_t1731466_e1737270_b20378_c20151003233728467558_noaa_ops.h5,GDNBO_npp_d20151003_t1731466_e1737270_b20378_c20151003233728467298_noaa_ops.h5,SVI04_npp_d20151003_t1731466_e1737270_b20378_c20151003233728541959_noaa_ops.dspace_rad,VNFF_npp_d20151003_t1731466_e1737270_b20378_v21.csv,World_EEZ_v8_2014.shp,WPP_BFAR_merge.shp,KKP_IDN_merge_20161208.shp,VNF-VBD_npp_20120301-20151231_global_asia-enhanced_c201607211230.bitmask,NCEI_NGA.union.nga_lead2.add_2015ntl.mask,timezone.shp,VBD_platforms-recurring_2015_r20170330.shp,999999,VBD_bridges_c20160811.shp,9.202956;7.293124;4.987635;0.117751;-4.766567;-9.662423;-14.566307;-12.781590;-10.252750;-5.421471;-0.565886;4.309883,106.389061;120.204430;133.795395;132.636734;131.583801;130.626740;129.763702;115.696312;101.762085;103.094223;104.302101;105.397919,npp_d20151003_t1731466_e1737270_b20378,161.345,91.8658,46.496,98.2891,59.3144,70.9509
639,VBD_npp_d20151003_t1735436_x1105902E_y055767S_l2131_s1063_v23,2017-06-01 16:11:27,-5.576710,110.590202,7.2251,2015-10-03 17:35:43,2015-10-04 00:35:43,2131,1063,0.339751,1,2529,0.434488,0.168016,0.785896,0.4,0.892206,0.75,0.0135239,0.0001,4.63359e-22,999999,-1.411123e-01,3,Indonesian Exclusive Economic Zone,WPP712,,SVDNB_npp_d20151003_t1731466_e1737270_b20378_c20151003233728467558_noaa_ops.h5,GDNBO_npp_d20151003_t1731466_e1737270_b20378_c20151003233728467298_noaa_ops.h5,SVI04_npp_d20151003_t1731466_e1737270_b20378_c20151003233728541959_noaa_ops.dspace_rad,VNFF_npp_d20151003_t1731466_e1737270_b20378_v21.csv,World_EEZ_v8_2014.shp,WPP_BFAR_merge.shp,KKP_IDN_merge_20161208.shp,VNF-VBD_npp_20120301-20151231_global_asia-enhanced_c201607211230.bitmask,NCEI_NGA.union.nga_lead2.add_2015ntl.mask,timezone.shp,VBD_platforms-recurring_2015_r20170330.shp,999999,VBD_bridges_c20160811.shp,9.202956;7.293124;4.987635;0.117751;-4.766567;-9.662423;-14.566307;-12.781590;-10.252750;-5.421471;-0.565886;4.309883,106.389061;120.204430;133.795395;132.636734;131.583801;130.626740;129.763702;115.696312;101.762085;103.094223;104.302101;105.397919,npp_d20151003_t1731466_e1737270_b20378,160.262,118.779,46.4445,99.7445,64.0619,66.4758
640,VBD_npp_d20151003_t1733105_x1126801E_y033480N_l0755_s1070_v23,2017-06-01 16:11:27,3.348014,112.680138,56.0742,2015-10-03 17:33:10,2015-10-04 01:33:10,755,1070,0.273528,4,100837,0.597343,0.135453,0.588459,0.4,0.790713,0.75,0.016526,0.0001,4.08504e-19,999999,1.865193e-02,3,Malaysian Exclusive Economic Zone,,,SVDNB_npp_d20151003_t1731466_e1737270_b20378_c20151003233728467558_noaa_ops.h5,GDNBO_npp_d20151003_t1731466_e1737270_b20378_c20151003233728467298_noaa_ops.h5,SVI04_npp_d20151003_t1731466_e1737270_b20378_c20151003233728541959_noaa_ops.dspace_rad,VNFF_npp_d20151003_t1731466_e1737270_b20378_v21.csv,World_EEZ_v8_2014.shp,WPP_BFAR_merge.shp,KKP_IDN_merge_20161208.shp,VNF-VBD_npp_20120301-20151231_global_asia-enhanced_c201607211230.bitmask,NCEI_NGA.union.nga_lead2.add_2015ntl.mask,timezone.shp,VBD_platforms-recurring_2015_r20170330.shp,999999,VBD_bridges_c20160811.shp,9.202956;7.293124;4.987635;0.117751;-4.766567;-9.662423;-14.566307;-12.781590;-10.252750;-5.421471;-0.565886;4.309883,106.389061;120.204430;133.795395;132.636734;131.583801;130.626740;129.763702;115.696312;101.762085;103.094223;104.302101;105.397919,npp_d20151003_t1731466_e1737270_b20378,161.313,92.692,46.1957,98.6904,59.3876,70.7862
641,VBD_npp_d20151003_t1732439_x1130278E_y049145N_l0514_s1071_v23,2017-06-01 16:11:27,4.914454,113.027786,3.72453,2015-10-03 17:32:43,2015-10-04 01:32:43,514,1071,0.234122,11,18593,0.167483,0.161582,0.415614,0.4,0.551528,0.75,0.0170693,0.0001,1.05208e-18,999999,-2.606822e-01,3,Malaysian Exclusive Economic Zone,,,SVDNB_npp_d20151003_t1731466_e1737270_b20378_c20151003233728467558_noaa_ops.h5,GDNBO_npp_d20151003_t1731466_e1737270_b20378_c20151003233728467298_noaa_ops.h5,SVI04_npp_d20151003_t1731466_e1737270_b20378_c20151003233728541959_noaa_ops.dspace_rad,VNFF_npp_d20151003_t1731466_e1737270_b20378_v21.csv,World_EEZ_v8_2014.shp,WPP_BFAR_merge.shp,KKP_IDN_merge_20161208.shp,VNF-VBD_npp_20120301-20151231_global_asia-enhanced_c201607211230.bitmask,NCEI_NGA.union.nga_lead2.add_2015ntl.mask,timezone.shp,VBD_platforms-recurring_2015_r20170330.shp,0.394528,VBD_bridges_c20160811.shp,9.202956;7.293124;4.987635;0.117751;-4.766567;-9.662423;-14.566307;-12.781590;-10.252750;-5.421471;-0.565886;4.309883,106.389061;120.204430;133.795395;132.636734;131.583801;130.626740;129.763702;115.696312;101.762085;103.094223;104.302101;105.397919,npp_d20151003_t1731466_e1737270_b20378,161.087,88.1013,46.1595,98.5871,58.6501,71.6754
642,VBD_npp_d20151003_t1735222_x1109415E_y043405S_l1939_s1071_v23,2017-06-01 16:11:27,-4.340500,110.941475,53.0365,2015-10-03 17:35:22,2015-10-04 00:35:22,1939,1071,0.393811,1,2529,1.06639,0.138867,0.877859,0.4,0.959519,0.75,0.0139998,0.0001,2.24723e-21,999999,1.378189e-01,3,Indonesian Exclusive Economic Zone,WPP712,,SVDNB_npp_d20151003_t1731466_e1737270_b20378_c20151003233728467558_noaa_ops.h5,GDNBO_npp_d20151003_t1731466_e1737270_b20378_c20151003233728467298_noaa_ops.h5,SVI04_npp_d20151003_t1731466_e1737270_b20378_c20151003233728541959_noaa_ops.dspace_rad,VNFF_npp_d20151003_t1731466_e1737270_b20378_v21.csv,World_EEZ_v8_2014.shp,WPP_BFAR_merge.shp,KKP_IDN_merge_20161208.shp,VNF-VBD_npp_20120301-20151231_global_asia-enhanced_c201607211230.bitmask,NCEI_NGA.union.nga_lead2.add_2015ntl.mask,timezone.shp,VBD_platforms-recurring_2015_r20170330.shp,999999,VBD_bridges_c20160811.shp,9.202956;7.293124;4.987635;0.117751;-4.766567;-9.662423;-14.566307;-12.781590;-10.252750;-5.421471;-0.565886;4.309883,106.389061;120.204430;133.795395;132.636734;131.583801;130.626740;129.763702;115.696312;101.762085;103.094223;104.302101;105.397919,npp_d20151003_t1731466_e1737270_b20378,160.592,115.325,46.1705,99.5902,63.325,66.9819
643,VBD_npp_d20151003_t1733034_x1127845E_y037131N_l0698_s1073_v23,2017-06-01 16:11:27,3.713099,112.784470,5.73788,2015-10-03 17:33:03,2015-10-04 01:33:03,698,1073,0.318696,4,51685,0.286202,0.167081,0.602766,0.4,0.756503,0.75,0.0166667,0.0001,5.57774e-19,999999,-3.194582e-01,3,Malaysian Exclusive Economic Zone,,,SVDNB_npp_d20151003_t1731466_e1737270_b20378_c20151003233728467558_noaa_ops.h5,GDNBO_npp_d20151003_t1731466_e1737270_b20378_c20151003233728467298_noaa_ops.h5,SVI04_npp_d20151003_t1731466_e1737270_b20378_c20151003233728541959_noaa_ops.dspace_rad,VNFF_npp_d20151003_t1731466_e1737270_b20378_v21.csv,World_EEZ_v8_2014.shp,WPP_BFAR_merge.shp,KKP_IDN_merge_20161208.shp,VNF-VBD_npp_20120301-20151231_global_asia-enhanced_c201607211230.bitmask,NCEI_NGA.union.nga_lead2.add_2015ntl.mask,timezone.shp,VBD_platforms-recurring_2015_r20170330.shp,0.142407,VBD_bridges_c20160811.shp,9.202956;7.293124;4.987635;0.117751;-4.766567;-9.662423;-14.566307;-12.781590;-10.252750;-5.421471;-0.565886;4.309883,106.389061;120.204430;133.795395;132.636734;131.583801;130.626740;129.763702;115.696312;101.762085;103.094223;104.302101;105.397919,npp_d20151003_t1731466_e1737270_b20378,161.252,91.6116,46.0939,98.2233,59.195,70.9873
644,VBD_npp_d20151003_t1735596_x1104602E_y066158S_l2288_s1079_v23,2017-06-01 16:11:27,-6.615822,110.460197,6.93736,2015-10-03 17:35:59,2015-10-04 00:35:59,2288,1079,0.345157,1,2529,0.40027,0.129869,0.80972,0.4,0.860547,0.75,0.0131662,0.0001,4.79349e-22,999999,2.434691e-01,3,Indonesian Exclusive Economic Zone,WPP712,,SVDNB_npp_d20151003_t1731466_e1737270_b20378_c20151003233728467558_noaa_ops.h5,GDNBO_npp_d20151003_t1731466_e1737270_b20378_c20151003233728467298_noaa_ops.h5,SVI04_npp_d20151003_t1731466_e1737270_b20378_c20151003233728541959_noaa_ops.dspace_rad,VNFF_npp_d20151003_t1731466_e1737270_b20378_v21.csv,World_EEZ_v8_2014.shp,WPP_BFAR_merge.shp,KKP_IDN_merge_20161208.shp,VNF-VBD_npp_20120301-20151231_global_asia-enhanced_c201607211230.bitmask,NCEI_NGA.union.nga_lead2.add_2015ntl.mask,timezone.shp,VBD_platforms-recurring_2015_r20170330.shp,999999,VBD_bridges_c20160811.shp,9.202956;7.293124;4.987635;0.117751;-4.766567;-9.662423;-14.566307;-12.781590;-10.252750;-5.421471;-0.565886;4.309883,106.389061;120.204430;133.795395;132.636734;131.583801;130.626740;129.763702;115.696312;101.762085;103.094223;104.302101;105.397919,npp_d20151003_t1731466_e1737270_b20378,159.796,121.347,45.9058,99.0805,64.5437,66.0204
645,VBD_npp_d20151003_t1736014_x1104604E_y066183S_l2289_s1080_v23,2017-06-01 16:11:27,-6.618259,110.460350,11.8347,2015-10-03 17:36:01,2015-10-04 00:36:01,2289,1080,0.345157,1,2529,0.563695,0.127215,0.80972,0.4,0.914367,0.75,0.0131672,0.0001,6.49888e-22,999999,2.684668e-01,3,Indonesian Exclusive Economic Zone,WPP712,,SVDNB_npp_d20151003_t1731466_e1737270_b20378_c20151003233728467558_noaa_ops.h5,GDNBO_npp_d20151003_t1731466_e1737270_b20378_c20151003233728467298_noaa_ops.h5,SVI04_npp_d20151003_t1731466_e1737270_b20378_c20151003233728541959_noaa_ops.dspace_rad,VNFF_npp_d20151003_t1731466_e1737270_b20378_v21.csv,World_EEZ_v8_2014.shp,WPP_BFAR_merge.shp,KKP_IDN_merge_20161208.shp,VNF-VBD_npp_20120301-20151231_global_asia-enhanced_c201607211230.bitmask,NCEI_NGA.union.nga_lead2.add_2015ntl.mask,timezone.shp,VBD_platforms-recurring_2015_r20170330.shp,999999,VBD_bridges_c20160811.shp,9.202956;7.293124;4.987635;0.117751;-4.766567;-9.662423;-14.566307;-12.781590;-10.252750;-5.421471;-0.565886;4.309883,106.389061;120.204430;133.795395;132.636734;131.583801;130.626740;129.763702;115.696312;101.762085;103.094223;104.302101;105.397919,npp_d20151003_t1731466_e1737270_b20378,159.788,121.342,45.8662,100.006,64.538,66.017
646,VBD_npp_d20151003_t1733070_x1128106E_y035571N_l0721_s1082_v23,2017-06-01 16:11:27,3.557124,112.810577,20.4981,2015-10-03 17:33:07,2015-10-04 01:33:07,721,1082,0.165836,4,100485,0.145601,0.0839277,0.218332,0.4,0.35108,0.75,0.01665,0.0001,9.5044e-19,999999,5.694630e-01,3,Malaysian Exclusive Economic Zone,,,SVDNB_npp_d20151003_t1731466_e1737270_b20378_c20151003233728467558_noaa_ops.h5,GDNBO_npp_d20151003_t1731466_e1737270_b20378_c20151003233728467298_noaa_ops.h5,SVI04_npp_d20151003_t1731466_e1737270_b20378_c20151003233728541959_noaa_ops.dspace_rad,VNFF_npp_d20151003_t1731466_e1737270_b20378_v21.csv,World_EEZ_v8_2014.shp,WPP_BFAR_merge.shp,KKP_IDN_merge_20161208.shp,VNF-VBD_npp_20120301-20151231_global_asia-enhanced_c201607211230.bitmask,NCEI_NGA.union.nga_lead2.add_2015ntl.mask,timezone.shp,VBD_platforms-recurring_2015_r20170330.shp,999999,VBD_bridges_c20160811.shp,9.202956;7.293124;4.987635;0.117751;-4.766567;-9.662423;-14.566307;-12.781590;-10.252750;-5.421471;-0.565886;4.309883,106.389061;120.204430;133.795395;132.636734;131.583801;130.626740;129.763702;115.696312;101.762085;103.094223;104.302101;105.397919,npp_d20151003_t1731466_e1737270_b20378,161.206,92.069,45.7831,98.7972,59.2079,70.891
647,VBD_npp_d20151003_t1735115_x1111696E_y037737S_l1849_s1084_v23,2017-06-01 16:11:27,-3.773652,111.169601,19.847,2015-10-03 17:35:11,2015-10-04 00:35:11,1849,1084,0.258875,8,18913,0.657124,0.154563,0.815786,0.4,0.88911,0.75,0.0142029,0.0001,7.65019e-21,999999,-1.238273e-02,3,Indonesian Exclusive Economic Zone,WPP712,,SVDNB_npp_d20151003_t1731466_e1737270_b20378_c20151003233728467558_noaa_ops.h5,GDNBO_npp_d20151003_t1731466_e1737270_b20378_c20151003233728467298_noaa_ops.h5,SVI04_npp_d20151003_t1731466_e1737270_b20378_c20151003233728541959_noaa_ops.dspace_rad,VNFF_npp_d20151003_t1731466_e1737270_b20378_v21.csv,World_EEZ_v8_2014.shp,WPP_BFAR_merge.shp,KKP_IDN_merge_20161208.shp,VNF-VBD_npp_20120301-20151231_global_asia-enhanced_c201607211230.bitmask,NCEI_NGA.union.nga_lead2.add_2015ntl.mask,timezone.shp,VBD_platforms-recurring_2015_r20170330.shp,0.451897,VBD_bridges_c20160811.shp,9.202956;7.293124;4.987635;0.117751;-4.766567;-9.662423;-14.566307;-12.781590;-10.252750;-5.421471;-0.565886;4.309883,106.389061;120.204430;133.795395;132.636734;131.583801;130.626740;129.763702;115.696312;101.762085;103.094223;104.302101;105.397919,npp_d20151003_t1731466_e1737270_b20378,160.66,113.629,45.7289,99.1418,62.9312,67.2055
648,VBD_npp_d20151003_t1736049_x1104271E_y068846S_l2329_s1084_v23,2017-06-01 16:11:27,-6.884602,110.427132,9.28057,2015-10-03 17:36:04,2015-10-04 00:36:04,2329,1084,0.395731,8,18913,0.443076,0.159782,0.682477,0.4,0.833507,0.75,0.0130746,0.0001,5.99646e-22,999999,-3.828064e-02,3,Indonesian Exclusive Economic Zone,WPP712,,SVDNB_npp_d20151003_t1731466_e1737270_b20378_c20151003233728467558_noaa_ops.h5,GDNBO_npp_d20151003_t1731466_e1737270_b20378_c20151003233728467298_noaa_ops.h5,SVI04_npp_d20151003_t1731466_e1737270_b20378_c20151003233728541959_noaa_ops.dspace_rad,VNFF_npp_d20151003_t1731466_e1737270_b20378_v21.csv,World_EEZ_v8_2014.shp,WPP_BFAR_merge.shp,KKP_IDN_merge_20161208.shp,VNF-VBD_npp_20120301-20151231_global_asia-enhanced_c201607211230.bitmask,NCEI_NGA.union.nga_lead2.add_2015ntl.mask,timezone.shp,VBD_platforms-recurring_2015_r20170330.shp,0.392867,VBD_bridges_c20160811.shp,9.202956;7.293124;4.987635;0.117751;-4.766567;-9.662423;-14.566307;-12.781590;-10.252750;-5.421471;-0.565886;4.309883,106.389061;120.204430;133.795395;132.636734;131.583801;130.626740;129.763702;115.696312;101.762085;103.094223;104.302101;105.397919,npp_d20151003_t1731466_e1737270_b20378,159.664,121.983,45.7346,99.544,64.6646,65.903
649,VBD_npp_d20151003_t1735187_x1110778E_y042385S_l1920_s1086_v23,2017-06-01 16:11:27,-4.238493,111.077797,3.2702,2015-10-03 17:35:18,2015-10-04 00:35:18,1920,1086,0.354404,1,2529,0.229487,0.149492,0.730744,0.4,0.829087,0.75,0.0140788,0.0001,5.52451e-21,999999,3.614608e-02,3,Indonesian Exclusive Economic Zone,WPP712,,SVDNB_npp_d20151003_t1731466_e1737270_b20378_c20151003233728467558_noaa_ops.h5,GDNBO_npp_d20151003_t1731466_e1737270_b20378_c20151003233728467298_noaa_ops.h5,SVI04_npp_d20151003_t1731466_e1737270_b20378_c20151003233728541959_noaa_ops.dspace_rad,VNFF_npp_d20151003_t1731466_e1737270_b20378_v21.csv,World_EEZ_v8_2014.shp,WPP_BFAR_merge.shp,KKP_IDN_merge_20161208.shp,VNF-VBD_npp_20120301-20151231_global_asia-enhanced_c201607211230.bitmask,NCEI_NGA.union.nga_lead2.add_2015ntl.mask,timezone.shp,VBD_platforms-recurring_2015_r20170330.shp,999999,VBD_bridges_c20160811.shp,9.202956;7.293124;4.987635;0.117751;-4.766567;-9.662423;-14.566307;-12.781590;-10.252750;-5.421471;-0.565886;4.309883,106.389061;120.204430;133.795395;132.636734;131.583801;130.626740;129.763702;115.696312;101.762085;103.094223;104.302101;105.397919,npp_d20151003_t1731466_e1737270_b20378,160.525,114.908,45.6631,98.766,63.172,66.997
650,VBD_npp_d20151003_t1735364_x1108390E_y052352S_l2074_s1086_v23,2017-06-01 16:11:27,-5.235157,110.838989,4.18559,2015-10-03 17:35:36,2015-10-04 00:35:36,2074,1086,0.114621,2,2465,0.207492,0.193193,0.522613,0.4,0.691493,0.75,0.013762,0.0001,2.72427e-21,999999,-3.820392e-01,3,Indonesian Exclusive Economic Zone,WPP712,,SVDNB_npp_d20151003_t1731466_e1737270_b20378_c20151003233728467558_noaa_ops.h5,GDNBO_npp_d20151003_t1731466_e1737270_b20378_c20151003233728467298_noaa_ops.h5,SVI04_npp_d20151003_t1731466_e1737270_b20378_c20151003233728541959_noaa_ops.dspace_rad,VNFF_npp_d20151003_t1731466_e1737270_b20378_v21.csv,World_EEZ_v8_2014.shp,WPP_BFAR_merge.shp,KKP_IDN_merge_20161208.shp,VNF-VBD_npp_20120301-20151231_global_asia-enhanced_c201607211230.bitmask,NCEI_NGA.union.nga_lead2.add_2015ntl.mask,timezone.shp,VBD_platforms-recurring_2015_r20170330.shp,999999,VBD_bridges_c20160811.shp,9.202956;7.293124;4.987635;0.117751;-4.766567;-9.662423;-14.566307;-12.781590;-10.252750;-5.421471;-0.565886;4.309883,106.389061;120.204430;133.795395;132.636734;131.583801;130.626740;129.763702;115.696312;101.762085;103.094223;104.302101;105.397919,npp_d20151003_t1731466_e1737270_b20378,160.231,117.633,45.662,99.263,63.7222,66.57
651,VBD_npp_d20151003_t1732456_x1131051E_y047262N_l0540_s1087_v23,2017-06-01 16:11:27,4.726187,113.105080,19.8541,2015-10-03 17:32:45,2015-10-04 01:32:45,540,1087,0.356111,4,117221,0.692367,0.128737,0.812774,0.4,0.928252,0.75,0.0170746,0.0001,2.13864e-18,999999,9.044437e-02,3,Malaysian Exclusive Economic Zone,,,SVDNB_npp_d20151003_t1731466_e1737270_b20378_c20151003233728467558_noaa_ops.h5,GDNBO_npp_d20151003_t1731466_e1737270_b20378_c20151003233728467298_noaa_ops.h5,SVI04_npp_d20151003_t1731466_e1737270_b20378_c20151003233728541959_noaa_ops.dspace_rad,VNFF_npp_d20151003_t1731466_e1737270_b20378_v21.csv,World_EEZ_v8_2014.shp,WPP_BFAR_merge.shp,KKP_IDN_merge_20161208.shp,VNF-VBD_npp_20120301-20151231_global_asia-enhanced_c201607211230.bitmask,NCEI_NGA.union.nga_lead2.add_2015ntl.mask,timezone.shp,VBD_platforms-recurring_2015_r20170330.shp,0.603846,VBD_bridges_c20160811.shp,9.202956;7.293124;4.987635;0.117751;-4.766567;-9.662423;-14.566307;-12.781590;-10.252750;-5.421471;-0.565886;4.309883,106.389061;120.204430;133.795395;132.636734;131.583801;130.626740;129.763702;115.696312;101.762085;103.094223;104.302101;105.397919,npp_d20151003_t1731466_e1737270_b20378,161.008,88.6634,45.6131,98.0004,58.6295,71.5534
652,VBD_npp_d20151003_t1732492_x1130614E_y045317N_l0570_s1087_v23,2017-06-01 16:11:27,4.531667,113.061447,5.49573,2015-10-03 17:32:49,2015-10-04 01:32:49,570,1087,0.351701,4,51685,0.357182,0.141261,0.756625,0.4,0.870408,0.75,0.0170079,0.0001,1.95781e-18,999999,-4.344507e-02,3,Malaysian Exclusive Economic Zone,,,SVDNB_npp_d20151003_t1731466_e1737270_b20378_c20151003233728467558_noaa_ops.h5,GDNBO_npp_d20151003_t1731466_e1737270_b20378_c20151003233728467298_noaa_ops.h5,SVI04_npp_d20151003_t1731466_e1737270_b20378_c20151003233728541959_noaa_ops.dspace_rad,VNFF_npp_d20151003_t1731466_e1737270_b20378_v21.csv,World_EEZ_v8_2014.shp,WPP_BFAR_merge.shp,KKP_IDN_merge_20161208.shp,VNF-VBD_npp_20120301-20151231_global_asia-enhanced_c201607211230.bitmask,NCEI_NGA.union.nga_lead2.add_2015ntl.mask,timezone.shp,VBD_platforms-recurring_2015_r20170330.shp,0.301659,VBD_bridges_c20160811.shp,9.202956;7.293124;4.987635;0.117751;-4.766567;-9.662423;-14.566307;-12.781590;-10.252750;-5.421471;-0.565886;4.309883,106.389061;120.204430;133.795395;132.636734;131.583801;130.626740;129.763702;115.696312;101.762085;103.094223;104.302101;105.397919,npp_d20151003_t1731466_e1737270_b20378,161.041,89.2252,45.6154,98.1437,58.7197,71.4409
653,VBD_npp_d20151003_t1735204_x1110770E_y042416S_l1921_s1087_v23,2017-06-01 16:11:27,-4.241647,111.077003,2.58969,2015-10-03 17:35:20,2015-10-04 00:35:20,1921,1087,0.356182,1,2273,0.180637,0.153689,0.747875,0.4,0.822397,0.75,0.0140814,0.0001,7.24511e-21,999999,-4.014366e-03,3,Indonesian Exclusive Economic Zone,WPP712,,SVDNB_npp_d20151003_t1731466_e1737270_b20378_c20151003233728467558_noaa_ops.h5,GDNBO_npp_d20151003_t1731466_e1737270_b20378_c20151003233728467298_noaa_ops.h5,SVI04_npp_d20151003_t1731466_e1737270_b20378_c20151003233728541959_noaa_ops.dspace_rad,VNFF_npp_d20151003_t1731466_e1737270_b20378_v21.csv,World_EEZ_v8_2014.shp,WPP_BFAR_merge.shp,KKP_IDN_merge_20161208.shp,VNF-VBD_npp_20120301-20151231_global_asia-enhanced_c201607211230.bitmask,NCEI_NGA.union.nga_lead2.add_2015ntl.mask,timezone.shp,VBD_platforms-recurring_2015_r20170330.shp,999999,VBD_bridges_c20160811.shp,9.202956;7.293124;4.987635;0.117751;-4.766567;-9.662423;-14.566307;-12.781590;-10.252750;-5.421471;-0.565886;4.309883,106.389061;120.204430;133.795395;132.636734;131.583801;130.626740;129.763702;115.696312;101.762085;103.094223;104.302101;105.397919,npp_d20151003_t1731466_e1737270_b20378,160.518,114.908,45.6273,99.6916,63.1673,66.9937
654,VBD_npp_d20151003_t1735542_x1105905E_y063138S_l2240_s1087_v23,2017-06-01 16:11:27,-6.313808,110.590546,5.75173,2015-10-03 17:35:54,2015-10-04 00:35:54,2240,1087,0.26172,1,2529,0.338274,0.170716,0.726635,0.4,0.824708,0.75,0.0133243,0.0001,1.09181e-21,999999,-1.669454e-01,3,Indonesian Exclusive Economic Zone,WPP712,,SVDNB_npp_d20151003_t1731466_e1737270_b20378_c20151003233728467558_noaa_ops.h5,GDNBO_npp_d20151003_t1731466_e1737270_b20378_c20151003233728467298_noaa_ops.h5,SVI04_npp_d20151003_t1731466_e1737270_b20378_c20151003233728541959_noaa_ops.dspace_rad,VNFF_npp_d20151003_t1731466_e1737270_b20378_v21.csv,World_EEZ_v8_2014.shp,WPP_BFAR_merge.shp,KKP_IDN_merge_20161208.shp,VNF-VBD_npp_20120301-20151231_global_asia-enhanced_c201607211230.bitmask,NCEI_NGA.union.nga_lead2.add_2015ntl.mask,timezone.shp,VBD_platforms-recurring_2015_r20170330.shp,999999,VBD_bridges_c20160811.shp,9.202956;7.293124;4.987635;0.117751;-4.766567;-9.662423;-14.566307;-12.781590;-10.252750;-5.421471;-0.565886;4.309883,106.389061;120.204430;133.795395;132.636734;131.583801;130.626740;129.763702;115.696312;101.762085;103.094223;104.302101;105.397919,npp_d20151003_t1731466_e1737270_b20378,159.859,120.48,45.6302,99.0325,64.3207,66.1236
655,VBD_npp_d20151003_t1735204_x1110735E_y043039S_l1930_s1088_v23,2017-06-01 16:11:27,-4.303903,111.073547,28.6409,2015-10-03 17:35:20,2015-10-04 00:35:20,1930,1088,0.353266,1,2529,0.882384,0.15575,0.877461,0.4,0.957961,0.75,0.0140747,0.0001,6.5075e-21,999999,-2.374104e-02,3,Indonesian Exclusive Economic Zone,WPP712,,SVDNB_npp_d20151003_t1731466_e1737270_b20378_c20151003233728467558_noaa_ops.h5,GDNBO_npp_d20151003_t1731466_e1737270_b20378_c20151003233728467298_noaa_ops.h5,SVI04_npp_d20151003_t1731466_e1737270_b20378_c20151003233728541959_noaa_ops.dspace_rad,VNFF_npp_d20151003_t1731466_e1737270_b20378_v21.csv,World_EEZ_v8_2014.shp,WPP_BFAR_merge.shp,KKP_IDN_merge_20161208.shp,VNF-VBD_npp_20120301-20151231_global_asia-enhanced_c201607211230.bitmask,NCEI_NGA.union.nga_lead2.add_2015ntl.mask,timezone.shp,VBD_platforms-recurring_2015_r20170330.shp,999999,VBD_bridges_c20160811.shp,9.202956;7.293124;4.987635;0.117751;-4.766567;-9.662423;-14.566307;-12.781590;-10.252750;-5.421471;-0.565886;4.309883,106.389061;120.204430;133.795395;132.636734;131.583801;130.626740;129.763702;115.696312;101.762085;103.094223;104.302101;105.397919,npp_d20151003_t1731466_e1737270_b20378,160.495,115.072,45.5938,99.1418,63.1951,66.9647
656,VBD_npp_d20151003_t1733088_x1128218E_y033573N_l0750_s1089_v23,2017-06-01 16:11:27,3.357288,112.821793,10.5584,2015-10-03 17:33:08,2015-10-04 01:33:08,750,1089,0.397083,4,51685,0.487845,0.137507,0.730152,0.4,0.873034,0.75,0.0166118,0.0001,1.10407e-18,999999,-3.308414e-03,3,Malaysian Exclusive Economic Zone,,,SVDNB_npp_d20151003_t1731466_e1737270_b20378_c20151003233728467558_noaa_ops.h5,GDNBO_npp_d20151003_t1731466_e1737270_b20378_c20151003233728467298_noaa_ops.h5,SVI04_npp_d20151003_t1731466_e1737270_b20378_c20151003233728541959_noaa_ops.dspace_rad,VNFF_npp_d20151003_t1731466_e1737270_b20378_v21.csv,World_EEZ_v8_2014.shp,WPP_BFAR_merge.shp,KKP_IDN_merge_20161208.shp,VNF-VBD_npp_20120301-20151231_global_asia-enhanced_c201607211230.bitmask,NCEI_NGA.union.nga_lead2.add_2015ntl.mask,timezone.shp,VBD_platforms-recurring_2015_r20170330.shp,0.157404,VBD_bridges_c20160811.shp,9.202956;7.293124;4.987635;0.117751;-4.766567;-9.662423;-14.566307;-12.781590;-10.252750;-5.421471;-0.565886;4.309883,106.389061;120.204430;133.795395;132.636734;131.583801;130.626740;129.763702;115.696312;101.762085;103.094223;104.302101;105.397919,npp_d20151003_t1731466_e1737270_b20378,161.179,92.6542,45.547,98.0142,59.2567,70.7724
657,VBD_npp_d20151003_t1735222_x1110831E_y044548S_l1952_s1094_v23,2017-06-01 16:11:27,-4.454801,111.083084,44.5498,2015-10-03 17:35:22,2015-10-04 00:35:22,1952,1094,0.377379,8,18913,0.98441,0.172303,0.915488,0.4,0.964779,0.75,0.0140717,0.0001,7.89996e-21,999999,-1.821367e-01,3,Indonesian Exclusive Economic Zone,WPP712,,SVDNB_npp_d20151003_t1731466_e1737270_b20378_c20151003233728467558_noaa_ops.h5,GDNBO_npp_d20151003_t1731466_e1737270_b20378_c20151003233728467298_noaa_ops.h5,SVI04_npp_d20151003_t1731466_e1737270_b20378_c20151003233728541959_noaa_ops.dspace_rad,VNFF_npp_d20151003_t1731466_e1737270_b20378_v21.csv,World_EEZ_v8_2014.shp,WPP_BFAR_merge.shp,KKP_IDN_merge_20161208.shp,VNF-VBD_npp_20120301-20151231_global_asia-enhanced_c201607211230.bitmask,NCEI_NGA.union.nga_lead2.add_2015ntl.mask,timezone.shp,VBD_platforms-recurring_2015_r20170330.shp,0.0756736,VBD_bridges_c20160811.shp,9.202956;7.293124;4.987635;0.117751;-4.766567;-9.662423;-14.566307;-12.781590;-10.252750;-5.421471;-0.565886;4.309883,106.389061;120.204430;133.795395;132.636734;131.583801;130.626740;129.763702;115.696312;101.762085;103.094223;104.302101;105.397919,npp_d20151003_t1731466_e1737270_b20378,160.415,115.435,45.3903,98.7851,63.2392,66.8873
658,VBD_npp_d20151003_t1735222_x1110944E_y044288S_l1948_s1095_v23,2017-06-01 16:11:27,-4.428820,111.094360,39.0367,2015-10-03 17:35:22,2015-10-04 00:35:22,1948,1095,0.382785,1,2529,0.918353,0.185186,0.913093,0.4,0.949529,0.75,0.0140801,0.0001,9.10565e-21,999999,-3.054123e-01,3,Indonesian Exclusive Economic Zone,WPP712,,SVDNB_npp_d20151003_t1731466_e1737270_b20378_c20151003233728467558_noaa_ops.h5,GDNBO_npp_d20151003_t1731466_e1737270_b20378_c20151003233728467298_noaa_ops.h5,SVI04_npp_d20151003_t1731466_e1737270_b20378_c20151003233728541959_noaa_ops.dspace_rad,VNFF_npp_d20151003_t1731466_e1737270_b20378_v21.csv,World_EEZ_v8_2014.shp,WPP_BFAR_merge.shp,KKP_IDN_merge_20161208.shp,VNF-VBD_npp_20120301-20151231_global_asia-enhanced_c201607211230.bitmask,NCEI_NGA.union.nga_lead2.add_2015ntl.mask,timezone.shp,VBD_platforms-recurring_2015_r20170330.shp,999999,VBD_bridges_c20160811.shp,9.202956;7.293124;4.987635;0.117751;-4.766567;-9.662423;-14.566307;-12.781590;-10.252750;-5.421471;-0.565886;4.309883,106.389061;120.204430;133.795395;132.636734;131.583801;130.626740;129.763702;115.696312;101.762085;103.094223;104.302101;105.397919,npp_d20151003_t1731466_e1737270_b20378,160.416,115.354,45.3547,99.0295,63.2185,66.8966
659,VBD_npp_d20151003_t1735240_x1110822E_y044583S_l1953_s1095_v23,2017-06-01 16:11:27,-4.458282,111.082237,10.4302,2015-10-03 17:35:24,2015-10-04 00:35:24,1953,1095,0.379798,8,18913,0.413253,0.176352,0.919357,0.4,0.790773,0.75,0.0140743,0.0001,1.03574e-20,999999,-2.208771e-01,3,Indonesian Exclusive Economic Zone,WPP712,,SVDNB_npp_d20151003_t1731466_e1737270_b20378_c20151003233728467558_noaa_ops.h5,GDNBO_npp_d20151003_t1731466_e1737270_b20378_c20151003233728467298_noaa_ops.h5,SVI04_npp_d20151003_t1731466_e1737270_b20378_c20151003233728541959_noaa_ops.dspace_rad,VNFF_npp_d20151003_t1731466_e1737270_b20378_v21.csv,World_EEZ_v8_2014.shp,WPP_BFAR_merge.shp,KKP_IDN_merge_20161208.shp,VNF-VBD_npp_20120301-20151231_global_asia-enhanced_c201607211230.bitmask,NCEI_NGA.union.nga_lead2.add_2015ntl.mask,timezone.shp,VBD_platforms-recurring_2015_r20170330.shp,0.473368,VBD_bridges_c20160811.shp,9.202956;7.293124;4.987635;0.117751;-4.766567;-9.662423;-14.566307;-12.781590;-10.252750;-5.421471;-0.565886;4.309883,106.389061;120.204430;133.795395;132.636734;131.583801;130.626740;129.763702;115.696312;101.762085;103.094223;104.302101;105.397919,npp_d20151003_t1731466_e1737270_b20378,160.408,115.435,45.3542,99.7156,63.2348,66.8838
660,VBD_npp_d20151003_t1735240_x1110777E_y044854S_l1957_s1095_v23,2017-06-01 16:11:27,-4.485352,111.077705,26.5006,2015-10-03 17:35:24,2015-10-04 00:35:24,1957,1095,0.388618,1,2529,0.808131,0.175949,0.913902,0.4,0.807037,0.75,0.0140697,0.0001,9.6008e-21,999999,-2.170257e-01,3,Indonesian Exclusive Economic Zone,WPP712,,SVDNB_npp_d20151003_t1731466_e1737270_b20378_c20151003233728467558_noaa_ops.h5,GDNBO_npp_d20151003_t1731466_e1737270_b20378_c20151003233728467298_noaa_ops.h5,SVI04_npp_d20151003_t1731466_e1737270_b20378_c20151003233728541959_noaa_ops.dspace_rad,VNFF_npp_d20151003_t1731466_e1737270_b20378_v21.csv,World_EEZ_v8_2014.shp,WPP_BFAR_merge.shp,KKP_IDN_merge_20161208.shp,VNF-VBD_npp_20120301-20151231_global_asia-enhanced_c201607211230.bitmask,NCEI_NGA.union.nga_lead2.add_2015ntl.mask,timezone.shp,VBD_platforms-recurring_2015_r20170330.shp,999999,VBD_bridges_c20160811.shp,9.202956;7.293124;4.987635;0.117751;-4.766567;-9.662423;-14.566307;-12.781590;-10.252750;-5.421471;-0.565886;4.309883,106.389061;120.204430;133.795395;132.636734;131.583801;130.626740;129.763702;115.696312;101.762085;103.094223;104.302101;105.397919,npp_d20151003_t1731466_e1737270_b20378,160.4,115.51,45.3541,99.4703,63.2497,66.8721
661,VBD_npp_d20151003_t1735240_x1110934E_y044741S_l1955_s1097_v23,2017-06-01 16:11:27,-4.474070,111.093376,43.4025,2015-10-03 17:35:24,2015-10-04 00:35:24,1955,1097,0.366923,1,2529,0.978565,0.142623,0.913902,0.4,0.958919,0.75,0.0140795,0.0001,1.13306e-20,999999,1.018775e-01,3,Indonesian Exclusive Economic Zone,WPP712,,SVDNB_npp_d20151003_t1731466_e1737270_b20378_c20151003233728467558_noaa_ops.h5,GDNBO_npp_d20151003_t1731466_e1737270_b20378_c20151003233728467298_noaa_ops.h5,SVI04_npp_d20151003_t1731466_e1737270_b20378_c20151003233728541959_noaa_ops.dspace_rad,VNFF_npp_d20151003_t1731466_e1737270_b20378_v21.csv,World_EEZ_v8_2014.shp,WPP_BFAR_merge.shp,KKP_IDN_merge_20161208.shp,VNF-VBD_npp_20120301-20151231_global_asia-enhanced_c201607211230.bitmask,NCEI_NGA.union.nga_lead2.add_2015ntl.mask,timezone.shp,VBD_platforms-recurring_2015_r20170330.shp,999999,VBD_bridges_c20160811.shp,9.202956;7.293124;4.987635;0.117751;-4.766567;-9.662423;-14.566307;-12.781590;-10.252750;-5.421471;-0.565886;4.309883,106.389061;120.204430;133.795395;132.636734;131.583801;130.626740;129.763702;115.696312;101.762085;103.094223;104.302101;105.397919,npp_d20151003_t1731466_e1737270_b20378,160.391,115.461,45.2862,99.5922,63.2307,66.8731
662,VBD_npp_d20151003_t1735258_x1110659E_y045910S_l1973_s1097_v23,2017-06-01 16:11:27,-4.591010,111.065887,36.3303,2015-10-03 17:35:25,2015-10-04 00:35:25,1973,1097,0.386271,1,2529,0.952481,0.16284,0.905589,0.4,0.963536,0.75,0.0140585,0.0001,1.00038e-20,999999,-9.158106e-02,3,Indonesian Exclusive Economic Zone,WPP712,,SVDNB_npp_d20151003_t1731466_e1737270_b20378_c20151003233728467558_noaa_ops.h5,GDNBO_npp_d20151003_t1731466_e1737270_b20378_c20151003233728467298_noaa_ops.h5,SVI04_npp_d20151003_t1731466_e1737270_b20378_c20151003233728541959_noaa_ops.dspace_rad,VNFF_npp_d20151003_t1731466_e1737270_b20378_v21.csv,World_EEZ_v8_2014.shp,WPP_BFAR_merge.shp,KKP_IDN_merge_20161208.shp,VNF-VBD_npp_20120301-20151231_global_asia-enhanced_c201607211230.bitmask,NCEI_NGA.union.nga_lead2.add_2015ntl.mask,timezone.shp,VBD_platforms-recurring_2015_r20170330.shp,999999,VBD_bridges_c20160811.shp,9.202956;7.293124;4.987635;0.117751;-4.766567;-9.662423;-14.566307;-12.781590;-10.252750;-5.421471;-0.565886;4.309883,106.389061;120.204430;133.795395;132.636734;131.583801;130.626740;129.763702;115.696312;101.762085;103.094223;104.302101;105.397919,npp_d20151003_t1731466_e1737270_b20378,160.358,115.782,45.2901,99.4844,63.2958,66.8226
663,VBD_npp_d20151003_t1735222_x1111111E_y044524S_l1951_s1098_v23,2017-06-01 16:11:27,-4.452378,111.111061,29.5228,2015-10-03 17:35:22,2015-10-04 00:35:22,1951,1098,0.340818,1,2529,0.79388,0.152779,0.919357,0.4,0.925073,0.75,0.0140879,0.0001,1.04065e-20,999999,4.692473e-03,3,Indonesian Exclusive Economic Zone,WPP712,,SVDNB_npp_d20151003_t1731466_e1737270_b20378_c20151003233728467558_noaa_ops.h5,GDNBO_npp_d20151003_t1731466_e1737270_b20378_c20151003233728467298_noaa_ops.h5,SVI04_npp_d20151003_t1731466_e1737270_b20378_c20151003233728541959_noaa_ops.dspace_rad,VNFF_npp_d20151003_t1731466_e1737270_b20378_v21.csv,World_EEZ_v8_2014.shp,WPP_BFAR_merge.shp,KKP_IDN_merge_20161208.shp,VNF-VBD_npp_20120301-20151231_global_asia-enhanced_c201607211230.bitmask,NCEI_NGA.union.nga_lead2.add_2015ntl.mask,timezone.shp,VBD_platforms-recurring_2015_r20170330.shp,999999,VBD_bridges_c20160811.shp,9.202956;7.293124;4.987635;0.117751;-4.766567;-9.662423;-14.566307;-12.781590;-10.252750;-5.421471;-0.565886;4.309883,106.389061;120.204430;133.795395;132.636734;131.583801;130.626740;129.763702;115.696312;101.762085;103.094223;104.302101;105.397919,npp_d20151003_t1731466_e1737270_b20378,160.391,115.393,45.254,98.8432,63.2124,66.8805
664,VBD_npp_d20151003_t1735098_x1113010E_y036459S_l1827_s1099_v23,2017-06-01 16:11:27,-3.645930,111.300972,25.7523,2015-10-03 17:35:09,2015-10-04 00:35:09,1827,1099,0.345442,1,2529,0.707743,0.134323,0.809338,0.4,0.896359,0.75,0.0143163,0.0001,2.38428e-20,999999,1.813063e-01,3,Indonesian Exclusive Economic Zone,WPP712,,SVDNB_npp_d20151003_t1731466_e1737270_b20378_c20151003233728467558_noaa_ops.h5,GDNBO_npp_d20151003_t1731466_e1737270_b20378_c20151003233728467298_noaa_ops.h5,SVI04_npp_d20151003_t1731466_e1737270_b20378_c20151003233728541959_noaa_ops.dspace_rad,VNFF_npp_d20151003_t1731466_e1737270_b20378_v21.csv,World_EEZ_v8_2014.shp,WPP_BFAR_merge.shp,KKP_IDN_merge_20161208.shp,VNF-VBD_npp_20120301-20151231_global_asia-enhanced_c201607211230.bitmask,NCEI_NGA.union.nga_lead2.add_2015ntl.mask,timezone.shp,VBD_platforms-recurring_2015_r20170330.shp,999999,VBD_bridges_c20160811.shp,9.202956;7.293124;4.987635;0.117751;-4.766567;-9.662423;-14.566307;-12.781590;-10.252750;-5.421471;-0.565886;4.309883,106.389061;120.204430;133.795395;132.636734;131.583801;130.626740;129.763702;115.696312;101.762085;103.094223;104.302101;105.397919,npp_d20151003_t1731466_e1737270_b20378,160.597,113.148,45.2217,99.4888,62.7662,67.2345
665,VBD_npp_d20151003_t1733052_x1129458E_y035884N_l0713_s1100_v23,2017-06-01 16:11:27,3.588418,112.945763,12.018,2015-10-03 17:33:05,2015-10-04 01:33:05,713,1100,0.249699,4,35237,0.349187,0.137233,0.565258,0.4,0.672863,0.75,0.0167383,0.0001,2.4413e-18,999999,-3.776938e-04,3,Malaysian Exclusive Economic Zone,,,SVDNB_npp_d20151003_t1731466_e1737270_b20378_c20151003233728467558_noaa_ops.h5,GDNBO_npp_d20151003_t1731466_e1737270_b20378_c20151003233728467298_noaa_ops.h5,SVI04_npp_d20151003_t1731466_e1737270_b20378_c20151003233728541959_noaa_ops.dspace_rad,VNFF_npp_d20151003_t1731466_e1737270_b20378_v21.csv,World_EEZ_v8_2014.shp,WPP_BFAR_merge.shp,KKP_IDN_merge_20161208.shp,VNF-VBD_npp_20120301-20151231_global_asia-enhanced_c201607211230.bitmask,NCEI_NGA.union.nga_lead2.add_2015ntl.mask,timezone.shp,VBD_platforms-recurring_2015_r20170330.shp,999999,VBD_bridges_c20160811.shp,9.202956;7.293124;4.987635;0.117751;-4.766567;-9.662423;-14.566307;-12.781590;-10.252750;-5.421471;-0.565886;4.309883,106.389061;120.204430;133.795395;132.636734;131.583801;130.626740;129.763702;115.696312;101.762085;103.094223;104.302101;105.397919,npp_d20151003_t1731466_e1737270_b20378,161.08,91.9723,45.1748,98.3023,59.0758,70.8914
666,VBD_npp_d20151003_t1735098_x1113088E_y036403S_l1826_s1100_v23,2017-06-01 16:11:27,-3.640288,111.308762,34.623,2015-10-03 17:35:09,2015-10-04 00:35:09,1826,1100,0.347362,1,2529,0.830637,0.146837,0.809059,0.4,0.91258,0.75,0.0143226,0.0001,2.58441e-20,999999,6.155473e-02,3,Indonesian Exclusive Economic Zone,WPP712,,SVDNB_npp_d20151003_t1731466_e1737270_b20378_c20151003233728467558_noaa_ops.h5,GDNBO_npp_d20151003_t1731466_e1737270_b20378_c20151003233728467298_noaa_ops.h5,SVI04_npp_d20151003_t1731466_e1737270_b20378_c20151003233728541959_noaa_ops.dspace_rad,VNFF_npp_d20151003_t1731466_e1737270_b20378_v21.csv,World_EEZ_v8_2014.shp,WPP_BFAR_merge.shp,KKP_IDN_merge_20161208.shp,VNF-VBD_npp_20120301-20151231_global_asia-enhanced_c201607211230.bitmask,NCEI_NGA.union.nga_lead2.add_2015ntl.mask,timezone.shp,VBD_platforms-recurring_2015_r20170330.shp,999999,VBD_bridges_c20160811.shp,9.202956;7.293124;4.987635;0.117751;-4.766567;-9.662423;-14.566307;-12.781590;-10.252750;-5.421471;-0.565886;4.309883,106.389061;120.204430;133.795395;132.636734;131.583801;130.626740;129.763702;115.696312;101.762085;103.094223;104.302101;105.397919,npp_d20151003_t1731466_e1737270_b20378,160.592,113.124,45.1878,99.55,62.7568,67.2352
667,VBD_npp_d20151003_t1735258_x1110871E_y045876S_l1972_s1100_v23,2017-06-01 16:11:27,-4.587615,111.087074,100.095,2015-10-03 17:35:25,2015-10-04 00:35:25,1972,1100,0.383425,1,2529,1.31236,0.138885,0.908388,0.4,0.978218,0.75,0.0140709,0.0001,1.23418e-20,999999,1.376506e-01,3,Indonesian Exclusive Economic Zone,WPP712,,SVDNB_npp_d20151003_t1731466_e1737270_b20378_c20151003233728467558_noaa_ops.h5,GDNBO_npp_d20151003_t1731466_e1737270_b20378_c20151003233728467298_noaa_ops.h5,SVI04_npp_d20151003_t1731466_e1737270_b20378_c20151003233728541959_noaa_ops.dspace_rad,VNFF_npp_d20151003_t1731466_e1737270_b20378_v21.csv,World_EEZ_v8_2014.shp,WPP_BFAR_merge.shp,KKP_IDN_merge_20161208.shp,VNF-VBD_npp_20120301-20151231_global_asia-enhanced_c201607211230.bitmask,NCEI_NGA.union.nga_lead2.add_2015ntl.mask,timezone.shp,VBD_platforms-recurring_2015_r20170330.shp,999999,VBD_bridges_c20160811.shp,9.202956;7.293124;4.987635;0.117751;-4.766567;-9.662423;-14.566307;-12.781590;-10.252750;-5.421471;-0.565886;4.309883,106.389061;120.204430;133.795395;132.636734;131.583801;130.626740;129.763702;115.696312;101.762085;103.094223;104.302101;105.397919,npp_d20151003_t1731466_e1737270_b20378,160.341,115.746,45.1884,99.5446,63.275,66.8182
668,VBD_npp_d20151003_t1735489_x1107748E_y059240S_l2178_s1101_v23,2017-06-01 16:11:27,-5.924010,110.774803,6.37563,2015-10-03 17:35:48,2015-10-04 00:35:48,2178,1101,0.260155,1,2529,0.370687,0.171119,0.740108,0.4,0.851084,0.75,0.0135419,0.0001,4.71306e-21,999999,-1.708018e-01,3,Indonesian Exclusive Economic Zone,WPP712,,SVDNB_npp_d20151003_t1731466_e1737270_b20378_c20151003233728467558_noaa_ops.h5,GDNBO_npp_d20151003_t1731466_e1737270_b20378_c20151003233728467298_noaa_ops.h5,SVI04_npp_d20151003_t1731466_e1737270_b20378_c20151003233728541959_noaa_ops.dspace_rad,VNFF_npp_d20151003_t1731466_e1737270_b20378_v21.csv,World_EEZ_v8_2014.shp,WPP_BFAR_merge.shp,KKP_IDN_merge_20161208.shp,VNF-VBD_npp_20120301-20151231_global_asia-enhanced_c201607211230.bitmask,NCEI_NGA.union.nga_lead2.add_2015ntl.mask,timezone.shp,VBD_platforms-recurring_2015_r20170330.shp,999999,VBD_bridges_c20160811.shp,9.202956;7.293124;4.987635;0.117751;-4.766567;-9.662423;-14.566307;-12.781590;-10.252750;-5.421471;-0.565886;4.309883,106.389061;120.204430;133.795395;132.636734;131.583801;130.626740;129.763702;115.696312;101.762085;103.094223;104.302101;105.397919,npp_d20151003_t1731466_e1737270_b20378,159.913,119.32,45.1572,99.8356,64.013,66.2527
669,VBD_npp_d20151003_t1733070_x1129528E_y034526N_l0733_s1105_v23,2017-06-01 16:11:27,3.452607,112.952782,7.63989,2015-10-03 17:33:07,2015-10-04 01:33:07,733,1105,0.410028,8,18849,0.310511,0.149634,0.645026,0.4,0.73398,0.75,0.0167123,0.0001,2.87775e-18,999999,-1.329482e-01,3,Malaysian Exclusive Economic Zone,,,SVDNB_npp_d20151003_t1731466_e1737270_b20378_c20151003233728467558_noaa_ops.h5,GDNBO_npp_d20151003_t1731466_e1737270_b20378_c20151003233728467298_noaa_ops.h5,SVI04_npp_d20151003_t1731466_e1737270_b20378_c20151003233728541959_noaa_ops.dspace_rad,VNFF_npp_d20151003_t1731466_e1737270_b20378_v21.csv,World_EEZ_v8_2014.shp,WPP_BFAR_merge.shp,KKP_IDN_merge_20161208.shp,VNF-VBD_npp_20120301-20151231_global_asia-enhanced_c201607211230.bitmask,NCEI_NGA.union.nga_lead2.add_2015ntl.mask,timezone.shp,VBD_platforms-recurring_2015_r20170330.shp,0.354061,VBD_bridges_c20160811.shp,9.202956;7.293124;4.987635;0.117751;-4.766567;-9.662423;-14.566307;-12.781590;-10.252750;-5.421471;-0.565886;4.309883,106.389061;120.204430;133.795395;132.636734;131.583801;130.626740;129.763702;115.696312;101.762085;103.094223;104.302101;105.397919,npp_d20151003_t1731466_e1737270_b20378,161.06,92.3673,45.0037,98.0698,59.1073,70.8101
670,VBD_npp_d20151003_t1735240_x1111410E_y045167S_l1960_s1105_v23,2017-06-01 16:11:27,-4.516709,111.141045,40.0863,2015-10-03 17:35:24,2015-10-04 00:35:24,1960,1105,0.341245,1,2529,0.901756,0.157065,0.870932,0.4,0.937302,0.75,0.0141036,0.0001,1.70906e-20,999999,-3.632464e-02,3,Indonesian Exclusive Economic Zone,WPP712,,SVDNB_npp_d20151003_t1731466_e1737270_b20378_c20151003233728467558_noaa_ops.h5,GDNBO_npp_d20151003_t1731466_e1737270_b20378_c20151003233728467298_noaa_ops.h5,SVI04_npp_d20151003_t1731466_e1737270_b20378_c20151003233728541959_noaa_ops.dspace_rad,VNFF_npp_d20151003_t1731466_e1737270_b20378_v21.csv,World_EEZ_v8_2014.shp,WPP_BFAR_merge.shp,KKP_IDN_merge_20161208.shp,VNF-VBD_npp_20120301-20151231_global_asia-enhanced_c201607211230.bitmask,NCEI_NGA.union.nga_lead2.add_2015ntl.mask,timezone.shp,VBD_platforms-recurring_2015_r20170330.shp,999999,VBD_bridges_c20160811.shp,9.202956;7.293124;4.987635;0.117751;-4.766567;-9.662423;-14.566307;-12.781590;-10.252750;-5.421471;-0.565886;4.309883,106.389061;120.204430;133.795395;132.636734;131.583801;130.626740;129.763702;115.696312;101.762085;103.094223;104.302101;105.397919,npp_d20151003_t1731466_e1737270_b20378,160.33,115.508,45.0152,99.2809,63.2036,66.839
671,VBD_npp_d20151003_t1733070_x1129563E_y034314N_l0736_s1106_v23,2017-06-01 16:11:27,3.431420,112.956345,12.3155,2015-10-03 17:33:07,2015-10-04 01:33:07,736,1106,0.375103,8,18913,0.448907,0.136483,0.657167,0.4,0.807895,0.75,0.0167094,0.0001,2.91124e-18,999999,7.630905e-03,3,Malaysian Exclusive Economic Zone,,,SVDNB_npp_d20151003_t1731466_e1737270_b20378_c20151003233728467558_noaa_ops.h5,GDNBO_npp_d20151003_t1731466_e1737270_b20378_c20151003233728467298_noaa_ops.h5,SVI04_npp_d20151003_t1731466_e1737270_b20378_c20151003233728541959_noaa_ops.dspace_rad,VNFF_npp_d20151003_t1731466_e1737270_b20378_v21.csv,World_EEZ_v8_2014.shp,WPP_BFAR_merge.shp,KKP_IDN_merge_20161208.shp,VNF-VBD_npp_20120301-20151231_global_asia-enhanced_c201607211230.bitmask,NCEI_NGA.union.nga_lead2.add_2015ntl.mask,timezone.shp,VBD_platforms-recurring_2015_r20170330.shp,0.348188,VBD_bridges_c20160811.shp,9.202956;7.293124;4.987635;0.117751;-4.766567;-9.662423;-14.566307;-12.781590;-10.252750;-5.421471;-0.565886;4.309883,106.389061;120.204430;133.795395;132.636734;131.583801;130.626740;129.763702;115.696312;101.762085;103.094223;104.302101;105.397919,npp_d20151003_t1731466_e1737270_b20378,161.056,92.4287,44.9711,97.8844,59.1109,70.7972
672,VBD_npp_d20151003_t1733088_x1129555E_y034272N_l0737_s1107_v23,2017-06-01 16:11:27,3.427158,112.955460,11.5978,2015-10-03 17:33:08,2015-10-04 01:33:08,737,1107,0.346437,8,18913,0.368861,0.14035,0.628145,0.4,0.759582,0.75,0.016711,0.0001,3.58247e-18,999999,-3.370286e-02,3,Malaysian Exclusive Economic Zone,,,SVDNB_npp_d20151003_t1731466_e1737270_b20378_c20151003233728467558_noaa_ops.h5,GDNBO_npp_d20151003_t1731466_e1737270_b20378_c20151003233728467298_noaa_ops.h5,SVI04_npp_d20151003_t1731466_e1737270_b20378_c20151003233728541959_noaa_ops.dspace_rad,VNFF_npp_d20151003_t1731466_e1737270_b20378_v21.csv,World_EEZ_v8_2014.shp,WPP_BFAR_merge.shp,KKP_IDN_merge_20161208.shp,VNF-VBD_npp_20120301-20151231_global_asia-enhanced_c201607211230.bitmask,NCEI_NGA.union.nga_lead2.add_2015ntl.mask,timezone.shp,VBD_platforms-recurring_2015_r20170330.shp,0.265427,VBD_bridges_c20160811.shp,9.202956;7.293124;4.987635;0.117751;-4.766567;-9.662423;-14.566307;-12.781590;-10.252750;-5.421471;-0.565886;4.309883,106.389061;120.204430;133.795395;132.636734;131.583801;130.626740;129.763702;115.696312;101.762085;103.094223;104.302101;105.397919,npp_d20151003_t1731466_e1737270_b20378,161.049,92.4407,44.9345,98.8217,59.1064,70.7939
673,VBD_npp_d20151003_t1733070_x1129696E_y034295N_l0736_s1108_v23,2017-06-01 16:11:27,3.429489,112.969597,11.5627,2015-10-03 17:33:07,2015-10-04 01:33:07,736,1108,0.387693,1,2529,0.363387,0.13912,0.628145,0.4,0.763011,0.75,0.0167171,0.0001,3.24483e-18,999999,-2.055313e-02,3,Malaysian Exclusive Economic Zone,,,SVDNB_npp_d20151003_t1731466_e1737270_b20378_c20151003233728467558_noaa_ops.h5,GDNBO_npp_d20151003_t1731466_e1737270_b20378_c20151003233728467298_noaa_ops.h5,SVI04_npp_d20151003_t1731466_e1737270_b20378_c20151003233728541959_noaa_ops.dspace_rad,VNFF_npp_d20151003_t1731466_e1737270_b20378_v21.csv,World_EEZ_v8_2014.shp,WPP_BFAR_merge.shp,KKP_IDN_merge_20161208.shp,VNF-VBD_npp_20120301-20151231_global_asia-enhanced_c201607211230.bitmask,NCEI_NGA.union.nga_lead2.add_2015ntl.mask,timezone.shp,VBD_platforms-recurring_2015_r20170330.shp,999999,VBD_bridges_c20160811.shp,9.202956;7.293124;4.987635;0.117751;-4.766567;-9.662423;-14.566307;-12.781590;-10.252750;-5.421471;-0.565886;4.309883,106.389061;120.204430;133.795395;132.636734;131.583801;130.626740;129.763702;115.696312;101.762085;103.094223;104.302101;105.397919,npp_d20151003_t1731466_e1737270_b20378,161.042,92.4335,44.9033,97.8845,59.099,70.7942
674,VBD_npp_d20151003_t1735560_x1107113E_y064073S_l2251_s1108_v23,2017-06-01 16:11:27,-6.407252,110.711342,2.80698,2015-10-03 17:35:56,2015-10-04 00:35:56,2251,1108,0.356325,2,2209,0.155544,0.13262,0.765688,0.4,0.725184,0.75,0.013373,0.0001,4.42613e-21,999999,1.975986e-01,3,Indonesian Exclusive Economic Zone,WPP712,,SVDNB_npp_d20151003_t1731466_e1737270_b20378_c20151003233728467558_noaa_ops.h5,GDNBO_npp_d20151003_t1731466_e1737270_b20378_c20151003233728467298_noaa_ops.h5,SVI04_npp_d20151003_t1731466_e1737270_b20378_c20151003233728541959_noaa_ops.dspace_rad,VNFF_npp_d20151003_t1731466_e1737270_b20378_v21.csv,World_EEZ_v8_2014.shp,WPP_BFAR_merge.shp,KKP_IDN_merge_20161208.shp,VNF-VBD_npp_20120301-20151231_global_asia-enhanced_c201607211230.bitmask,NCEI_NGA.union.nga_lead2.add_2015ntl.mask,timezone.shp,VBD_platforms-recurring_2015_r20170330.shp,999999,VBD_bridges_c20160811.shp,9.202956;7.293124;4.987635;0.117751;-4.766567;-9.662423;-14.566307;-12.781590;-10.252750;-5.421471;-0.565886;4.309883,106.389061;120.204430;133.795395;132.636734;131.583801;130.626740;129.763702;115.696312;101.762085;103.094223;104.302101;105.397919,npp_d20151003_t1731466_e1737270_b20378,159.702,120.509,44.9211,99.3305,64.2418,66.0409
675,VBD_npp_d20151003_t1735222_x1111842E_y044642S_l1951_s1109_v23,2017-06-01 16:11:27,-4.464231,111.184250,25.4186,2015-10-03 17:35:22,2015-10-04 00:35:22,1951,1109,0.348714,1,2529,0.818973,0.15792,0.872343,0.4,0.933242,0.75,0.014129,0.0001,2.08066e-20,999999,-4.449927e-02,3,Indonesian Exclusive Economic Zone,WPP712,,SVDNB_npp_d20151003_t1731466_e1737270_b20378_c20151003233728467558_noaa_ops.h5,GDNBO_npp_d20151003_t1731466_e1737270_b20378_c20151003233728467298_noaa_ops.h5,SVI04_npp_d20151003_t1731466_e1737270_b20378_c20151003233728541959_noaa_ops.dspace_rad,VNFF_npp_d20151003_t1731466_e1737270_b20378_v21.csv,World_EEZ_v8_2014.shp,WPP_BFAR_merge.shp,KKP_IDN_merge_20161208.shp,VNF-VBD_npp_20120301-20151231_global_asia-enhanced_c201607211230.bitmask,NCEI_NGA.union.nga_lead2.add_2015ntl.mask,timezone.shp,VBD_platforms-recurring_2015_r20170330.shp,999999,VBD_bridges_c20160811.shp,9.202956;7.293124;4.987635;0.117751;-4.766567;-9.662423;-14.566307;-12.781590;-10.252750;-5.421471;-0.565886;4.309883,106.389061;120.204430;133.795395;132.636734;131.583801;130.626740;129.763702;115.696312;101.762085;103.094223;104.302101;105.397919,npp_d20151003_t1731466_e1737270_b20378,160.32,115.329,44.8813,98.8344,63.1495,66.8541
676,VBD_npp_d20151003_t1735329_x1110550E_y050967S_l2048_s1112_v23,2017-06-01 16:11:27,-5.096709,111.055008,23.9615,2015-10-03 17:35:32,2015-10-04 00:35:32,2048,1112,0.394522,1,2529,0.831605,0.144692,0.896203,0.4,0.965152,0.75,0.0139287,0.0001,1.51927e-20,999999,8.207574e-02,3,Indonesian Exclusive Economic Zone,WPP712,,SVDNB_npp_d20151003_t1731466_e1737270_b20378_c20151003233728467558_noaa_ops.h5,GDNBO_npp_d20151003_t1731466_e1737270_b20378_c20151003233728467298_noaa_ops.h5,SVI04_npp_d20151003_t1731466_e1737270_b20378_c20151003233728541959_noaa_ops.dspace_rad,VNFF_npp_d20151003_t1731466_e1737270_b20378_v21.csv,World_EEZ_v8_2014.shp,WPP_BFAR_merge.shp,KKP_IDN_merge_20161208.shp,VNF-VBD_npp_20120301-20151231_global_asia-enhanced_c201607211230.bitmask,NCEI_NGA.union.nga_lead2.add_2015ntl.mask,timezone.shp,VBD_platforms-recurring_2015_r20170330.shp,999999,VBD_bridges_c20160811.shp,9.202956;7.293124;4.987635;0.117751;-4.766567;-9.662423;-14.566307;-12.781590;-10.252750;-5.421471;-0.565886;4.309883,106.389061;120.204430;133.795395;132.636734;131.583801;130.626740;129.763702;115.696312;101.762085;103.094223;104.302101;105.397919,npp_d20151003_t1731466_e1737270_b20378,160.117,117.018,44.7841,98.8473,63.4811,66.5761
677,VBD_npp_d20151003_t1735293_x1111270E_y048378S_l2008_s1114_v23,2017-06-01 16:11:27,-4.837796,111.126976,49.6908,2015-10-03 17:35:29,2015-10-04 00:35:29,2008,1114,0.370978,8,18913,1.05257,0.142758,0.897173,0.4,0.955195,0.75,0.0140433,0.0001,2.36547e-20,999999,1.005829e-01,3,Indonesian Exclusive Economic Zone,WPP712,,SVDNB_npp_d20151003_t1731466_e1737270_b20378_c20151003233728467558_noaa_ops.h5,GDNBO_npp_d20151003_t1731466_e1737270_b20378_c20151003233728467298_noaa_ops.h5,SVI04_npp_d20151003_t1731466_e1737270_b20378_c20151003233728541959_noaa_ops.dspace_rad,VNFF_npp_d20151003_t1731466_e1737270_b20378_v21.csv,World_EEZ_v8_2014.shp,WPP_BFAR_merge.shp,KKP_IDN_merge_20161208.shp,VNF-VBD_npp_20120301-20151231_global_asia-enhanced_c201607211230.bitmask,NCEI_NGA.union.nga_lead2.add_2015ntl.mask,timezone.shp,VBD_platforms-recurring_2015_r20170330.shp,0.482946,VBD_bridges_c20160811.shp,9.202956;7.293124;4.987635;0.117751;-4.766567;-9.662423;-14.566307;-12.781590;-10.252750;-5.421471;-0.565886;4.309883,106.389061;120.204430;133.795395;132.636734;131.583801;130.626740;129.763702;115.696312;101.762085;103.094223;104.302101;105.397919,npp_d20151003_t1731466_e1737270_b20378,160.182,116.302,44.7109,99.3153,63.3244,66.6827
678,VBD_npp_d20151003_t1735276_x1111661E_y047641S_l1996_s1117_v23,2017-06-01 16:11:27,-4.764113,111.166069,74.3453,2015-10-03 17:35:27,2015-10-04 00:35:27,1996,1117,0.3655,1,2529,1.23894,0.147189,0.907429,0.4,0.979025,0.75,0.0140867,0.0001,2.83666e-20,999999,5.818911e-02,3,Indonesian Exclusive Economic Zone,WPP712,,SVDNB_npp_d20151003_t1731466_e1737270_b20378_c20151003233728467558_noaa_ops.h5,GDNBO_npp_d20151003_t1731466_e1737270_b20378_c20151003233728467298_noaa_ops.h5,SVI04_npp_d20151003_t1731466_e1737270_b20378_c20151003233728541959_noaa_ops.dspace_rad,VNFF_npp_d20151003_t1731466_e1737270_b20378_v21.csv,World_EEZ_v8_2014.shp,WPP_BFAR_merge.shp,KKP_IDN_merge_20161208.shp,VNF-VBD_npp_20120301-20151231_global_asia-enhanced_c201607211230.bitmask,NCEI_NGA.union.nga_lead2.add_2015ntl.mask,timezone.shp,VBD_platforms-recurring_2015_r20170330.shp,999999,VBD_bridges_c20160811.shp,9.202956;7.293124;4.987635;0.117751;-4.766567;-9.662423;-14.566307;-12.781590;-10.252750;-5.421471;-0.565886;4.309883,106.389061;120.204430;133.795395;132.636734;131.583801;130.626740;129.763702;115.696312;101.762085;103.094223;104.302101;105.397919,npp_d20151003_t1731466_e1737270_b20378,160.186,116.077,44.6136,99.051,63.2656,66.7088
679,VBD_npp_d20151003_t1735542_x1108600E_y063378S_l2237_s1127_v23,2017-06-01 16:11:27,-6.337758,110.860023,9.80733,2015-10-03 17:35:54,2015-10-04 00:35:54,2237,1127,0.386271,1,2529,0.528567,0.147121,0.854051,0.4,0.930839,0.75,0.0134808,0.0001,1.56491e-20,999999,5.883197e-02,3,Indonesian Exclusive Economic Zone,WPP712,,SVDNB_npp_d20151003_t1731466_e1737270_b20378_c20151003233728467558_noaa_ops.h5,GDNBO_npp_d20151003_t1731466_e1737270_b20378_c20151003233728467298_noaa_ops.h5,SVI04_npp_d20151003_t1731466_e1737270_b20378_c20151003233728541959_noaa_ops.dspace_rad,VNFF_npp_d20151003_t1731466_e1737270_b20378_v21.csv,World_EEZ_v8_2014.shp,WPP_BFAR_merge.shp,KKP_IDN_merge_20161208.shp,VNF-VBD_npp_20120301-20151231_global_asia-enhanced_c201607211230.bitmask,NCEI_NGA.union.nga_lead2.add_2015ntl.mask,timezone.shp,VBD_platforms-recurring_2015_r20170330.shp,999999,VBD_bridges_c20160811.shp,9.202956;7.293124;4.987635;0.117751;-4.766567;-9.662423;-14.566307;-12.781590;-10.252750;-5.421471;-0.565886;4.309883,106.389061;120.204430;133.795395;132.636734;131.583801;130.626740;129.763702;115.696312;101.762085;103.094223;104.302101;105.397919,npp_d20151003_t1731466_e1737270_b20378,159.615,120.14,44.274,99.1777,64.0838,66.0284
680,VBD_npp_d20151003_t1735240_x1113029E_y045161S_l1956_s1129_v23,2017-06-01 16:11:27,-4.516117,111.302887,31.9556,2015-10-03 17:35:24,2015-10-04 00:35:24,1956,1129,0.344232,8,18913,0.948278,0.159325,0.882298,0.4,0.924774,0.75,0.014198,0.0001,7.9979e-20,999999,-5.794297e-02,3,Indonesian Exclusive Economic Zone,WPP712,,SVDNB_npp_d20151003_t1731466_e1737270_b20378_c20151003233728467558_noaa_ops.h5,GDNBO_npp_d20151003_t1731466_e1737270_b20378_c20151003233728467298_noaa_ops.h5,SVI04_npp_d20151003_t1731466_e1737270_b20378_c20151003233728541959_noaa_ops.dspace_rad,VNFF_npp_d20151003_t1731466_e1737270_b20378_v21.csv,World_EEZ_v8_2014.shp,WPP_BFAR_merge.shp,KKP_IDN_merge_20161208.shp,VNF-VBD_npp_20120301-20151231_global_asia-enhanced_c201607211230.bitmask,NCEI_NGA.union.nga_lead2.add_2015ntl.mask,timezone.shp,VBD_platforms-recurring_2015_r20170330.shp,0.543321,VBD_bridges_c20160811.shp,9.202956;7.293124;4.987635;0.117751;-4.766567;-9.662423;-14.566307;-12.781590;-10.252750;-5.421471;-0.565886;4.309883,106.389061;120.204430;133.795395;132.636734;131.583801;130.626740;129.763702;115.696312;101.762085;103.094223;104.302101;105.397919,npp_d20151003_t1731466_e1737270_b20378,160.184,115.301,44.2037,99.5181,63.0539,66.7932
681,VBD_npp_d20151003_t1735169_x1114104E_y041572S_l1900_s1132_v23,2017-06-01 16:11:27,-4.157221,111.410423,13.7326,2015-10-03 17:35:16,2015-10-04 00:35:16,1900,1132,0.349283,8,18913,0.600478,0.148993,0.831652,0.4,0.907613,0.75,0.0142748,0.0001,1.10867e-19,999999,4.092484e-02,3,Indonesian Exclusive Economic Zone,WPP712,,SVDNB_npp_d20151003_t1731466_e1737270_b20378_c20151003233728467558_noaa_ops.h5,GDNBO_npp_d20151003_t1731466_e1737270_b20378_c20151003233728467298_noaa_ops.h5,SVI04_npp_d20151003_t1731466_e1737270_b20378_c20151003233728541959_noaa_ops.dspace_rad,VNFF_npp_d20151003_t1731466_e1737270_b20378_v21.csv,World_EEZ_v8_2014.shp,WPP_BFAR_merge.shp,KKP_IDN_merge_20161208.shp,VNF-VBD_npp_20120301-20151231_global_asia-enhanced_c201607211230.bitmask,NCEI_NGA.union.nga_lead2.add_2015ntl.mask,timezone.shp,VBD_platforms-recurring_2015_r20170330.shp,0.411157,VBD_bridges_c20160811.shp,9.202956;7.293124;4.987635;0.117751;-4.766567;-9.662423;-14.566307;-12.781590;-10.252750;-5.421471;-0.565886;4.309883,106.389061;120.204430;133.795395;132.636734;131.583801;130.626740;129.763702;115.696312;101.762085;103.094223;104.302101;105.397919,npp_d20151003_t1731466_e1737270_b20378,160.264,114.298,44.1067,98.9648,62.8389,66.9456
682,VBD_npp_d20151003_t1735347_x1112480E_y052167S_l2061_s1145_v23,2017-06-01 16:11:27,-5.216659,111.247971,3.14549,2015-10-03 17:35:34,2015-10-04 00:35:34,2061,1145,0.370266,1,2529,0.227363,0.163571,0.693587,0.4,0.863822,0.75,0.0140168,0.0001,1.10141e-19,999999,-9.858054e-02,3,Indonesian Exclusive Economic Zone,WPP712,,SVDNB_npp_d20151003_t1731466_e1737270_b20378_c20151003233728467558_noaa_ops.h5,GDNBO_npp_d20151003_t1731466_e1737270_b20378_c20151003233728467298_noaa_ops.h5,SVI04_npp_d20151003_t1731466_e1737270_b20378_c20151003233728541959_noaa_ops.dspace_rad,VNFF_npp_d20151003_t1731466_e1737270_b20378_v21.csv,World_EEZ_v8_2014.shp,WPP_BFAR_merge.shp,KKP_IDN_merge_20161208.shp,VNF-VBD_npp_20120301-20151231_global_asia-enhanced_c201607211230.bitmask,NCEI_NGA.union.nga_lead2.add_2015ntl.mask,timezone.shp,VBD_platforms-recurring_2015_r20170330.shp,999999,VBD_bridges_c20160811.shp,9.202956;7.293124;4.987635;0.117751;-4.766567;-9.662423;-14.566307;-12.781590;-10.252750;-5.421471;-0.565886;4.309883,106.389061;120.204430;133.795395;132.636734;131.583801;130.626740;129.763702;115.696312;101.762085;103.094223;104.302101;105.397919,npp_d20151003_t1731466_e1737270_b20378,159.884,117.045,43.6688,99.0087,63.345,66.4597
683,VBD_npp_d20151003_t1735507_x1111550E_y060954S_l2194_s1162_v23,2017-06-01 16:11:27,-6.095426,111.155022,9.60084,2015-10-03 17:35:50,2015-10-04 00:35:50,2194,1162,0.36607,8,18913,0.531112,0.158873,0.841169,0.4,0.930222,0.75,0.0137256,0.0001,2.00631e-19,999999,-5.361982e-02,3,Indonesian Exclusive Economic Zone,WPP712,,SVDNB_npp_d20151003_t1731466_e1737270_b20378_c20151003233728467558_noaa_ops.h5,GDNBO_npp_d20151003_t1731466_e1737270_b20378_c20151003233728467298_noaa_ops.h5,SVI04_npp_d20151003_t1731466_e1737270_b20378_c20151003233728541959_noaa_ops.dspace_rad,VNFF_npp_d20151003_t1731466_e1737270_b20378_v21.csv,World_EEZ_v8_2014.shp,WPP_BFAR_merge.shp,KKP_IDN_merge_20161208.shp,VNF-VBD_npp_20120301-20151231_global_asia-enhanced_c201607211230.bitmask,NCEI_NGA.union.nga_lead2.add_2015ntl.mask,timezone.shp,VBD_platforms-recurring_2015_r20170330.shp,0.104825,VBD_bridges_c20160811.shp,9.202956;7.293124;4.987635;0.117751;-4.766567;-9.662423;-14.566307;-12.781590;-10.252750;-5.421471;-0.565886;4.309883,106.389061;120.204430;133.795395;132.636734;131.583801;130.626740;129.763702;115.696312;101.762085;103.094223;104.302101;105.397919,npp_d20151003_t1731466_e1737270_b20378,159.493,119.175,43.0484,99.8346,63.7278,66.0529
684,VBD_npp_d20151003_t1735258_x1115053E_y046498S_l1971_s1163_v23,2017-06-01 16:11:27,-4.649755,111.505302,36.4589,2015-10-03 17:35:25,2015-10-04 00:35:25,1971,1163,0.357961,8,18913,0.971256,0.137172,0.909117,0.4,0.958114,0.75,0.0143076,0.0001,5.86796e-19,999999,1.540420e-01,3,Indonesian Exclusive Economic Zone,WPP712,,SVDNB_npp_d20151003_t1731466_e1737270_b20378_c20151003233728467558_noaa_ops.h5,GDNBO_npp_d20151003_t1731466_e1737270_b20378_c20151003233728467298_noaa_ops.h5,SVI04_npp_d20151003_t1731466_e1737270_b20378_c20151003233728541959_noaa_ops.dspace_rad,VNFF_npp_d20151003_t1731466_e1737270_b20378_v21.csv,World_EEZ_v8_2014.shp,WPP_BFAR_merge.shp,KKP_IDN_merge_20161208.shp,VNF-VBD_npp_20120301-20151231_global_asia-enhanced_c201607211230.bitmask,NCEI_NGA.union.nga_lead2.add_2015ntl.mask,timezone.shp,VBD_platforms-recurring_2015_r20170330.shp,0.588277,VBD_bridges_c20160811.shp,9.202956;7.293124;4.987635;0.117751;-4.766567;-9.662423;-14.566307;-12.781590;-10.252750;-5.421471;-0.565886;4.309883,106.389061;120.204430;133.795395;132.636734;131.583801;130.626740;129.763702;115.696312;101.762085;103.094223;104.302101;105.397919,npp_d20151003_t1731466_e1737270_b20378,159.938,115.37,43.0119,99.5943,62.9137,66.6679
685,VBD_npp_d20151003_t1735240_x1115225E_y046353S_l1968_s1164_v23,2017-06-01 16:11:27,-4.635278,111.522499,52.2984,2015-10-03 17:35:24,2015-10-04 00:35:24,1968,1164,0.370409,1,2529,1.04906,0.149525,0.912741,0.4,0.963754,0.75,0.0143149,0.0001,5.30954e-19,999999,3.583029e-02,3,Indonesian Exclusive Economic Zone,WPP712,,SVDNB_npp_d20151003_t1731466_e1737270_b20378_c20151003233728467558_noaa_ops.h5,GDNBO_npp_d20151003_t1731466_e1737270_b20378_c20151003233728467298_noaa_ops.h5,SVI04_npp_d20151003_t1731466_e1737270_b20378_c20151003233728541959_noaa_ops.dspace_rad,VNFF_npp_d20151003_t1731466_e1737270_b20378_v21.csv,World_EEZ_v8_2014.shp,WPP_BFAR_merge.shp,KKP_IDN_merge_20161208.shp,VNF-VBD_npp_20120301-20151231_global_asia-enhanced_c201607211230.bitmask,NCEI_NGA.union.nga_lead2.add_2015ntl.mask,timezone.shp,VBD_platforms-recurring_2015_r20170330.shp,999999,VBD_bridges_c20160811.shp,9.202956;7.293124;4.987635;0.117751;-4.766567;-9.662423;-14.566307;-12.781590;-10.252750;-5.421471;-0.565886;4.309883,106.389061;120.204430;133.795395;132.636734;131.583801;130.626740;129.763702;115.696312;101.762085;103.094223;104.302101;105.397919,npp_d20151003_t1731466_e1737270_b20378,159.935,115.322,42.9746,98.7201,62.8987,66.672
686,VBD_npp_d20151003_t1735525_x1111380E_y062356S_l2215_s1164_v23,2017-06-01 16:11:27,-6.235572,111.137962,8.34235,2015-10-03 17:35:52,2015-10-04 00:35:52,2215,1164,0.30511,8,18913,0.469361,0.141534,0.81762,0.4,0.898043,0.75,0.0136768,0.0001,1.91273e-19,999999,1.122976e-01,3,Indonesian Exclusive Economic Zone,WPP712,,SVDNB_npp_d20151003_t1731466_e1737270_b20378_c20151003233728467558_noaa_ops.h5,GDNBO_npp_d20151003_t1731466_e1737270_b20378_c20151003233728467298_noaa_ops.h5,SVI04_npp_d20151003_t1731466_e1737270_b20378_c20151003233728541959_noaa_ops.dspace_rad,VNFF_npp_d20151003_t1731466_e1737270_b20378_v21.csv,World_EEZ_v8_2014.shp,WPP_BFAR_merge.shp,KKP_IDN_merge_20161208.shp,VNF-VBD_npp_20120301-20151231_global_asia-enhanced_c201607211230.bitmask,NCEI_NGA.union.nga_lead2.add_2015ntl.mask,timezone.shp,VBD_platforms-recurring_2015_r20170330.shp,0.462215,VBD_bridges_c20160811.shp,9.202956;7.293124;4.987635;0.117751;-4.766567;-9.662423;-14.566307;-12.781590;-10.252750;-5.421471;-0.565886;4.309883,106.389061;120.204430;133.795395;132.636734;131.583801;130.626740;129.763702;115.696312;101.762085;103.094223;104.302101;105.397919,npp_d20151003_t1731466_e1737270_b20378,159.433,119.515,42.9758,99.5137,63.7942,65.9905
687,VBD_npp_d20151003_t1735240_x1115327E_y046161S_l1965_s1165_v23,2017-06-01 16:11:27,-4.616094,111.532684,32.2349,2015-10-03 17:35:24,2015-10-04 00:35:24,1965,1165,0.377308,1,2529,0.906893,0.139344,0.902044,0.4,0.959151,0.75,0.0143222,0.0001,5.96226e-19,999999,1.332512e-01,3,Indonesian Exclusive Economic Zone,WPP712,,SVDNB_npp_d20151003_t1731466_e1737270_b20378_c20151003233728467558_noaa_ops.h5,GDNBO_npp_d20151003_t1731466_e1737270_b20378_c20151003233728467298_noaa_ops.h5,SVI04_npp_d20151003_t1731466_e1737270_b20378_c20151003233728541959_noaa_ops.dspace_rad,VNFF_npp_d20151003_t1731466_e1737270_b20378_v21.csv,World_EEZ_v8_2014.shp,WPP_BFAR_merge.shp,KKP_IDN_merge_20161208.shp,VNF-VBD_npp_20120301-20151231_global_asia-enhanced_c201607211230.bitmask,NCEI_NGA.union.nga_lead2.add_2015ntl.mask,timezone.shp,VBD_platforms-recurring_2015_r20170330.shp,999999,VBD_bridges_c20160811.shp,9.202956;7.293124;4.987635;0.117751;-4.766567;-9.662423;-14.566307;-12.781590;-10.252750;-5.421471;-0.565886;4.309883,106.389061;120.204430;133.795395;132.636734;131.583801;130.626740;129.763702;115.696312;101.762085;103.094223;104.302101;105.397919,npp_d20151003_t1731466_e1737270_b20378,159.934,115.262,42.9369,98.9176,62.8816,66.6784
688,VBD_npp_d20151003_t1735258_x1115211E_y046385S_l1969_s1165_v23,2017-06-01 16:11:27,-4.638508,111.521111,3.96562,2015-10-03 17:35:25,2015-10-04 00:35:25,1969,1165,0.357463,7,2209,0.184624,0.157372,0.912741,0.4,0.584651,0.75,0.0143175,0.0001,6.86271e-19,999999,-3.925404e-02,3,,,,SVDNB_npp_d20151003_t1731466_e1737270_b20378_c20151003233728467558_noaa_ops.h5,GDNBO_npp_d20151003_t1731466_e1737270_b20378_c20151003233728467298_noaa_ops.h5,SVI04_npp_d20151003_t1731466_e1737270_b20378_c20151003233728541959_noaa_ops.dspace_rad,VNFF_npp_d20151003_t1731466_e1737270_b20378_v21.csv,World_EEZ_v8_2014.shp,WPP_BFAR_merge.shp,KKP_IDN_merge_20161208.shp,VNF-VBD_npp_20120301-20151231_global_asia-enhanced_c201607211230.bitmask,NCEI_NGA.union.nga_lead2.add_2015ntl.mask,timezone.shp,VBD_platforms-recurring_2015_r20170330.shp,999999,VBD_bridges_c20160811.shp,9.202956;7.293124;4.987635;0.117751;-4.766567;-9.662423;-14.566307;-12.781590;-10.252750;-5.421471;-0.565886;4.309883,106.389061;120.204430;133.795395;132.636734;131.583801;130.626740;129.763702;115.696312;101.762085;103.094223;104.302101;105.397919,npp_d20151003_t1731466_e1737270_b20378,159.928,115.322,42.9394,99.726,62.8946,66.6688
689,VBD_npp_d20151003_t1735258_x1115593E_y047004S_l1977_s1172_v23,2017-06-01 16:11:27,-4.700370,111.559288,37.6027,2015-10-03 17:35:25,2015-10-04 00:35:25,1977,1172,0.367919,1,2529,0.951523,0.164293,0.930926,0.4,0.933278,0.75,0.0143342,0.0001,9.03047e-19,999999,-1.054850e-01,3,Indonesian Exclusive Economic Zone,WPP712,,SVDNB_npp_d20151003_t1731466_e1737270_b20378_c20151003233728467558_noaa_ops.h5,GDNBO_npp_d20151003_t1731466_e1737270_b20378_c20151003233728467298_noaa_ops.h5,SVI04_npp_d20151003_t1731466_e1737270_b20378_c20151003233728541959_noaa_ops.dspace_rad,VNFF_npp_d20151003_t1731466_e1737270_b20378_v21.csv,World_EEZ_v8_2014.shp,WPP_BFAR_merge.shp,KKP_IDN_merge_20161208.shp,VNF-VBD_npp_20120301-20151231_global_asia-enhanced_c201607211230.bitmask,NCEI_NGA.union.nga_lead2.add_2015ntl.mask,timezone.shp,VBD_platforms-recurring_2015_r20170330.shp,999999,VBD_bridges_c20160811.shp,9.202956;7.293124;4.987635;0.117751;-4.766567;-9.662423;-14.566307;-12.781590;-10.252750;-5.421471;-0.565886;4.309883,106.389061;120.204430;133.795395;132.636734;131.583801;130.626740;129.763702;115.696312;101.762085;103.094223;104.302101;105.397919,npp_d20151003_t1731466_e1737270_b20378,159.868,115.427,42.6854,99.1922,62.8841,66.6275
690,VBD_npp_d20151003_t1735258_x1115806E_y046555S_l1970_s1174_v23,2017-06-01 16:11:27,-4.655464,111.580589,59.6831,2015-10-03 17:35:25,2015-10-04 00:35:25,1970,1174,0.336835,1,2529,1.04346,0.157615,0.913496,0.4,0.942061,0.75,0.0143499,0.0001,1.15276e-18,999999,-4.158760e-02,3,Indonesian Exclusive Economic Zone,WPP712,,SVDNB_npp_d20151003_t1731466_e1737270_b20378_c20151003233728467558_noaa_ops.h5,GDNBO_npp_d20151003_t1731466_e1737270_b20378_c20151003233728467298_noaa_ops.h5,SVI04_npp_d20151003_t1731466_e1737270_b20378_c20151003233728541959_noaa_ops.dspace_rad,VNFF_npp_d20151003_t1731466_e1737270_b20378_v21.csv,World_EEZ_v8_2014.shp,WPP_BFAR_merge.shp,KKP_IDN_merge_20161208.shp,VNF-VBD_npp_20120301-20151231_global_asia-enhanced_c201607211230.bitmask,NCEI_NGA.union.nga_lead2.add_2015ntl.mask,timezone.shp,VBD_platforms-recurring_2015_r20170330.shp,999999,VBD_bridges_c20160811.shp,9.202956;7.293124;4.987635;0.117751;-4.766567;-9.662423;-14.566307;-12.781590;-10.252750;-5.421471;-0.565886;4.309883,106.389061;120.204430;133.795395;132.636734;131.583801;130.626740;129.763702;115.696312;101.762085;103.094223;104.302101;105.397919,npp_d20151003_t1731466_e1737270_b20378,159.868,115.29,42.6125,99.657,62.8465,66.6432
691,VBD_npp_d20151003_t1735151_x1117211E_y041143S_l1886_s1175_v23,2017-06-01 16:11:27,-4.114271,111.721123,51.1967,2015-10-03 17:35:15,2015-10-04 00:35:15,1886,1175,0.356965,8,18913,1.05224,0.162065,0.887452,0.4,0.967995,0.75,0.0144525,0.0001,1.51281e-18,999999,-8.416378e-02,3,Indonesian Exclusive Economic Zone,WPP712,,SVDNB_npp_d20151003_t1731466_e1737270_b20378_c20151003233728467558_noaa_ops.h5,GDNBO_npp_d20151003_t1731466_e1737270_b20378_c20151003233728467298_noaa_ops.h5,SVI04_npp_d20151003_t1731466_e1737270_b20378_c20151003233728541959_noaa_ops.dspace_rad,VNFF_npp_d20151003_t1731466_e1737270_b20378_v21.csv,World_EEZ_v8_2014.shp,WPP_BFAR_merge.shp,KKP_IDN_merge_20161208.shp,VNF-VBD_npp_20120301-20151231_global_asia-enhanced_c201607211230.bitmask,NCEI_NGA.union.nga_lead2.add_2015ntl.mask,timezone.shp,VBD_platforms-recurring_2015_r20170330.shp,0.268393,VBD_bridges_c20160811.shp,9.202956;7.293124;4.987635;0.117751;-4.766567;-9.662423;-14.566307;-12.781590;-10.252750;-5.421471;-0.565886;4.309883,106.389061;120.204430;133.795395;132.636734;131.583801;130.626740;129.763702;115.696312;101.762085;103.094223;104.302101;105.397919,npp_d20151003_t1731466_e1737270_b20378,160.005,113.826,42.572,98.7842,62.5412,66.8813
692,VBD_npp_d20151003_t1735258_x1115828E_y046835S_l1974_s1175_v23,2017-06-01 16:11:27,-4.683504,111.582802,59.8629,2015-10-03 17:35:25,2015-10-04 00:35:25,1974,1175,0.339467,1,2529,1.07254,0.169104,0.929727,0.4,0.962547,0.75,0.014349,0.0001,1.13869e-18,999999,-1.515207e-01,3,Indonesian Exclusive Economic Zone,WPP712,,SVDNB_npp_d20151003_t1731466_e1737270_b20378_c20151003233728467558_noaa_ops.h5,GDNBO_npp_d20151003_t1731466_e1737270_b20378_c20151003233728467298_noaa_ops.h5,SVI04_npp_d20151003_t1731466_e1737270_b20378_c20151003233728541959_noaa_ops.dspace_rad,VNFF_npp_d20151003_t1731466_e1737270_b20378_v21.csv,World_EEZ_v8_2014.shp,WPP_BFAR_merge.shp,KKP_IDN_merge_20161208.shp,VNF-VBD_npp_20120301-20151231_global_asia-enhanced_c201607211230.bitmask,NCEI_NGA.union.nga_lead2.add_2015ntl.mask,timezone.shp,VBD_platforms-recurring_2015_r20170330.shp,999999,VBD_bridges_c20160811.shp,9.202956;7.293124;4.987635;0.117751;-4.766567;-9.662423;-14.566307;-12.781590;-10.252750;-5.421471;-0.565886;4.309883,106.389061;120.204430;133.795395;132.636734;131.583801;130.626740;129.763702;115.696312;101.762085;103.094223;104.302101;105.397919,npp_d20151003_t1731466_e1737270_b20378,159.854,115.357,42.5761,99.3902,62.8557,66.6288
693,VBD_npp_d20151003_t1735525_x1112178E_y062560S_l2216_s1176_v23,2017-06-01 16:11:27,-6.255959,111.217827,8.8919,2015-10-03 17:35:52,2015-10-04 00:35:52,2216,1176,0.357463,8,18913,0.492843,0.140742,0.858497,0.4,0.912074,0.75,0.0137186,0.0001,3.9286e-19,999999,1.198806e-01,3,Indonesian Exclusive Economic Zone,WPP712,,SVDNB_npp_d20151003_t1731466_e1737270_b20378_c20151003233728467558_noaa_ops.h5,GDNBO_npp_d20151003_t1731466_e1737270_b20378_c20151003233728467298_noaa_ops.h5,SVI04_npp_d20151003_t1731466_e1737270_b20378_c20151003233728541959_noaa_ops.dspace_rad,VNFF_npp_d20151003_t1731466_e1737270_b20378_v21.csv,World_EEZ_v8_2014.shp,WPP_BFAR_merge.shp,KKP_IDN_merge_20161208.shp,VNF-VBD_npp_20120301-20151231_global_asia-enhanced_c201607211230.bitmask,NCEI_NGA.union.nga_lead2.add_2015ntl.mask,timezone.shp,VBD_platforms-recurring_2015_r20170330.shp,0.236897,VBD_bridges_c20160811.shp,9.202956;7.293124;4.987635;0.117751;-4.766567;-9.662423;-14.566307;-12.781590;-10.252750;-5.421471;-0.565886;4.309883,106.389061;120.204430;133.795395;132.636734;131.583801;130.626740;129.763702;115.696312;101.762085;103.094223;104.302101;105.397919,npp_d20151003_t1731466_e1737270_b20378,159.354,119.449,42.5402,99.4384,63.7295,65.9558
694,VBD_npp_d20151003_t1735258_x1115883E_y047328S_l1981_s1177_v23,2017-06-01 16:11:27,-4.732779,111.588318,72.5371,2015-10-03 17:35:25,2015-10-04 00:35:25,1981,1177,0.358316,8,18913,1.14893,0.139937,0.934226,0.4,0.967872,0.75,0.0143482,0.0001,1.12908e-18,999999,1.275776e-01,3,Indonesian Exclusive Economic Zone,WPP712,,SVDNB_npp_d20151003_t1731466_e1737270_b20378_c20151003233728467558_noaa_ops.h5,GDNBO_npp_d20151003_t1731466_e1737270_b20378_c20151003233728467298_noaa_ops.h5,SVI04_npp_d20151003_t1731466_e1737270_b20378_c20151003233728541959_noaa_ops.dspace_rad,VNFF_npp_d20151003_t1731466_e1737270_b20378_v21.csv,World_EEZ_v8_2014.shp,WPP_BFAR_merge.shp,KKP_IDN_merge_20161208.shp,VNF-VBD_npp_20120301-20151231_global_asia-enhanced_c201607211230.bitmask,NCEI_NGA.union.nga_lead2.add_2015ntl.mask,timezone.shp,VBD_platforms-recurring_2015_r20170330.shp,0.682929,VBD_bridges_c20160811.shp,9.202956;7.293124;4.987635;0.117751;-4.766567;-9.662423;-14.566307;-12.781590;-10.252750;-5.421471;-0.565886;4.309883,106.389061;120.204430;133.795395;132.636734;131.583801;130.626740;129.763702;115.696312;101.762085;103.094223;104.302101;105.397919,npp_d20151003_t1731466_e1737270_b20378,159.828,115.471,42.5052,98.9222,62.8703,66.6032
695,VBD_npp_d20151003_t1735258_x1116051E_y046734S_l1972_s1178_v23,2017-06-01 16:11:27,-4.673401,111.605110,88.3793,2015-10-03 17:35:25,2015-10-04 00:35:25,1972,1178,0.320688,8,18913,1.20308,0.144727,0.929727,0.4,0.96872,0.75,0.0143625,0.0001,1.40786e-18,999999,8.174578e-02,3,Indonesian Exclusive Economic Zone,WPP712,,SVDNB_npp_d20151003_t1731466_e1737270_b20378_c20151003233728467558_noaa_ops.h5,GDNBO_npp_d20151003_t1731466_e1737270_b20378_c20151003233728467298_noaa_ops.h5,SVI04_npp_d20151003_t1731466_e1737270_b20378_c20151003233728541959_noaa_ops.dspace_rad,VNFF_npp_d20151003_t1731466_e1737270_b20378_v21.csv,World_EEZ_v8_2014.shp,WPP_BFAR_merge.shp,KKP_IDN_merge_20161208.shp,VNF-VBD_npp_20120301-20151231_global_asia-enhanced_c201607211230.bitmask,NCEI_NGA.union.nga_lead2.add_2015ntl.mask,timezone.shp,VBD_platforms-recurring_2015_r20170330.shp,0.206267,VBD_bridges_c20160811.shp,9.202956;7.293124;4.987635;0.117751;-4.766567;-9.662423;-14.566307;-12.781590;-10.252750;-5.421471;-0.565886;4.309883,106.389061;120.204430;133.795395;132.636734;131.583801;130.626740;129.763702;115.696312;101.762085;103.094223;104.302101;105.397919,npp_d20151003_t1731466_e1737270_b20378,159.838,115.304,42.4673,99.5223,62.8311,66.6273
696,VBD_npp_d20151003_t1732439_x1137398E_y047403N_l0524_s1179_v23,2017-06-01 16:11:27,4.740306,113.739761,37.5859,2015-10-03 17:32:43,2015-10-04 01:32:43,524,1179,0.164555,4,100741,0.374108,0.118152,0.388351,0.4,0.618872,0.75,0.0174676,0.0001,2.67908e-16,999999,2.035939e-01,3,Malaysian Exclusive Economic Zone,,,SVDNB_npp_d20151003_t1731466_e1737270_b20378_c20151003233728467558_noaa_ops.h5,GDNBO_npp_d20151003_t1731466_e1737270_b20378_c20151003233728467298_noaa_ops.h5,SVI04_npp_d20151003_t1731466_e1737270_b20378_c20151003233728541959_noaa_ops.dspace_rad,VNFF_npp_d20151003_t1731466_e1737270_b20378_v21.csv,World_EEZ_v8_2014.shp,WPP_BFAR_merge.shp,KKP_IDN_merge_20161208.shp,VNF-VBD_npp_20120301-20151231_global_asia-enhanced_c201607211230.bitmask,NCEI_NGA.union.nga_lead2.add_2015ntl.mask,timezone.shp,VBD_platforms-recurring_2015_r20170330.shp,999999,VBD_bridges_c20160811.shp,9.202956;7.293124;4.987635;0.117751;-4.766567;-9.662423;-14.566307;-12.781590;-10.252750;-5.421471;-0.565886;4.309883,106.389061;120.204430;133.795395;132.636734;131.583801;130.626740;129.763702;115.696312;101.762085;103.094223;104.302101;105.397919,npp_d20151003_t1731466_e1737270_b20378,160.383,88.7157,42.4181,98.0138,58.0265,71.4874
697,VBD_npp_d20151003_t1735293_x1115669E_y048623S_l2001_s1179_v23,2017-06-01 16:11:27,-4.862338,111.566872,5.30354,2015-10-03 17:35:29,2015-10-04 00:35:29,2001,1179,0.380296,8,18913,0.358545,0.156971,0.775942,0.4,0.89689,0.75,0.0143048,0.0001,1.37645e-18,999999,-3.541742e-02,3,Indonesian Exclusive Economic Zone,WPP712,,SVDNB_npp_d20151003_t1731466_e1737270_b20378_c20151003233728467558_noaa_ops.h5,GDNBO_npp_d20151003_t1731466_e1737270_b20378_c20151003233728467298_noaa_ops.h5,SVI04_npp_d20151003_t1731466_e1737270_b20378_c20151003233728541959_noaa_ops.dspace_rad,VNFF_npp_d20151003_t1731466_e1737270_b20378_v21.csv,World_EEZ_v8_2014.shp,WPP_BFAR_merge.shp,KKP_IDN_merge_20161208.shp,VNF-VBD_npp_20120301-20151231_global_asia-enhanced_c201607211230.bitmask,NCEI_NGA.union.nga_lead2.add_2015ntl.mask,timezone.shp,VBD_platforms-recurring_2015_r20170330.shp,0.439327,VBD_bridges_c20160811.shp,9.202956;7.293124;4.987635;0.117751;-4.766567;-9.662423;-14.566307;-12.781590;-10.252750;-5.421471;-0.565886;4.309883,106.389061;120.204430;133.795395;132.636734;131.583801;130.626740;129.763702;115.696312;101.762085;103.094223;104.302101;105.397919,npp_d20151003_t1731466_e1737270_b20378,159.777,115.797,42.4278,99.7454,62.9288,66.5422
698,VBD_npp_d20151003_t1735276_x1115963E_y047663S_l1986_s1180_v23,2017-06-01 16:11:27,-4.766345,111.596291,49.8023,2015-10-03 17:35:27,2015-10-04 00:35:27,1986,1180,0.311441,1,2529,1.02134,0.174064,0.922578,0.4,0.958703,0.75,0.0143489,0.0001,1.52937e-18,999999,-1.989828e-01,3,Indonesian Exclusive Economic Zone,WPP712,,SVDNB_npp_d20151003_t1731466_e1737270_b20378_c20151003233728467558_noaa_ops.h5,GDNBO_npp_d20151003_t1731466_e1737270_b20378_c20151003233728467298_noaa_ops.h5,SVI04_npp_d20151003_t1731466_e1737270_b20378_c20151003233728541959_noaa_ops.dspace_rad,VNFF_npp_d20151003_t1731466_e1737270_b20378_v21.csv,World_EEZ_v8_2014.shp,WPP_BFAR_merge.shp,KKP_IDN_merge_20161208.shp,VNF-VBD_npp_20120301-20151231_global_asia-enhanced_c201607211230.bitmask,NCEI_NGA.union.nga_lead2.add_2015ntl.mask,timezone.shp,VBD_platforms-recurring_2015_r20170330.shp,999999,VBD_bridges_c20160811.shp,9.202956;7.293124;4.987635;0.117751;-4.766567;-9.662423;-14.566307;-12.781590;-10.252750;-5.421471;-0.565886;4.309883,106.389061;120.204430;133.795395;132.636734;131.583801;130.626740;129.763702;115.696312;101.762085;103.094223;104.302101;105.397919,npp_d20151003_t1731466_e1737270_b20378,159.799,115.534,42.3945,99.6648,62.8698,66.5824
699,VBD_npp_d20151003_t1735258_x1116150E_y047371S_l1981_s1181_v23,2017-06-01 16:11:27,-4.737123,111.615013,53.5874,2015-10-03 17:35:25,2015-10-04 00:35:25,1981,1181,0.34409,8,18913,1.04507,0.171398,0.931961,0.4,0.954958,0.75,0.0143632,0.0001,1.42778e-18,999999,-1.734784e-01,3,Indonesian Exclusive Economic Zone,WPP712,,SVDNB_npp_d20151003_t1731466_e1737270_b20378_c20151003233728467558_noaa_ops.h5,GDNBO_npp_d20151003_t1731466_e1737270_b20378_c20151003233728467298_noaa_ops.h5,SVI04_npp_d20151003_t1731466_e1737270_b20378_c20151003233728541959_noaa_ops.dspace_rad,VNFF_npp_d20151003_t1731466_e1737270_b20378_v21.csv,World_EEZ_v8_2014.shp,WPP_BFAR_merge.shp,KKP_IDN_merge_20161208.shp,VNF-VBD_npp_20120301-20151231_global_asia-enhanced_c201607211230.bitmask,NCEI_NGA.union.nga_lead2.add_2015ntl.mask,timezone.shp,VBD_platforms-recurring_2015_r20170330.shp,0.281609,VBD_bridges_c20160811.shp,9.202956;7.293124;4.987635;0.117751;-4.766567;-9.662423;-14.566307;-12.781590;-10.252750;-5.421471;-0.565886;4.309883,106.389061;120.204430;133.795395;132.636734;131.583801;130.626740;129.763702;115.696312;101.762085;103.094223;104.302101;105.397919,npp_d20151003_t1731466_e1737270_b20378,159.802,115.448,42.3602,98.9189,62.8475,66.5933
700,VBD_npp_d20151003_t1735258_x1116350E_y046991S_l1975_s1183_v23,2017-06-01 16:11:27,-4.699073,111.635040,41.6439,2015-10-03 17:35:25,2015-10-04 00:35:25,1975,1183,0.276729,1,2529,0.911755,0.144776,0.91853,0.4,0.930709,0.75,0.0143777,0.0001,1.78673e-18,999999,8.127396e-02,3,Indonesian Exclusive Economic Zone,WPP712,,SVDNB_npp_d20151003_t1731466_e1737270_b20378_c20151003233728467558_noaa_ops.h5,GDNBO_npp_d20151003_t1731466_e1737270_b20378_c20151003233728467298_noaa_ops.h5,SVI04_npp_d20151003_t1731466_e1737270_b20378_c20151003233728541959_noaa_ops.dspace_rad,VNFF_npp_d20151003_t1731466_e1737270_b20378_v21.csv,World_EEZ_v8_2014.shp,WPP_BFAR_merge.shp,KKP_IDN_merge_20161208.shp,VNF-VBD_npp_20120301-20151231_global_asia-enhanced_c201607211230.bitmask,NCEI_NGA.union.nga_lead2.add_2015ntl.mask,timezone.shp,VBD_platforms-recurring_2015_r20170330.shp,999999,VBD_bridges_c20160811.shp,9.202956;7.293124;4.987635;0.117751;-4.766567;-9.662423;-14.566307;-12.781590;-10.252750;-5.421471;-0.565886;4.309883,106.389061;120.204430;133.795395;132.636734;131.583801;130.626740;129.763702;115.696312;101.762085;103.094223;104.302101;105.397919,npp_d20151003_t1731466_e1737270_b20378,159.8,115.33,42.2862,99.3193,62.8138,66.606
701,VBD_npp_d20151003_t1735258_x1116383E_y047203S_l1978_s1184_v23,2017-06-01 16:11:27,-4.720272,111.638329,65.4869,2015-10-03 17:35:25,2015-10-04 00:35:25,1978,1184,0.297286,1,2529,1.07261,0.13849,0.91853,0.4,0.943936,0.75,0.0143779,0.0001,1.79475e-18,999999,1.414239e-01,3,Indonesian Exclusive Economic Zone,WPP712,,SVDNB_npp_d20151003_t1731466_e1737270_b20378_c20151003233728467558_noaa_ops.h5,GDNBO_npp_d20151003_t1731466_e1737270_b20378_c20151003233728467298_noaa_ops.h5,SVI04_npp_d20151003_t1731466_e1737270_b20378_c20151003233728541959_noaa_ops.dspace_rad,VNFF_npp_d20151003_t1731466_e1737270_b20378_v21.csv,World_EEZ_v8_2014.shp,WPP_BFAR_merge.shp,KKP_IDN_merge_20161208.shp,VNF-VBD_npp_20120301-20151231_global_asia-enhanced_c201607211230.bitmask,NCEI_NGA.union.nga_lead2.add_2015ntl.mask,timezone.shp,VBD_platforms-recurring_2015_r20170330.shp,999999,VBD_bridges_c20160811.shp,9.202956;7.293124;4.987635;0.117751;-4.766567;-9.662423;-14.566307;-12.781590;-10.252750;-5.421471;-0.565886;4.309883,106.389061;120.204430;133.795395;132.636734;131.583801;130.626740;129.763702;115.696312;101.762085;103.094223;104.302101;105.397919,npp_d20151003_t1731466_e1737270_b20378,159.788,115.378,42.2506,99.1176,62.8192,66.5947
702,VBD_npp_d20151003_t1735596_x1111787E_y066399S_l2274_s1184_v23,2017-06-01 16:11:27,-6.639942,111.178688,5.71924,2015-10-03 17:35:59,2015-10-04 00:35:59,2274,1184,0.378162,8,18913,0.326404,0.157968,0.665188,0.4,0.837945,0.75,0.013593,0.0001,5.29819e-19,999999,-4.495799e-02,3,Indonesian Exclusive Economic Zone,WPP712,,SVDNB_npp_d20151003_t1731466_e1737270_b20378_c20151003233728467558_noaa_ops.h5,GDNBO_npp_d20151003_t1731466_e1737270_b20378_c20151003233728467298_noaa_ops.h5,SVI04_npp_d20151003_t1731466_e1737270_b20378_c20151003233728541959_noaa_ops.dspace_rad,VNFF_npp_d20151003_t1731466_e1737270_b20378_v21.csv,World_EEZ_v8_2014.shp,WPP_BFAR_merge.shp,KKP_IDN_merge_20161208.shp,VNF-VBD_npp_20120301-20151231_global_asia-enhanced_c201607211230.bitmask,NCEI_NGA.union.nga_lead2.add_2015ntl.mask,timezone.shp,VBD_platforms-recurring_2015_r20170330.shp,0.198963,VBD_bridges_c20160811.shp,9.202956;7.293124;4.987635;0.117751;-4.766567;-9.662423;-14.566307;-12.781590;-10.252750;-5.421471;-0.565886;4.309883,106.389061;120.204430;133.795395;132.636734;131.583801;130.626740;129.763702;115.696312;101.762085;103.094223;104.302101;105.397919,npp_d20151003_t1731466_e1737270_b20378,159.171,120.342,42.2502,99.8849,63.8973,65.7802
703,VBD_npp_d20151003_t1735187_x1117498E_y043070S_l1914_s1186_v23,2017-06-01 16:11:27,-4.306971,111.749756,44.0996,2015-10-03 17:35:18,2015-10-04 00:35:18,1914,1186,0.318056,8,18913,0.802152,0.186418,0.803007,0.4,0.830785,0.75,0.0144608,0.0001,2.66663e-18,999999,-3.172093e-01,3,Indonesian Exclusive Economic Zone,WPP712,,SVDNB_npp_d20151003_t1731466_e1737270_b20378_c20151003233728467558_noaa_ops.h5,GDNBO_npp_d20151003_t1731466_e1737270_b20378_c20151003233728467298_noaa_ops.h5,SVI04_npp_d20151003_t1731466_e1737270_b20378_c20151003233728541959_noaa_ops.dspace_rad,VNFF_npp_d20151003_t1731466_e1737270_b20378_v21.csv,World_EEZ_v8_2014.shp,WPP_BFAR_merge.shp,KKP_IDN_merge_20161208.shp,VNF-VBD_npp_20120301-20151231_global_asia-enhanced_c201607211230.bitmask,NCEI_NGA.union.nga_lead2.add_2015ntl.mask,timezone.shp,VBD_platforms-recurring_2015_r20170330.shp,0.9631,VBD_bridges_c20160811.shp,9.202956;7.293124;4.987635;0.117751;-4.766567;-9.662423;-14.566307;-12.781590;-10.252750;-5.421471;-0.565886;4.309883,106.389061;120.204430;133.795395;132.636734;131.583801;130.626740;129.763702;115.696312;101.762085;103.094223;104.302101;105.397919,npp_d20151003_t1731466_e1737270_b20378,159.887,114.257,42.1746,99.0686,62.578,66.7737
704,VBD_npp_d20151003_t1735525_x1112878E_y062884S_l2219_s1187_v23,2017-06-01 16:11:27,-6.288352,111.287766,9.66109,2015-10-03 17:35:52,2015-10-04 00:35:52,2219,1187,0.376526,8,18913,0.526524,0.158125,0.83776,0.4,0.935039,0.75,0.0137514,0.0001,7.19117e-19,999999,-4.646465e-02,3,Indonesian Exclusive Economic Zone,WPP712,,SVDNB_npp_d20151003_t1731466_e1737270_b20378_c20151003233728467558_noaa_ops.h5,GDNBO_npp_d20151003_t1731466_e1737270_b20378_c20151003233728467298_noaa_ops.h5,SVI04_npp_d20151003_t1731466_e1737270_b20378_c20151003233728541959_noaa_ops.dspace_rad,VNFF_npp_d20151003_t1731466_e1737270_b20378_v21.csv,World_EEZ_v8_2014.shp,WPP_BFAR_merge.shp,KKP_IDN_merge_20161208.shp,VNF-VBD_npp_20120301-20151231_global_asia-enhanced_c201607211230.bitmask,NCEI_NGA.union.nga_lead2.add_2015ntl.mask,timezone.shp,VBD_platforms-recurring_2015_r20170330.shp,0.74255,VBD_bridges_c20160811.shp,9.202956;7.293124;4.987635;0.117751;-4.766567;-9.662423;-14.566307;-12.781590;-10.252750;-5.421471;-0.565886;4.309883,106.389061;120.204430;133.795395;132.636734;131.583801;130.626740;129.763702;115.696312;101.762085;103.094223;104.302101;105.397919,npp_d20151003_t1731466_e1737270_b20378,159.277,119.426,42.1423,99.2285,63.6789,65.9184
705,VBD_npp_d20151003_t1735187_x1117860E_y043335S_l1917_s1192_v23,2017-06-01 16:11:27,-4.333462,111.786011,10.555,2015-10-03 17:35:18,2015-10-04 00:35:18,1917,1192,0.306035,1,2529,0.421409,0.179219,0.81124,0.4,0.805287,0.75,0.0144797,0.0001,3.56007e-18,999999,-2.483150e-01,3,Indonesian Exclusive Economic Zone,WPP712,,SVDNB_npp_d20151003_t1731466_e1737270_b20378_c20151003233728467558_noaa_ops.h5,GDNBO_npp_d20151003_t1731466_e1737270_b20378_c20151003233728467298_noaa_ops.h5,SVI04_npp_d20151003_t1731466_e1737270_b20378_c20151003233728541959_noaa_ops.dspace_rad,VNFF_npp_d20151003_t1731466_e1737270_b20378_v21.csv,World_EEZ_v8_2014.shp,WPP_BFAR_merge.shp,KKP_IDN_merge_20161208.shp,VNF-VBD_npp_20120301-20151231_global_asia-enhanced_c201607211230.bitmask,NCEI_NGA.union.nga_lead2.add_2015ntl.mask,timezone.shp,VBD_platforms-recurring_2015_r20170330.shp,999999,VBD_bridges_c20160811.shp,9.202956;7.293124;4.987635;0.117751;-4.766567;-9.662423;-14.566307;-12.781590;-10.252750;-5.421471;-0.565886;4.309883,106.389061;120.204430;133.795395;132.636734;131.583801;130.626740;129.763702;115.696312;101.762085;103.094223;104.302101;105.397919,npp_d20151003_t1731466_e1737270_b20378,159.844,114.279,41.9586,98.8625,62.555,66.7502
706,VBD_npp_d20151003_t1735293_x1116693E_y049002S_l2004_s1195_v23,2017-06-01 16:11:27,-4.900206,111.669350,67.985,2015-10-03 17:35:29,2015-10-04 00:35:29,2004,1195,0.347575,8,18913,1.19609,0.147937,0.917006,0.4,0.976961,0.75,0.0143564,0.0001,3.28761e-18,999999,5.102811e-02,3,Indonesian Exclusive Economic Zone,WPP712,,SVDNB_npp_d20151003_t1731466_e1737270_b20378_c20151003233728467558_noaa_ops.h5,GDNBO_npp_d20151003_t1731466_e1737270_b20378_c20151003233728467298_noaa_ops.h5,SVI04_npp_d20151003_t1731466_e1737270_b20378_c20151003233728541959_noaa_ops.dspace_rad,VNFF_npp_d20151003_t1731466_e1737270_b20378_v21.csv,World_EEZ_v8_2014.shp,WPP_BFAR_merge.shp,KKP_IDN_merge_20161208.shp,VNF-VBD_npp_20120301-20151231_global_asia-enhanced_c201607211230.bitmask,NCEI_NGA.union.nga_lead2.add_2015ntl.mask,timezone.shp,VBD_platforms-recurring_2015_r20170330.shp,0.298101,VBD_bridges_c20160811.shp,9.202956;7.293124;4.987635;0.117751;-4.766567;-9.662423;-14.566307;-12.781590;-10.252750;-5.421471;-0.565886;4.309883,106.389061;120.204430;133.795395;132.636734;131.583801;130.626740;129.763702;115.696312;101.762085;103.094223;104.302101;105.397919,npp_d20151003_t1731466_e1737270_b20378,159.669,115.76,41.8485,99.5384,62.8496,66.4935
707,VBD_npp_d20151003_t1735204_x1118196E_y043718S_l1922_s1199_v23,2017-06-01 16:11:27,-4.371830,111.819557,31.5191,2015-10-03 17:35:20,2015-10-04 00:35:20,1922,1199,0.359952,1,2529,0.84489,0.144884,0.860566,0.4,0.95293,0.75,0.0144998,0.0001,5.95884e-18,999999,8.023818e-02,3,Indonesian Exclusive Economic Zone,WPP712,,SVDNB_npp_d20151003_t1731466_e1737270_b20378_c20151003233728467558_noaa_ops.h5,GDNBO_npp_d20151003_t1731466_e1737270_b20378_c20151003233728467298_noaa_ops.h5,SVI04_npp_d20151003_t1731466_e1737270_b20378_c20151003233728541959_noaa_ops.dspace_rad,VNFF_npp_d20151003_t1731466_e1737270_b20378_v21.csv,World_EEZ_v8_2014.shp,WPP_BFAR_merge.shp,KKP_IDN_merge_20161208.shp,VNF-VBD_npp_20120301-20151231_global_asia-enhanced_c201607211230.bitmask,NCEI_NGA.union.nga_lead2.add_2015ntl.mask,timezone.shp,VBD_platforms-recurring_2015_r20170330.shp,999999,VBD_bridges_c20160811.shp,9.202956;7.293124;4.987635;0.117751;-4.766567;-9.662423;-14.566307;-12.781590;-10.252750;-5.421471;-0.565886;4.309883,106.389061;120.204430;133.795395;132.636734;131.583801;130.626740;129.763702;115.696312;101.762085;103.094223;104.302101;105.397919,npp_d20151003_t1731466_e1737270_b20378,159.791,114.326,41.705,99.6122,62.5327,66.7195
708,VBD_npp_d20151003_t1735293_x1116889E_y049445S_l2010_s1199_v23,2017-06-01 16:11:27,-4.944505,111.688866,32.5064,2015-10-03 17:35:29,2015-10-04 00:35:29,2010,1199,0.368915,8,18913,0.942542,0.144936,0.906951,0.4,0.968973,0.75,0.014355,0.0001,3.70951e-18,999999,7.974889e-02,3,Indonesian Exclusive Economic Zone,WPP712,,SVDNB_npp_d20151003_t1731466_e1737270_b20378_c20151003233728467558_noaa_ops.h5,GDNBO_npp_d20151003_t1731466_e1737270_b20378_c20151003233728467298_noaa_ops.h5,SVI04_npp_d20151003_t1731466_e1737270_b20378_c20151003233728541959_noaa_ops.dspace_rad,VNFF_npp_d20151003_t1731466_e1737270_b20378_v21.csv,World_EEZ_v8_2014.shp,WPP_BFAR_merge.shp,KKP_IDN_merge_20161208.shp,VNF-VBD_npp_20120301-20151231_global_asia-enhanced_c201607211230.bitmask,NCEI_NGA.union.nga_lead2.add_2015ntl.mask,timezone.shp,VBD_platforms-recurring_2015_r20170330.shp,0.211439,VBD_bridges_c20160811.shp,9.202956;7.293124;4.987635;0.117751;-4.766567;-9.662423;-14.566307;-12.781590;-10.252750;-5.421471;-0.565886;4.309883,106.389061;120.204430;133.795395;132.636734;131.583801;130.626740;129.763702;115.696312;101.762085;103.094223;104.302101;105.397919,npp_d20151003_t1731466_e1737270_b20378,159.632,115.843,41.7047,99.1301,62.8495,66.466
709,VBD_npp_d20151003_t1735258_x1117732E_y046810S_l1969_s1203_v23,2017-06-01 16:11:27,-4.680993,111.773163,25.5932,2015-10-03 17:35:25,2015-10-04 00:35:25,1969,1203,0.260084,8,18913,0.827602,0.16628,0.862321,0.4,0.953503,0.75,0.0144591,0.0001,6.17999e-18,999999,-1.245005e-01,3,Indonesian Exclusive Economic Zone,WPP712,,SVDNB_npp_d20151003_t1731466_e1737270_b20378_c20151003233728467558_noaa_ops.h5,GDNBO_npp_d20151003_t1731466_e1737270_b20378_c20151003233728467298_noaa_ops.h5,SVI04_npp_d20151003_t1731466_e1737270_b20378_c20151003233728541959_noaa_ops.dspace_rad,VNFF_npp_d20151003_t1731466_e1737270_b20378_v21.csv,World_EEZ_v8_2014.shp,WPP_BFAR_merge.shp,KKP_IDN_merge_20161208.shp,VNF-VBD_npp_20120301-20151231_global_asia-enhanced_c201607211230.bitmask,NCEI_NGA.union.nga_lead2.add_2015ntl.mask,timezone.shp,VBD_platforms-recurring_2015_r20170330.shp,0.328427,VBD_bridges_c20160811.shp,9.202956;7.293124;4.987635;0.117751;-4.766567;-9.662423;-14.566307;-12.781590;-10.252750;-5.421471;-0.565886;4.309883,106.389061;120.204430;133.795395;132.636734;131.583801;130.626740;129.763702;115.696312;101.762085;103.094223;104.302101;105.397919,npp_d20151003_t1731466_e1737270_b20378,159.683,115.115,41.5635,99.7167,62.6792,66.5743
710,VBD_npp_d20151003_t1735240_x1118100E_y046271S_l1960_s1206_v23,2017-06-01 16:11:27,-4.627100,111.809975,55.4691,2015-10-03 17:35:24,2015-10-04 00:35:24,1960,1206,0.290528,1,2529,1.04914,0.152474,0.886571,0.4,0.945872,0.75,0.0144809,0.0001,6.95385e-18,999999,7.612263e-03,3,Indonesian Exclusive Economic Zone,WPP712,,SVDNB_npp_d20151003_t1731466_e1737270_b20378_c20151003233728467558_noaa_ops.h5,GDNBO_npp_d20151003_t1731466_e1737270_b20378_c20151003233728467298_noaa_ops.h5,SVI04_npp_d20151003_t1731466_e1737270_b20378_c20151003233728541959_noaa_ops.dspace_rad,VNFF_npp_d20151003_t1731466_e1737270_b20378_v21.csv,World_EEZ_v8_2014.shp,WPP_BFAR_merge.shp,KKP_IDN_merge_20161208.shp,VNF-VBD_npp_20120301-20151231_global_asia-enhanced_c201607211230.bitmask,NCEI_NGA.union.nga_lead2.add_2015ntl.mask,timezone.shp,VBD_platforms-recurring_2015_r20170330.shp,999999,VBD_bridges_c20160811.shp,9.202956;7.293124;4.987635;0.117751;-4.766567;-9.662423;-14.566307;-12.781590;-10.252750;-5.421471;-0.565886;4.309883,106.389061;120.204430;133.795395;132.636734;131.583801;130.626740;129.763702;115.696312;101.762085;103.094223;104.302101;105.397919,npp_d20151003_t1731466_e1737270_b20378,159.679,114.948,41.4514,99.2253,62.6303,66.5921
711,VBD_npp_d20151003_t1735471_x1115173E_y059399S_l2162_s1209_v23,2017-06-01 16:11:27,-5.939864,111.517326,22.6657,2015-10-03 17:35:47,2015-10-04 00:35:47,2162,1209,0.217121,8,18913,0.776695,0.185635,0.848334,0.4,0.940165,0.75,0.0139849,0.0001,3.78904e-18,999999,-3.097144e-01,3,Indonesian Exclusive Economic Zone,WPP712,,SVDNB_npp_d20151003_t1731466_e1737270_b20378_c20151003233728467558_noaa_ops.h5,GDNBO_npp_d20151003_t1731466_e1737270_b20378_c20151003233728467298_noaa_ops.h5,SVI04_npp_d20151003_t1731466_e1737270_b20378_c20151003233728541959_noaa_ops.dspace_rad,VNFF_npp_d20151003_t1731466_e1737270_b20378_v21.csv,World_EEZ_v8_2014.shp,WPP_BFAR_merge.shp,KKP_IDN_merge_20161208.shp,VNF-VBD_npp_20120301-20151231_global_asia-enhanced_c201607211230.bitmask,NCEI_NGA.union.nga_lead2.add_2015ntl.mask,timezone.shp,VBD_platforms-recurring_2015_r20170330.shp,0.468516,VBD_bridges_c20160811.shp,9.202956;7.293124;4.987635;0.117751;-4.766567;-9.662423;-14.566307;-12.781590;-10.252750;-5.421471;-0.565886;4.309883,106.389061;120.204430;133.795395;132.636734;131.583801;130.626740;129.763702;115.696312;101.762085;103.094223;104.302101;105.397919,npp_d20151003_t1731466_e1737270_b20378,159.265,118.334,41.3434,99.8013,63.3454,66.0172
712,VBD_npp_d20151003_t1732350_x1140690E_y052644N_l0439_s1211_v23,2017-06-01 16:11:27,5.264352,114.068962,13.1793,2015-10-03 17:32:35,2015-10-04 01:32:35,439,1211,0.407539,1,2529,0.602221,0.151462,0.80454,0.4,0.89905,0.75,0.0177779,0.0001,1.68283e-15,999999,-1.524894e-01,3,Bruneian Exclusive Economic Zone,,,SVDNB_npp_d20151003_t1731466_e1737270_b20378_c20151003233728467558_noaa_ops.h5,GDNBO_npp_d20151003_t1731466_e1737270_b20378_c20151003233728467298_noaa_ops.h5,SVI04_npp_d20151003_t1731466_e1737270_b20378_c20151003233728541959_noaa_ops.dspace_rad,VNFF_npp_d20151003_t1731466_e1737270_b20378_v21.csv,World_EEZ_v8_2014.shp,WPP_BFAR_merge.shp,KKP_IDN_merge_20161208.shp,VNF-VBD_npp_20120301-20151231_global_asia-enhanced_c201607211230.bitmask,NCEI_NGA.union.nga_lead2.add_2015ntl.mask,timezone.shp,VBD_platforms-recurring_2015_r20170330.shp,999999,VBD_bridges_c20160811.shp,9.202956;7.293124;4.987635;0.117751;-4.766567;-9.662423;-14.566307;-12.781590;-10.252750;-5.421471;-0.565886;4.309883,106.389061;120.204430;133.795395;132.636734;131.583801;130.626740;129.763702;115.696312;101.762085;103.094223;104.302101;105.397919,npp_d20151003_t1731466_e1737270_b20378,160.074,87.3121,41.2559,98.3276,57.5799,71.7762
713,VBD_npp_d20151003_t1735187_x1119162E_y043205S_l1912_s1211_v23,2017-06-01 16:11:27,-4.320457,111.916191,23.4302,2015-10-03 17:35:18,2015-10-04 00:35:18,1912,1211,0.294512,1,2529,0.757543,0.182757,0.840737,0.4,0.899828,0.75,0.0145561,0.0001,1.12285e-17,999999,-2.821683e-01,3,Indonesian Exclusive Economic Zone,WPP712,,SVDNB_npp_d20151003_t1731466_e1737270_b20378_c20151003233728467558_noaa_ops.h5,GDNBO_npp_d20151003_t1731466_e1737270_b20378_c20151003233728467298_noaa_ops.h5,SVI04_npp_d20151003_t1731466_e1737270_b20378_c20151003233728541959_noaa_ops.dspace_rad,VNFF_npp_d20151003_t1731466_e1737270_b20378_v21.csv,World_EEZ_v8_2014.shp,WPP_BFAR_merge.shp,KKP_IDN_merge_20161208.shp,VNF-VBD_npp_20120301-20151231_global_asia-enhanced_c201607211230.bitmask,NCEI_NGA.union.nga_lead2.add_2015ntl.mask,timezone.shp,VBD_platforms-recurring_2015_r20170330.shp,999999,VBD_bridges_c20160811.shp,9.202956;7.293124;4.987635;0.117751;-4.766567;-9.662423;-14.566307;-12.781590;-10.252750;-5.421471;-0.565886;4.309883,106.389061;120.204430;133.795395;132.636734;131.583801;130.626740;129.763702;115.696312;101.762085;103.094223;104.302101;105.397919,npp_d20151003_t1731466_e1737270_b20378,159.73,114.093,41.2668,99.1908,62.4296,66.7192
714,VBD_npp_d20151003_t1735169_x1119941E_y042255S_l1896_s1219_v23,2017-06-01 16:11:27,-4.225538,111.994072,21.7097,2015-10-03 17:35:16,2015-10-04 00:35:16,1896,1219,0.285194,8,18913,0.621407,0.174631,0.822117,0.4,0.876203,0.75,0.0146048,0.0001,1.87685e-17,999999,-2.044132e-01,3,Indonesian Exclusive Economic Zone,WPP712,,SVDNB_npp_d20151003_t1731466_e1737270_b20378_c20151003233728467558_noaa_ops.h5,GDNBO_npp_d20151003_t1731466_e1737270_b20378_c20151003233728467298_noaa_ops.h5,SVI04_npp_d20151003_t1731466_e1737270_b20378_c20151003233728541959_noaa_ops.dspace_rad,VNFF_npp_d20151003_t1731466_e1737270_b20378_v21.csv,World_EEZ_v8_2014.shp,WPP_BFAR_merge.shp,KKP_IDN_merge_20161208.shp,VNF-VBD_npp_20120301-20151231_global_asia-enhanced_c201607211230.bitmask,NCEI_NGA.union.nga_lead2.add_2015ntl.mask,timezone.shp,VBD_platforms-recurring_2015_r20170330.shp,0.587135,VBD_bridges_c20160811.shp,9.202956;7.293124;4.987635;0.117751;-4.766567;-9.662423;-14.566307;-12.781590;-10.252750;-5.421471;-0.565886;4.309883,106.389061;120.204430;133.795395;132.636734;131.583801;130.626740;129.763702;115.696312;101.762085;103.094223;104.302101;105.397919,npp_d20151003_t1731466_e1737270_b20378,159.705,113.776,40.9663,99.1726,62.3265,66.7461
715,VBD_npp_d20151003_t1732403_x1140690E_y049484N_l0486_s1221_v23,2017-06-01 16:11:27,4.948388,114.069046,74.6634,2015-10-03 17:32:40,2015-10-04 01:32:40,486,1221,0.463021,4,100837,1.22827,0.0482125,0.906022,0.4,0.976618,0.75,0.0177138,0.0001,2.40886e-15,999999,9.512656e-01,3,Bruneian Exclusive Economic Zone,,,SVDNB_npp_d20151003_t1731466_e1737270_b20378_c20151003233728467558_noaa_ops.h5,GDNBO_npp_d20151003_t1731466_e1737270_b20378_c20151003233728467298_noaa_ops.h5,SVI04_npp_d20151003_t1731466_e1737270_b20378_c20151003233728541959_noaa_ops.dspace_rad,VNFF_npp_d20151003_t1731466_e1737270_b20378_v21.csv,World_EEZ_v8_2014.shp,WPP_BFAR_merge.shp,KKP_IDN_merge_20161208.shp,VNF-VBD_npp_20120301-20151231_global_asia-enhanced_c201607211230.bitmask,NCEI_NGA.union.nga_lead2.add_2015ntl.mask,timezone.shp,VBD_platforms-recurring_2015_r20170330.shp,999999,VBD_bridges_c20160811.shp,9.202956;7.293124;4.987635;0.117751;-4.766567;-9.662423;-14.566307;-12.781590;-10.252750;-5.421471;-0.565886;4.309883,106.389061;120.204430;133.795395;132.636734;131.583801;130.626740;129.763702;115.696312;101.762085;103.094223;104.302101;105.397919,npp_d20151003_t1731466_e1737270_b20378,160.064,88.1873,40.8815,98.4305,57.6596,71.5776
716,VBD_npp_d20151003_t1735169_x1120030E_y042549S_l1900_s1221_v23,2017-06-01 16:11:27,-4.254878,112.003021,3.65719,2015-10-03 17:35:16,2015-10-04 00:35:16,1900,1221,0.271181,7,2209,0.174512,0.173653,0.797521,0.4,0.64234,0.75,0.0146075,0.0001,1.95891e-17,999999,-1.950504e-01,3,,,,SVDNB_npp_d20151003_t1731466_e1737270_b20378_c20151003233728467558_noaa_ops.h5,GDNBO_npp_d20151003_t1731466_e1737270_b20378_c20151003233728467298_noaa_ops.h5,SVI04_npp_d20151003_t1731466_e1737270_b20378_c20151003233728541959_noaa_ops.dspace_rad,VNFF_npp_d20151003_t1731466_e1737270_b20378_v21.csv,World_EEZ_v8_2014.shp,WPP_BFAR_merge.shp,KKP_IDN_merge_20161208.shp,VNF-VBD_npp_20120301-20151231_global_asia-enhanced_c201607211230.bitmask,NCEI_NGA.union.nga_lead2.add_2015ntl.mask,timezone.shp,VBD_platforms-recurring_2015_r20170330.shp,999999,VBD_bridges_c20160811.shp,9.202956;7.293124;4.987635;0.117751;-4.766567;-9.662423;-14.566307;-12.781590;-10.252750;-5.421471;-0.565886;4.309883,106.389061;120.204430;133.795395;132.636734;131.583801;130.626740;129.763702;115.696312;101.762085;103.094223;104.302101;105.397919,npp_d20151003_t1731466_e1737270_b20378,159.685,113.838,40.8917,98.8876,62.3299,66.7289
717,VBD_npp_d20151003_t1732403_x1140845E_y049600N_l0484_s1223_v23,2017-06-01 16:11:27,4.959951,114.084511,2.76053,2015-10-03 17:32:40,2015-10-04 01:32:40,484,1223,0.415861,4,117157,0.176887,0.0479905,0.894416,0.4,0.721643,0.75,0.0177259,0.0001,2.71605e-15,999999,9.536392e-01,3,Bruneian Exclusive Economic Zone,,,SVDNB_npp_d20151003_t1731466_e1737270_b20378_c20151003233728467558_noaa_ops.h5,GDNBO_npp_d20151003_t1731466_e1737270_b20378_c20151003233728467298_noaa_ops.h5,SVI04_npp_d20151003_t1731466_e1737270_b20378_c20151003233728541959_noaa_ops.dspace_rad,VNFF_npp_d20151003_t1731466_e1737270_b20378_v21.csv,World_EEZ_v8_2014.shp,WPP_BFAR_merge.shp,KKP_IDN_merge_20161208.shp,VNF-VBD_npp_20120301-20151231_global_asia-enhanced_c201607211230.bitmask,NCEI_NGA.union.nga_lead2.add_2015ntl.mask,timezone.shp,VBD_platforms-recurring_2015_r20170330.shp,0.311971,VBD_bridges_c20160811.shp,9.202956;7.293124;4.987635;0.117751;-4.766567;-9.662423;-14.566307;-12.781590;-10.252750;-5.421471;-0.565886;4.309883,106.389061;120.204430;133.795395;132.636734;131.583801;130.626740;129.763702;115.696312;101.762085;103.094223;104.302101;105.397919,npp_d20151003_t1731466_e1737270_b20378,160.048,88.1581,40.8058,98.5744,57.6411,71.5829
718,VBD_npp_d20151003_t1735169_x1120221E_y042232S_l1895_s1223_v23,2017-06-01 16:11:27,-4.223166,112.022064,25.695,2015-10-03 17:35:16,2015-10-04 00:35:16,1895,1223,0.307671,1,2529,0.706227,0.161239,0.832347,0.4,0.895983,0.75,0.0146208,0.0001,2.38818e-17,999999,-7.626122e-02,3,Indonesian Exclusive Economic Zone,WPP712,,SVDNB_npp_d20151003_t1731466_e1737270_b20378_c20151003233728467558_noaa_ops.h5,GDNBO_npp_d20151003_t1731466_e1737270_b20378_c20151003233728467298_noaa_ops.h5,SVI04_npp_d20151003_t1731466_e1737270_b20378_c20151003233728541959_noaa_ops.dspace_rad,VNFF_npp_d20151003_t1731466_e1737270_b20378_v21.csv,World_EEZ_v8_2014.shp,WPP_BFAR_merge.shp,KKP_IDN_merge_20161208.shp,VNF-VBD_npp_20120301-20151231_global_asia-enhanced_c201607211230.bitmask,NCEI_NGA.union.nga_lead2.add_2015ntl.mask,timezone.shp,VBD_platforms-recurring_2015_r20170330.shp,999999,VBD_bridges_c20160811.shp,9.202956;7.293124;4.987635;0.117751;-4.766567;-9.662423;-14.566307;-12.781590;-10.252750;-5.421471;-0.565886;4.309883,106.389061;120.204430;133.795395;132.636734;131.583801;130.626740;129.763702;115.696312;101.762085;103.094223;104.302101;105.397919,npp_d20151003_t1731466_e1737270_b20378,159.68,113.737,40.8148,99.2416,62.2997,66.7392
719,VBD_npp_d20151003_t1732243_x1142919E_y058769N_l0343_s1224_v23,2017-06-01 16:11:27,5.876927,114.291893,11816.8,2015-10-03 17:32:24,2015-10-04 01:32:24,343,1224,0.389543,4,100845,1.44333,0.124913,0.557759,0.4,0.950557,0.75,0.0179566,0.0001,4.05913e-15,999999,1.313201e-01,3,Malaysian Exclusive Economic Zone,,,SVDNB_npp_d20151003_t1731466_e1737270_b20378_c20151003233728467558_noaa_ops.h5,GDNBO_npp_d20151003_t1731466_e1737270_b20378_c20151003233728467298_noaa_ops.h5,SVI04_npp_d20151003_t1731466_e1737270_b20378_c20151003233728541959_noaa_ops.dspace_rad,VNFF_npp_d20151003_t1731466_e1737270_b20378_v21.csv,World_EEZ_v8_2014.shp,WPP_BFAR_merge.shp,KKP_IDN_merge_20161208.shp,VNF-VBD_npp_20120301-20151231_global_asia-enhanced_c201607211230.bitmask,NCEI_NGA.union.nga_lead2.add_2015ntl.mask,timezone.shp,VBD_platforms-recurring_2015_r20170330.shp,999999,VBD_bridges_c20160811.shp,9.202956;7.293124;4.987635;0.117751;-4.766567;-9.662423;-14.566307;-12.781590;-10.252750;-5.421471;-0.565886;4.309883,106.389061;120.204430;133.795395;132.636734;131.583801;130.626740;129.763702;115.696312;101.762085;103.094223;104.302101;105.397919,npp_d20151003_t1731466_e1737270_b20378,159.859,85.6822,40.7648,98.2829,57.2165,72.1413
720,VBD_npp_d20151003_t1736583_x1106030E_y101423S_l2807_s1224_v23,2017-06-01 16:11:27,-10.142293,110.602951,6.0433,2015-10-03 17:36:58,2015-10-04 00:36:58,2807,1224,0.334203,1,2529,0.331305,0.181863,0.708131,0.4,0.795771,0.75,0.0124113,0.0001,4.33362e-19,999999,-2.462567e-01,3,Indonesian Exclusive Economic Zone,WPP573,,SVDNB_npp_d20151003_t1731466_e1737270_b20378_c20151003233728467558_noaa_ops.h5,GDNBO_npp_d20151003_t1731466_e1737270_b20378_c20151003233728467298_noaa_ops.h5,SVI04_npp_d20151003_t1731466_e1737270_b20378_c20151003233728541959_noaa_ops.dspace_rad,VNFF_npp_d20151003_t1731466_e1737270_b20378_v21.csv,World_EEZ_v8_2014.shp,WPP_BFAR_merge.shp,KKP_IDN_merge_20161208.shp,VNF-VBD_npp_20120301-20151231_global_asia-enhanced_c201607211230.bitmask,NCEI_NGA.union.nga_lead2.add_2015ntl.mask,timezone.shp,VBD_platforms-recurring_2015_r20170330.shp,999999,VBD_bridges_c20160811.shp,9.202956;7.293124;4.987635;0.117751;-4.766567;-9.662423;-14.566307;-12.781590;-10.252750;-5.421471;-0.565886;4.309883,106.389061;120.204430;133.795395;132.636734;131.583801;130.626740;129.763702;115.696312;101.762085;103.094223;104.302101;105.397919,npp_d20151003_t1731466_e1737270_b20378,157.466,128.144,40.7807,99.9438,65.6921,64.3448
721,VBD_npp_d20151003_t1735187_x1120117E_y043292S_l1911_s1225_v23,2017-06-01 16:11:27,-4.329175,112.011681,23.2514,2015-10-03 17:35:18,2015-10-04 00:35:18,1911,1225,0.33591,1,2529,0.686935,0.162263,0.809355,0.4,0.784506,0.75,0.0146093,0.0001,2.5161e-17,999999,-8.605696e-02,3,Indonesian Exclusive Economic Zone,WPP712,,SVDNB_npp_d20151003_t1731466_e1737270_b20378_c20151003233728467558_noaa_ops.h5,GDNBO_npp_d20151003_t1731466_e1737270_b20378_c20151003233728467298_noaa_ops.h5,SVI04_npp_d20151003_t1731466_e1737270_b20378_c20151003233728541959_noaa_ops.dspace_rad,VNFF_npp_d20151003_t1731466_e1737270_b20378_v21.csv,World_EEZ_v8_2014.shp,WPP_BFAR_merge.shp,KKP_IDN_merge_20161208.shp,VNF-VBD_npp_20120301-20151231_global_asia-enhanced_c201607211230.bitmask,NCEI_NGA.union.nga_lead2.add_2015ntl.mask,timezone.shp,VBD_platforms-recurring_2015_r20170330.shp,999999,VBD_bridges_c20160811.shp,9.202956;7.293124;4.987635;0.117751;-4.766567;-9.662423;-14.566307;-12.781590;-10.252750;-5.421471;-0.565886;4.309883,106.389061;120.204430;133.795395;132.636734;131.583801;130.626740;129.763702;115.696312;101.762085;103.094223;104.302101;105.397919,npp_d20151003_t1731466_e1737270_b20378,159.64,114.002,40.7365,99.2544,62.345,66.6872
722,VBD_npp_d20151003_t1735542_x1115311E_y063883S_l2228_s1226_v23,2017-06-01 16:11:27,-6.388342,111.531067,8.20382,2015-10-03 17:35:54,2015-10-04 00:35:54,2228,1226,0.36486,1,2529,0.490732,0.163863,0.832016,0.4,0.927642,0.75,0.0138709,0.0001,7.49042e-18,999999,-1.013719e-01,3,Indonesian Exclusive Economic Zone,WPP712,,SVDNB_npp_d20151003_t1731466_e1737270_b20378_c20151003233728467558_noaa_ops.h5,GDNBO_npp_d20151003_t1731466_e1737270_b20378_c20151003233728467298_noaa_ops.h5,SVI04_npp_d20151003_t1731466_e1737270_b20378_c20151003233728541959_noaa_ops.dspace_rad,VNFF_npp_d20151003_t1731466_e1737270_b20378_v21.csv,World_EEZ_v8_2014.shp,WPP_BFAR_merge.shp,KKP_IDN_merge_20161208.shp,VNF-VBD_npp_20120301-20151231_global_asia-enhanced_c201607211230.bitmask,NCEI_NGA.union.nga_lead2.add_2015ntl.mask,timezone.shp,VBD_platforms-recurring_2015_r20170330.shp,999999,VBD_bridges_c20160811.shp,9.202956;7.293124;4.987635;0.117751;-4.766567;-9.662423;-14.566307;-12.781590;-10.252750;-5.421471;-0.565886;4.309883,106.389061;120.204430;133.795395;132.636734;131.583801;130.626740;129.763702;115.696312;101.762085;103.094223;104.302101;105.397919,npp_d20151003_t1731466_e1737270_b20378,159.011,119.306,40.6992,99.7007,63.4912,65.7912
723,VBD_npp_d20151003_t1735542_x1115306E_y064717S_l2240_s1228_v23,2017-06-01 16:11:27,-6.471733,111.530617,5.53376,2015-10-03 17:35:54,2015-10-04 00:35:54,2240,1228,0.37425,1,2529,0.382939,0.152196,0.780418,0.4,0.919452,0.75,0.013846,0.0001,6.72664e-18,999999,1.027020e-02,3,Indonesian Exclusive Economic Zone,WPP712,,SVDNB_npp_d20151003_t1731466_e1737270_b20378_c20151003233728467558_noaa_ops.h5,GDNBO_npp_d20151003_t1731466_e1737270_b20378_c20151003233728467298_noaa_ops.h5,SVI04_npp_d20151003_t1731466_e1737270_b20378_c20151003233728541959_noaa_ops.dspace_rad,VNFF_npp_d20151003_t1731466_e1737270_b20378_v21.csv,World_EEZ_v8_2014.shp,WPP_BFAR_merge.shp,KKP_IDN_merge_20161208.shp,VNF-VBD_npp_20120301-20151231_global_asia-enhanced_c201607211230.bitmask,NCEI_NGA.union.nga_lead2.add_2015ntl.mask,timezone.shp,VBD_platforms-recurring_2015_r20170330.shp,999999,VBD_bridges_c20160811.shp,9.202956;7.293124;4.987635;0.117751;-4.766567;-9.662423;-14.566307;-12.781590;-10.252750;-5.421471;-0.565886;4.309883,106.389061;120.204430;133.795395;132.636734;131.583801;130.626740;129.763702;115.696312;101.762085;103.094223;104.302101;105.397919,npp_d20151003_t1731466_e1737270_b20378,158.971,119.496,40.6268,98.8436,63.5261,65.752
724,VBD_npp_d20151003_t1732243_x1143234E_y058585N_l0345_s1229_v23,2017-06-01 16:11:27,5.858482,114.323387,103.761,2015-10-03 17:32:24,2015-10-04 01:32:24,345,1229,0.369413,4,51365,0.164857,0.0808622,0.588346,0.4,0.302554,0.75,0.0179745,0.0001,5.01363e-15,999999,6.022332e-01,3,Malaysian Exclusive Economic Zone,,,SVDNB_npp_d20151003_t1731466_e1737270_b20378_c20151003233728467558_noaa_ops.h5,GDNBO_npp_d20151003_t1731466_e1737270_b20378_c20151003233728467298_noaa_ops.h5,SVI04_npp_d20151003_t1731466_e1737270_b20378_c20151003233728541959_noaa_ops.dspace_rad,VNFF_npp_d20151003_t1731466_e1737270_b20378_v21.csv,World_EEZ_v8_2014.shp,WPP_BFAR_merge.shp,KKP_IDN_merge_20161208.shp,VNF-VBD_npp_20120301-20151231_global_asia-enhanced_c201607211230.bitmask,NCEI_NGA.union.nga_lead2.add_2015ntl.mask,timezone.shp,VBD_platforms-recurring_2015_r20170330.shp,0.984571,VBD_bridges_c20160811.shp,9.202956;7.293124;4.987635;0.117751;-4.766567;-9.662423;-14.566307;-12.781590;-10.252750;-5.421471;-0.565886;4.309883,106.389061;120.204430;133.795395;132.636734;131.583801;130.626740;129.763702;115.696312;101.762085;103.094223;104.302101;105.397919,npp_d20151003_t1731466_e1737270_b20378,159.829,85.7419,40.5761,98.1431,57.1921,72.1265
725,VBD_npp_d20151003_t1735169_x1120755E_y042319S_l1895_s1231_v23,2017-06-01 16:11:27,-4.231943,112.075478,26.7298,2015-10-03 17:35:16,2015-10-04 00:35:16,1895,1231,0.332211,1,2529,0.804722,0.152883,0.82327,0.4,0.921685,0.75,0.0146506,0.0001,3.71442e-17,999999,3.695656e-03,3,Indonesian Exclusive Economic Zone,WPP712,,SVDNB_npp_d20151003_t1731466_e1737270_b20378_c20151003233728467558_noaa_ops.h5,GDNBO_npp_d20151003_t1731466_e1737270_b20378_c20151003233728467298_noaa_ops.h5,SVI04_npp_d20151003_t1731466_e1737270_b20378_c20151003233728541959_noaa_ops.dspace_rad,VNFF_npp_d20151003_t1731466_e1737270_b20378_v21.csv,World_EEZ_v8_2014.shp,WPP_BFAR_merge.shp,KKP_IDN_merge_20161208.shp,VNF-VBD_npp_20120301-20151231_global_asia-enhanced_c201607211230.bitmask,NCEI_NGA.union.nga_lead2.add_2015ntl.mask,timezone.shp,VBD_platforms-recurring_2015_r20170330.shp,999999,VBD_bridges_c20160811.shp,9.202956;7.293124;4.987635;0.117751;-4.766567;-9.662423;-14.566307;-12.781590;-10.252750;-5.421471;-0.565886;4.309883,106.389061;120.204430;133.795395;132.636734;131.583801;130.626740;129.763702;115.696312;101.762085;103.094223;104.302101;105.397919,npp_d20151003_t1731466_e1737270_b20378,159.628,113.697,40.5124,99.2378,62.2539,66.7194
726,VBD_npp_d20151003_t1732243_x1143394E_y058285N_l0349_s1232_v23,2017-06-01 16:11:27,5.828545,114.339386,42506.1,2015-10-03 17:32:24,2015-10-04 01:32:24,349,1232,0.877217,4,100845,1.86867,0.0445248,0.616335,0.4,0.983709,0.75,0.0179833,0.0001,5.50093e-15,999999,9.906874e-01,3,Malaysian Exclusive Economic Zone,,,SVDNB_npp_d20151003_t1731466_e1737270_b20378_c20151003233728467558_noaa_ops.h5,GDNBO_npp_d20151003_t1731466_e1737270_b20378_c20151003233728467298_noaa_ops.h5,SVI04_npp_d20151003_t1731466_e1737270_b20378_c20151003233728541959_noaa_ops.dspace_rad,VNFF_npp_d20151003_t1731466_e1737270_b20378_v21.csv,World_EEZ_v8_2014.shp,WPP_BFAR_merge.shp,KKP_IDN_merge_20161208.shp,VNF-VBD_npp_20120301-20151231_global_asia-enhanced_c201607211230.bitmask,NCEI_NGA.union.nga_lead2.add_2015ntl.mask,timezone.shp,VBD_platforms-recurring_2015_r20170330.shp,999999,VBD_bridges_c20160811.shp,9.202956;7.293124;4.987635;0.117751;-4.766567;-9.662423;-14.566307;-12.781590;-10.252750;-5.421471;-0.565886;4.309883,106.389061;120.204430;133.795395;132.636734;131.583801;130.626740;129.763702;115.696312;101.762085;103.094223;104.302101;105.397919,npp_d20151003_t1731466_e1737270_b20378,159.816,85.828,40.4641,97.8578,57.1861,72.1059
727,VBD_npp_d20151003_t1735187_x1120882E_y043210S_l1908_s1236_v23,2017-06-01 16:11:27,-4.321005,112.088219,40.6103,2015-10-03 17:35:18,2015-10-04 00:35:18,1908,1236,0.363082,1,2529,0.94416,0.131645,0.875904,0.4,0.940076,0.75,0.0146537,0.0001,4.84233e-17,999999,2.069334e-01,3,Indonesian Exclusive Economic Zone,WPP712,,SVDNB_npp_d20151003_t1731466_e1737270_b20378_c20151003233728467558_noaa_ops.h5,GDNBO_npp_d20151003_t1731466_e1737270_b20378_c20151003233728467298_noaa_ops.h5,SVI04_npp_d20151003_t1731466_e1737270_b20378_c20151003233728541959_noaa_ops.dspace_rad,VNFF_npp_d20151003_t1731466_e1737270_b20378_v21.csv,World_EEZ_v8_2014.shp,WPP_BFAR_merge.shp,KKP_IDN_merge_20161208.shp,VNF-VBD_npp_20120301-20151231_global_asia-enhanced_c201607211230.bitmask,NCEI_NGA.union.nga_lead2.add_2015ntl.mask,timezone.shp,VBD_platforms-recurring_2015_r20170330.shp,999999,VBD_bridges_c20160811.shp,9.202956;7.293124;4.987635;0.117751;-4.766567;-9.662423;-14.566307;-12.781590;-10.252750;-5.421471;-0.565886;4.309883,106.389061;120.204430;133.795395;132.636734;131.583801;130.626740;129.763702;115.696312;101.762085;103.094223;104.302101;105.397919,npp_d20151003_t1731466_e1737270_b20378,159.574,113.893,40.3208,99.4645,62.2711,66.6691
728,VBD_npp_d20151003_t1735204_x1120571E_y044656S_l1930_s1236_v23,2017-06-01 16:11:27,-4.465597,112.057053,42.3898,2015-10-03 17:35:20,2015-10-04 00:35:20,1930,1236,0.377522,1,2529,1.01499,0.141746,0.886851,0.4,0.957793,0.75,0.0146276,0.0001,4.10144e-17,999999,1.102732e-01,3,Indonesian Exclusive Economic Zone,WPP712,,SVDNB_npp_d20151003_t1731466_e1737270_b20378_c20151003233728467558_noaa_ops.h5,GDNBO_npp_d20151003_t1731466_e1737270_b20378_c20151003233728467298_noaa_ops.h5,SVI04_npp_d20151003_t1731466_e1737270_b20378_c20151003233728541959_noaa_ops.dspace_rad,VNFF_npp_d20151003_t1731466_e1737270_b20378_v21.csv,World_EEZ_v8_2014.shp,WPP_BFAR_merge.shp,KKP_IDN_merge_20161208.shp,VNF-VBD_npp_20120301-20151231_global_asia-enhanced_c201607211230.bitmask,NCEI_NGA.union.nga_lead2.add_2015ntl.mask,timezone.shp,VBD_platforms-recurring_2015_r20170330.shp,999999,VBD_bridges_c20160811.shp,9.202956;7.293124;4.987635;0.117751;-4.766567;-9.662423;-14.566307;-12.781590;-10.252750;-5.421471;-0.565886;4.309883,106.389061;120.204430;133.795395;132.636734;131.583801;130.626740;129.763702;115.696312;101.762085;103.094223;104.302101;105.397919,npp_d20151003_t1731466_e1737270_b20378,159.536,114.275,40.3223,99.0425,62.351,66.6039
729,VBD_npp_d20151003_t1735151_x1121304E_y041951S_l1888_s1237_v23,2017-06-01 16:11:27,-4.195082,112.130379,24.8542,2015-10-03 17:35:15,2015-10-04 00:35:15,1888,1237,0.34032,8,18849,0.563795,0.134173,0.850235,0.4,0.690561,0.75,0.0146812,0.0001,4.73617e-17,999999,1.827337e-01,3,Indonesian Exclusive Economic Zone,WPP712,,SVDNB_npp_d20151003_t1731466_e1737270_b20378_c20151003233728467558_noaa_ops.h5,GDNBO_npp_d20151003_t1731466_e1737270_b20378_c20151003233728467298_noaa_ops.h5,SVI04_npp_d20151003_t1731466_e1737270_b20378_c20151003233728541959_noaa_ops.dspace_rad,VNFF_npp_d20151003_t1731466_e1737270_b20378_v21.csv,World_EEZ_v8_2014.shp,WPP_BFAR_merge.shp,KKP_IDN_merge_20161208.shp,VNF-VBD_npp_20120301-20151231_global_asia-enhanced_c201607211230.bitmask,NCEI_NGA.union.nga_lead2.add_2015ntl.mask,timezone.shp,VBD_platforms-recurring_2015_r20170330.shp,0.794163,VBD_bridges_c20160811.shp,9.202956;7.293124;4.987635;0.117751;-4.766567;-9.662423;-14.566307;-12.781590;-10.252750;-5.421471;-0.565886;4.309883,106.389061;120.204430;133.795395;132.636734;131.583801;130.626740;129.763702;115.696312;101.762085;103.094223;104.302101;105.397919,npp_d20151003_t1731466_e1737270_b20378,159.599,113.552,40.284,98.5784,62.1951,66.7241
730,VBD_npp_d20151003_t1735151_x1121502E_y041982S_l1888_s1240_v23,2017-06-01 16:11:27,-4.198246,112.150192,13.5924,2015-10-03 17:35:15,2015-10-04 00:35:15,1888,1240,0.333989,7,2465,0.226566,0.143654,0.870539,0.4,0.476664,0.75,0.0146923,0.0001,5.56869e-17,999999,9.201151e-02,3,,,,SVDNB_npp_d20151003_t1731466_e1737270_b20378_c20151003233728467558_noaa_ops.h5,GDNBO_npp_d20151003_t1731466_e1737270_b20378_c20151003233728467298_noaa_ops.h5,SVI04_npp_d20151003_t1731466_e1737270_b20378_c20151003233728541959_noaa_ops.dspace_rad,VNFF_npp_d20151003_t1731466_e1737270_b20378_v21.csv,World_EEZ_v8_2014.shp,WPP_BFAR_merge.shp,KKP_IDN_merge_20161208.shp,VNF-VBD_npp_20120301-20151231_global_asia-enhanced_c201607211230.bitmask,NCEI_NGA.union.nga_lead2.add_2015ntl.mask,timezone.shp,VBD_platforms-recurring_2015_r20170330.shp,999999,VBD_bridges_c20160811.shp,9.202956;7.293124;4.987635;0.117751;-4.766567;-9.662423;-14.566307;-12.781590;-10.252750;-5.421471;-0.565886;4.309883,106.389061;120.204430;133.795395;132.636734;131.583801;130.626740;129.763702;115.696312;101.762085;103.094223;104.302101;105.397919,npp_d20151003_t1731466_e1737270_b20378,159.58,113.537,40.1708,98.5755,62.1781,66.7168
731,VBD_npp_d20151003_t1735453_x1117337E_y059656S_l2160_s1240_v23,2017-06-01 16:11:27,-5.965567,111.733665,3.93124,2015-10-03 17:35:45,2015-10-04 00:35:45,2160,1240,0.288537,4,100837,0.269032,0.151339,0.643264,0.4,0.84923,0.75,0.0141046,0.0001,1.85532e-17,999999,1.846981e-02,3,Indonesian Exclusive Economic Zone,WPP712,,SVDNB_npp_d20151003_t1731466_e1737270_b20378_c20151003233728467558_noaa_ops.h5,GDNBO_npp_d20151003_t1731466_e1737270_b20378_c20151003233728467298_noaa_ops.h5,SVI04_npp_d20151003_t1731466_e1737270_b20378_c20151003233728541959_noaa_ops.dspace_rad,VNFF_npp_d20151003_t1731466_e1737270_b20378_v21.csv,World_EEZ_v8_2014.shp,WPP_BFAR_merge.shp,KKP_IDN_merge_20161208.shp,VNF-VBD_npp_20120301-20151231_global_asia-enhanced_c201607211230.bitmask,NCEI_NGA.union.nga_lead2.add_2015ntl.mask,timezone.shp,VBD_platforms-recurring_2015_r20170330.shp,999999,VBD_bridges_c20160811.shp,9.202956;7.293124;4.987635;0.117751;-4.766567;-9.662423;-14.566307;-12.781590;-10.252750;-5.421471;-0.565886;4.309883,106.389061;120.204430;133.795395;132.636734;131.583801;130.626740;129.763702;115.696312;101.762085;103.094223;104.302101;105.397919,npp_d20151003_t1731466_e1737270_b20378,159.07,118.114,40.1758,98.7665,63.1645,65.939
732,VBD_npp_d20151003_t1735169_x1121483E_y042025S_l1889_s1241_v23,2017-06-01 16:11:27,-4.202480,112.148277,131.965,2015-10-03 17:35:16,2015-10-04 00:35:16,1889,1241,0.35035,1,2529,1.30243,0.144262,0.870539,0.4,0.972708,0.75,0.0146949,0.0001,7.05697e-17,999999,8.619090e-02,3,Indonesian Exclusive Economic Zone,WPP712,,SVDNB_npp_d20151003_t1731466_e1737270_b20378_c20151003233728467558_noaa_ops.h5,GDNBO_npp_d20151003_t1731466_e1737270_b20378_c20151003233728467298_noaa_ops.h5,SVI04_npp_d20151003_t1731466_e1737270_b20378_c20151003233728541959_noaa_ops.dspace_rad,VNFF_npp_d20151003_t1731466_e1737270_b20378_v21.csv,World_EEZ_v8_2014.shp,WPP_BFAR_merge.shp,KKP_IDN_merge_20161208.shp,VNF-VBD_npp_20120301-20151231_global_asia-enhanced_c201607211230.bitmask,NCEI_NGA.union.nga_lead2.add_2015ntl.mask,timezone.shp,VBD_platforms-recurring_2015_r20170330.shp,999999,VBD_bridges_c20160811.shp,9.202956;7.293124;4.987635;0.117751;-4.766567;-9.662423;-14.566307;-12.781590;-10.252750;-5.421471;-0.565886;4.309883,106.389061;120.204430;133.795395;132.636734;131.583801;130.626740;129.763702;115.696312;101.762085;103.094223;104.302101;105.397919,npp_d20151003_t1731466_e1737270_b20378,159.573,113.541,40.1353,99.6657,62.1749,66.7132
733,VBD_npp_d20151003_t1735471_x1117330E_y059696S_l2161_s1241_v23,2017-06-01 16:11:27,-5.969590,111.733040,3.09042,2015-10-03 17:35:47,2015-10-04 00:35:47,2161,1241,0.284127,4,100773,0.2202,0.157487,0.643264,0.4,0.742414,0.75,0.0141056,0.0001,2.40953e-17,999999,-4.036159e-02,3,Indonesian Exclusive Economic Zone,WPP712,,SVDNB_npp_d20151003_t1731466_e1737270_b20378_c20151003233728467558_noaa_ops.h5,GDNBO_npp_d20151003_t1731466_e1737270_b20378_c20151003233728467298_noaa_ops.h5,SVI04_npp_d20151003_t1731466_e1737270_b20378_c20151003233728541959_noaa_ops.dspace_rad,VNFF_npp_d20151003_t1731466_e1737270_b20378_v21.csv,World_EEZ_v8_2014.shp,WPP_BFAR_merge.shp,KKP_IDN_merge_20161208.shp,VNF-VBD_npp_20120301-20151231_global_asia-enhanced_c201607211230.bitmask,NCEI_NGA.union.nga_lead2.add_2015ntl.mask,timezone.shp,VBD_platforms-recurring_2015_r20170330.shp,999999,VBD_bridges_c20160811.shp,9.202956;7.293124;4.987635;0.117751;-4.766567;-9.662423;-14.566307;-12.781590;-10.252750;-5.421471;-0.565886;4.309883,106.389061;120.204430;133.795395;132.636734;131.583801;130.626740;129.763702;115.696312;101.762085;103.094223;104.302101;105.397919,npp_d20151003_t1731466_e1737270_b20378,159.062,118.114,40.1333,99.8604,63.1602,65.935
734,VBD_npp_d20151003_t1732439_x1141591E_y046852N_l0523_s1242_v23,2017-06-01 16:11:27,4.685159,114.159058,103.165,2015-10-03 17:32:43,2015-10-04 01:32:43,523,1242,0.423828,4,35301,1.27849,0.122215,0.889865,0.4,0.963201,0.75,0.0177124,0.0001,5.61675e-15,999999,1.601665e-01,3,Bruneian Exclusive Economic Zone,,,SVDNB_npp_d20151003_t1731466_e1737270_b20378_c20151003233728467558_noaa_ops.h5,GDNBO_npp_d20151003_t1731466_e1737270_b20378_c20151003233728467298_noaa_ops.h5,SVI04_npp_d20151003_t1731466_e1737270_b20378_c20151003233728541959_noaa_ops.dspace_rad,VNFF_npp_d20151003_t1731466_e1737270_b20378_v21.csv,World_EEZ_v8_2014.shp,WPP_BFAR_merge.shp,KKP_IDN_merge_20161208.shp,VNF-VBD_npp_20120301-20151231_global_asia-enhanced_c201607211230.bitmask,NCEI_NGA.union.nga_lead2.add_2015ntl.mask,timezone.shp,VBD_platforms-recurring_2015_r20170330.shp,999999,VBD_bridges_c20160811.shp,9.202956;7.293124;4.987635;0.117751;-4.766567;-9.662423;-14.566307;-12.781590;-10.252750;-5.421471;-0.565886;4.309883,106.389061;120.204430;133.795395;132.636734;131.583801;130.626740;129.763702;115.696312;101.762085;103.094223;104.302101;105.397919,npp_d20151003_t1731466_e1737270_b20378,159.966,88.9269,40.0858,98.0981,57.6444,71.4017
735,VBD_npp_d20151003_t1735151_x1121853E_y041901S_l1886_s1245_v23,2017-06-01 16:11:27,-4.190081,112.185280,38.584,2015-10-03 17:35:15,2015-10-04 00:35:15,1886,1245,0.34473,8,18913,0.927477,0.15543,0.869781,0.4,0.94968,0.75,0.0147133,0.0001,7.52909e-17,999999,-2.067530e-02,3,Indonesian Exclusive Economic Zone,WPP712,,SVDNB_npp_d20151003_t1731466_e1737270_b20378_c20151003233728467558_noaa_ops.h5,GDNBO_npp_d20151003_t1731466_e1737270_b20378_c20151003233728467298_noaa_ops.h5,SVI04_npp_d20151003_t1731466_e1737270_b20378_c20151003233728541959_noaa_ops.dspace_rad,VNFF_npp_d20151003_t1731466_e1737270_b20378_v21.csv,World_EEZ_v8_2014.shp,WPP_BFAR_merge.shp,KKP_IDN_merge_20161208.shp,VNF-VBD_npp_20120301-20151231_global_asia-enhanced_c201607211230.bitmask,NCEI_NGA.union.nga_lead2.add_2015ntl.mask,timezone.shp,VBD_platforms-recurring_2015_r20170330.shp,0.359032,VBD_bridges_c20160811.shp,9.202956;7.293124;4.987635;0.117751;-4.766567;-9.662423;-14.566307;-12.781590;-10.252750;-5.421471;-0.565886;4.309883,106.389061;120.204430;133.795395;132.636734;131.583801;130.626740;129.763702;115.696312;101.762085;103.094223;104.302101;105.397919,npp_d20151003_t1731466_e1737270_b20378,159.551,113.477,39.9813,98.7154,62.1424,66.7108
736,VBD_npp_d20151003_t1735169_x1121667E_y042951S_l1902_s1246_v23,2017-06-01 16:11:27,-4.295147,112.166695,47.3356,2015-10-03 17:35:16,2015-10-04 00:35:16,1902,1246,0.345868,1,2529,1.01608,0.150728,0.875834,0.4,0.954224,0.75,0.014698,0.0001,7.4124e-17,999999,2.432103e-02,3,Indonesian Exclusive Economic Zone,WPP712,,SVDNB_npp_d20151003_t1731466_e1737270_b20378_c20151003233728467558_noaa_ops.h5,GDNBO_npp_d20151003_t1731466_e1737270_b20378_c20151003233728467298_noaa_ops.h5,SVI04_npp_d20151003_t1731466_e1737270_b20378_c20151003233728541959_noaa_ops.dspace_rad,VNFF_npp_d20151003_t1731466_e1737270_b20378_v21.csv,World_EEZ_v8_2014.shp,WPP_BFAR_merge.shp,KKP_IDN_merge_20161208.shp,VNF-VBD_npp_20120301-20151231_global_asia-enhanced_c201607211230.bitmask,NCEI_NGA.union.nga_lead2.add_2015ntl.mask,timezone.shp,VBD_platforms-recurring_2015_r20170330.shp,999999,VBD_bridges_c20160811.shp,9.202956;7.293124;4.987635;0.117751;-4.766567;-9.662423;-14.566307;-12.781590;-10.252750;-5.421471;-0.565886;4.309883,106.389061;120.204430;133.795395;132.636734;131.583801;130.626740;129.763702;115.696312;101.762085;103.094223;104.302101;105.397919,npp_d20151003_t1731466_e1737270_b20378,159.519,113.747,39.9486,98.724,62.1949,66.6613
737,VBD_npp_d20151003_t1732350_x1143078E_y051742N_l0447_s1248_v23,2017-06-01 16:11:27,5.174194,114.307831,19.883,2015-10-03 17:32:35,2015-10-04 01:32:35,447,1248,0.421694,8,18913,0.765526,0.122251,0.873738,0.4,0.95017,0.75,0.0179028,0.0001,8.72555e-15,999999,1.597795e-01,3,Bruneian Exclusive Economic Zone,,,SVDNB_npp_d20151003_t1731466_e1737270_b20378_c20151003233728467558_noaa_ops.h5,GDNBO_npp_d20151003_t1731466_e1737270_b20378_c20151003233728467298_noaa_ops.h5,SVI04_npp_d20151003_t1731466_e1737270_b20378_c20151003233728541959_noaa_ops.dspace_rad,VNFF_npp_d20151003_t1731466_e1737270_b20378_v21.csv,World_EEZ_v8_2014.shp,WPP_BFAR_merge.shp,KKP_IDN_merge_20161208.shp,VNF-VBD_npp_20120301-20151231_global_asia-enhanced_c201607211230.bitmask,NCEI_NGA.union.nga_lead2.add_2015ntl.mask,timezone.shp,VBD_platforms-recurring_2015_r20170330.shp,0.105486,VBD_bridges_c20160811.shp,9.202956;7.293124;4.987635;0.117751;-4.766567;-9.662423;-14.566307;-12.781590;-10.252750;-5.421471;-0.565886;4.309883,106.389061;120.204430;133.795395;132.636734;131.583801;130.626740;129.763702;115.696312;101.762085;103.094223;104.302101;105.397919,npp_d20151003_t1731466_e1737270_b20378,159.84,87.6096,39.8609,97.7694,57.3804,71.6926
738,VBD_npp_d20151003_t1735187_x1121824E_y043229S_l1906_s1250_v23,2017-06-01 16:11:27,-4.322866,112.182373,49.7255,2015-10-03 17:35:18,2015-10-04 00:35:18,1906,1250,0.334843,1,2529,1.02463,0.167515,0.892637,0.4,0.954017,0.75,0.0147081,0.0001,1.05773e-16,999999,-1.363170e-01,3,Indonesian Exclusive Economic Zone,WPP712,,SVDNB_npp_d20151003_t1731466_e1737270_b20378_c20151003233728467558_noaa_ops.h5,GDNBO_npp_d20151003_t1731466_e1737270_b20378_c20151003233728467298_noaa_ops.h5,SVI04_npp_d20151003_t1731466_e1737270_b20378_c20151003233728541959_noaa_ops.dspace_rad,VNFF_npp_d20151003_t1731466_e1737270_b20378_v21.csv,World_EEZ_v8_2014.shp,WPP_BFAR_merge.shp,KKP_IDN_merge_20161208.shp,VNF-VBD_npp_20120301-20151231_global_asia-enhanced_c201607211230.bitmask,NCEI_NGA.union.nga_lead2.add_2015ntl.mask,timezone.shp,VBD_platforms-recurring_2015_r20170330.shp,999999,VBD_bridges_c20160811.shp,9.202956;7.293124;4.987635;0.117751;-4.766567;-9.662423;-14.566307;-12.781590;-10.252750;-5.421471;-0.565886;4.309883,106.389061;120.204430;133.795395;132.636734;131.583801;130.626740;129.763702;115.696312;101.762085;103.094223;104.302101;105.397919,npp_d20151003_t1731466_e1737270_b20378,159.487,113.789,39.7933,99.6055,62.1849,66.6408
739,VBD_npp_d20151003_t1735204_x1121643E_y044694S_l1928_s1252_v23,2017-06-01 16:11:27,-4.469360,112.164322,28.5233,2015-10-03 17:35:20,2015-10-04 00:35:20,1928,1252,0.336052,1,2529,0.836082,0.153815,0.864633,0.4,0.949079,0.75,0.0146894,0.0001,9.99384e-17,999999,-5.221933e-03,3,Indonesian Exclusive Economic Zone,WPP712,,SVDNB_npp_d20151003_t1731466_e1737270_b20378_c20151003233728467558_noaa_ops.h5,GDNBO_npp_d20151003_t1731466_e1737270_b20378_c20151003233728467298_noaa_ops.h5,SVI04_npp_d20151003_t1731466_e1737270_b20378_c20151003233728541959_noaa_ops.dspace_rad,VNFF_npp_d20151003_t1731466_e1737270_b20378_v21.csv,World_EEZ_v8_2014.shp,WPP_BFAR_merge.shp,KKP_IDN_merge_20161208.shp,VNF-VBD_npp_20120301-20151231_global_asia-enhanced_c201607211230.bitmask,NCEI_NGA.union.nga_lead2.add_2015ntl.mask,timezone.shp,VBD_platforms-recurring_2015_r20170330.shp,999999,VBD_bridges_c20160811.shp,9.202956;7.293124;4.987635;0.117751;-4.766567;-9.662423;-14.566307;-12.781590;-10.252750;-5.421471;-0.565886;4.309883,106.389061;120.204430;133.795395;132.636734;131.583801;130.626740;129.763702;115.696312;101.762085;103.094223;104.302101;105.397919,npp_d20151003_t1731466_e1737270_b20378,159.437,114.158,39.7189,99.1774,62.2536,66.5706
740,VBD_npp_d20151003_t1735151_x1122562E_y041260S_l1875_s1254_v23,2017-06-01 16:11:27,-4.126021,112.256172,29.8882,2015-10-03 17:35:15,2015-10-04 00:35:15,1875,1254,0.281779,1,2529,0.757397,0.155297,0.828343,0.4,0.919166,0.75,0.0147722,0.0001,1.45139e-16,999999,-1.940331e-02,3,Indonesian Exclusive Economic Zone,WPP712,,SVDNB_npp_d20151003_t1731466_e1737270_b20378_c20151003233728467558_noaa_ops.h5,GDNBO_npp_d20151003_t1731466_e1737270_b20378_c20151003233728467298_noaa_ops.h5,SVI04_npp_d20151003_t1731466_e1737270_b20378_c20151003233728541959_noaa_ops.dspace_rad,VNFF_npp_d20151003_t1731466_e1737270_b20378_v21.csv,World_EEZ_v8_2014.shp,WPP_BFAR_merge.shp,KKP_IDN_merge_20161208.shp,VNF-VBD_npp_20120301-20151231_global_asia-enhanced_c201607211230.bitmask,NCEI_NGA.union.nga_lead2.add_2015ntl.mask,timezone.shp,VBD_platforms-recurring_2015_r20170330.shp,999999,VBD_bridges_c20160811.shp,9.202956;7.293124;4.987635;0.117751;-4.766567;-9.662423;-14.566307;-12.781590;-10.252750;-5.421471;-0.565886;4.309883,106.389061;120.204430;133.795395;132.636734;131.583801;130.626740;129.763702;115.696312;101.762085;103.094223;104.302101;105.397919,npp_d20151003_t1731466_e1737270_b20378,159.511,113.239,39.6404,99.5092,62.0514,66.7226
741,VBD_npp_d20151003_t1735151_x1123408E_y042151S_l1886_s1269_v23,2017-06-01 16:11:27,-4.215065,112.340820,12.9539,2015-10-03 17:35:15,2015-10-04 00:35:15,1886,1269,0.274595,8,18913,0.569415,0.157507,0.809461,0.4,0.889136,0.75,0.0148025,0.0001,2.61835e-16,999999,-4.054623e-02,3,Indonesian Exclusive Economic Zone,WPP712,,SVDNB_npp_d20151003_t1731466_e1737270_b20378_c20151003233728467558_noaa_ops.h5,GDNBO_npp_d20151003_t1731466_e1737270_b20378_c20151003233728467298_noaa_ops.h5,SVI04_npp_d20151003_t1731466_e1737270_b20378_c20151003233728541959_noaa_ops.dspace_rad,VNFF_npp_d20151003_t1731466_e1737270_b20378_v21.csv,World_EEZ_v8_2014.shp,WPP_BFAR_merge.shp,KKP_IDN_merge_20161208.shp,VNF-VBD_npp_20120301-20151231_global_asia-enhanced_c201607211230.bitmask,NCEI_NGA.union.nga_lead2.add_2015ntl.mask,timezone.shp,VBD_platforms-recurring_2015_r20170330.shp,0.300171,VBD_bridges_c20160811.shp,9.202956;7.293124;4.987635;0.117751;-4.766567;-9.662423;-14.566307;-12.781590;-10.252750;-5.421471;-0.565886;4.309883,106.389061;120.204430;133.795395;132.636734;131.583801;130.626740;129.763702;115.696312;101.762085;103.094223;104.302101;105.397919,npp_d20151003_t1731466_e1737270_b20378,159.399,113.362,39.0789,98.6947,62.0088,66.6531
742,VBD_npp_d20151003_t1735133_x1123731E_y040990S_l1868_s1270_v23,2017-06-01 16:11:27,-4.098971,112.373131,38.5414,2015-10-03 17:35:13,2015-10-04 00:35:13,1868,1270,0.381363,8,18913,0.984947,0.143094,0.903103,0.4,0.966487,0.75,0.0148499,0.0001,3.00596e-16,999999,9.737500e-02,3,Indonesian Exclusive Economic Zone,WPP712,,SVDNB_npp_d20151003_t1731466_e1737270_b20378_c20151003233728467558_noaa_ops.h5,GDNBO_npp_d20151003_t1731466_e1737270_b20378_c20151003233728467298_noaa_ops.h5,SVI04_npp_d20151003_t1731466_e1737270_b20378_c20151003233728541959_noaa_ops.dspace_rad,VNFF_npp_d20151003_t1731466_e1737270_b20378_v21.csv,World_EEZ_v8_2014.shp,WPP_BFAR_merge.shp,KKP_IDN_merge_20161208.shp,VNF-VBD_npp_20120301-20151231_global_asia-enhanced_c201607211230.bitmask,NCEI_NGA.union.nga_lead2.add_2015ntl.mask,timezone.shp,VBD_platforms-recurring_2015_r20170330.shp,0.431976,VBD_bridges_c20160811.shp,9.202956;7.293124;4.987635;0.117751;-4.766567;-9.662423;-14.566307;-12.781590;-10.252750;-5.421471;-0.565886;4.309883,106.389061;120.204430;133.795395;132.636734;131.583801;130.626740;129.763702;115.696312;101.762085;103.094223;104.302101;105.397919,npp_d20151003_t1731466_e1737270_b20378,159.422,113.05,39.0431,98.828,61.9393,66.7045
743,VBD_npp_d20151003_t1732367_x1144485E_y051004N_l0455_s1272_v23,2017-06-01 16:11:27,5.100380,114.448494,13.2196,2015-10-03 17:32:36,2015-10-04 01:32:36,455,1272,0.417995,11,18913,0.63791,0.135387,0.842095,0.4,0.953205,0.75,0.0179776,0.0001,2.66523e-14,999999,1.935304e-02,3,Bruneian Exclusive Economic Zone,,,SVDNB_npp_d20151003_t1731466_e1737270_b20378_c20151003233728467558_noaa_ops.h5,GDNBO_npp_d20151003_t1731466_e1737270_b20378_c20151003233728467298_noaa_ops.h5,SVI04_npp_d20151003_t1731466_e1737270_b20378_c20151003233728541959_noaa_ops.dspace_rad,VNFF_npp_d20151003_t1731466_e1737270_b20378_v21.csv,World_EEZ_v8_2014.shp,WPP_BFAR_merge.shp,KKP_IDN_merge_20161208.shp,VNF-VBD_npp_20120301-20151231_global_asia-enhanced_c201607211230.bitmask,NCEI_NGA.union.nga_lead2.add_2015ntl.mask,timezone.shp,VBD_platforms-recurring_2015_r20170330.shp,0.172337,VBD_bridges_c20160811.shp,9.202956;7.293124;4.987635;0.117751;-4.766567;-9.662423;-14.566307;-12.781590;-10.252750;-5.421471;-0.565886;4.309883,106.389061;120.204430;133.795395;132.636734;131.583801;130.626740;129.763702;115.696312;101.762085;103.094223;104.302101;105.397919,npp_d20151003_t1731466_e1737270_b20378,159.696,87.8389,38.9566,98.3726,57.2628,71.6289
744,VBD_npp_d20151003_t1735151_x1123732E_y041794S_l1880_s1273_v23,2017-06-01 16:11:27,-4.179356,112.373199,16.1675,2015-10-03 17:35:15,2015-10-04 00:35:15,1880,1273,0.209724,8,18913,0.579029,0.175316,0.818118,0.4,0.866899,0.75,0.0148299,0.0001,3.54029e-16,999999,-2.109724e-01,3,Indonesian Exclusive Economic Zone,WPP712,,SVDNB_npp_d20151003_t1731466_e1737270_b20378_c20151003233728467558_noaa_ops.h5,GDNBO_npp_d20151003_t1731466_e1737270_b20378_c20151003233728467298_noaa_ops.h5,SVI04_npp_d20151003_t1731466_e1737270_b20378_c20151003233728541959_noaa_ops.dspace_rad,VNFF_npp_d20151003_t1731466_e1737270_b20378_v21.csv,World_EEZ_v8_2014.shp,WPP_BFAR_merge.shp,KKP_IDN_merge_20161208.shp,VNF-VBD_npp_20120301-20151231_global_asia-enhanced_c201607211230.bitmask,NCEI_NGA.union.nga_lead2.add_2015ntl.mask,timezone.shp,VBD_platforms-recurring_2015_r20170330.shp,0.523833,VBD_bridges_c20160811.shp,9.202956;7.293124;4.987635;0.117751;-4.766567;-9.662423;-14.566307;-12.781590;-10.252750;-5.421471;-0.565886;4.309883,106.389061;120.204430;133.795395;132.636734;131.583801;130.626740;129.763702;115.696312;101.762085;103.094223;104.302101;105.397919,npp_d20151003_t1731466_e1737270_b20378,159.383,113.238,38.9255,99.1363,61.9647,66.6617
745,VBD_npp_d20151003_t1735222_x1122692E_y046363S_l1950_s1273_v23,2017-06-01 16:11:27,-4.636291,112.269173,35.1761,2015-10-03 17:35:22,2015-10-04 00:35:22,1950,1273,0.361304,1,2529,0.958758,0.153425,0.890931,0.4,0.965258,0.75,0.0147411,0.0001,2.52308e-16,999999,-1.488808e-03,3,Indonesian Exclusive Economic Zone,WPP712,,SVDNB_npp_d20151003_t1731466_e1737270_b20378_c20151003233728467558_noaa_ops.h5,GDNBO_npp_d20151003_t1731466_e1737270_b20378_c20151003233728467298_noaa_ops.h5,SVI04_npp_d20151003_t1731466_e1737270_b20378_c20151003233728541959_noaa_ops.dspace_rad,VNFF_npp_d20151003_t1731466_e1737270_b20378_v21.csv,World_EEZ_v8_2014.shp,WPP_BFAR_merge.shp,KKP_IDN_merge_20161208.shp,VNF-VBD_npp_20120301-20151231_global_asia-enhanced_c201607211230.bitmask,NCEI_NGA.union.nga_lead2.add_2015ntl.mask,timezone.shp,VBD_platforms-recurring_2015_r20170330.shp,999999,VBD_bridges_c20160811.shp,9.202956;7.293124;4.987635;0.117751;-4.766567;-9.662423;-14.566307;-12.781590;-10.252750;-5.421471;-0.565886;4.309883,106.389061;120.204430;133.795395;132.636734;131.583801;130.626740;129.763702;115.696312;101.762085;103.094223;104.302101;105.397919,npp_d20151003_t1731466_e1737270_b20378,159.266,114.431,38.9289,98.7229,62.2174,66.4539
746,VBD_npp_d20151003_t1735240_x1122858E_y047471S_l1966_s1279_v23,2017-06-01 16:11:27,-4.747062,112.285759,31.999,2015-10-03 17:35:24,2015-10-04 00:35:24,1966,1279,0.385631,1,2529,0.929221,0.151513,0.91314,0.4,0.962377,0.75,0.0147443,0.0001,3.28627e-16,999999,1.681249e-02,3,Indonesian Exclusive Economic Zone,WPP712,,SVDNB_npp_d20151003_t1731466_e1737270_b20378_c20151003233728467558_noaa_ops.h5,GDNBO_npp_d20151003_t1731466_e1737270_b20378_c20151003233728467298_noaa_ops.h5,SVI04_npp_d20151003_t1731466_e1737270_b20378_c20151003233728541959_noaa_ops.dspace_rad,VNFF_npp_d20151003_t1731466_e1737270_b20378_v21.csv,World_EEZ_v8_2014.shp,WPP_BFAR_merge.shp,KKP_IDN_merge_20161208.shp,VNF-VBD_npp_20120301-20151231_global_asia-enhanced_c201607211230.bitmask,NCEI_NGA.union.nga_lead2.add_2015ntl.mask,timezone.shp,VBD_platforms-recurring_2015_r20170330.shp,999999,VBD_bridges_c20160811.shp,9.202956;7.293124;4.987635;0.117751;-4.766567;-9.662423;-14.566307;-12.781590;-10.252750;-5.421471;-0.565886;4.309883,106.389061;120.204430;133.795395;132.636734;131.583801;130.626740;129.763702;115.696312;101.762085;103.094223;104.302101;105.397919,npp_d20151003_t1731466_e1737270_b20378,159.199,114.669,38.6879,98.726,62.2402,66.3914
747,VBD_npp_d20151003_t1732421_x1144395E_y047652N_l0505_s1281_v23,2017-06-01 16:11:27,4.765240,114.439476,13.6305,2015-10-03 17:32:42,2015-10-04 01:32:42,505,1281,0.423401,8,18913,0.607642,0.12112,0.821628,0.4,0.911927,0.75,0.0179025,0.0001,3.48779e-14,999999,1.718661e-01,3,Bruneian Exclusive Economic Zone,,,SVDNB_npp_d20151003_t1731466_e1737270_b20378_c20151003233728467558_noaa_ops.h5,GDNBO_npp_d20151003_t1731466_e1737270_b20378_c20151003233728467298_noaa_ops.h5,SVI04_npp_d20151003_t1731466_e1737270_b20378_c20151003233728541959_noaa_ops.dspace_rad,VNFF_npp_d20151003_t1731466_e1737270_b20378_v21.csv,World_EEZ_v8_2014.shp,WPP_BFAR_merge.shp,KKP_IDN_merge_20161208.shp,VNF-VBD_npp_20120301-20151231_global_asia-enhanced_c201607211230.bitmask,NCEI_NGA.union.nga_lead2.add_2015ntl.mask,timezone.shp,VBD_platforms-recurring_2015_r20170330.shp,0.375233,VBD_bridges_c20160811.shp,9.202956;7.293124;4.987635;0.117751;-4.766567;-9.662423;-14.566307;-12.781590;-10.252750;-5.421471;-0.565886;4.309883,106.389061;120.204430;133.795395;132.636734;131.583801;130.626740;129.763702;115.696312;101.762085;103.094223;104.302101;105.397919,npp_d20151003_t1731466_e1737270_b20378,159.693,88.7465,38.5977,98.2542,57.3582,71.417
748,VBD_npp_d20151003_t1735187_x1123813E_y044245S_l1916_s1282_v23,2017-06-01 16:11:27,-4.424487,112.381279,52.7995,2015-10-03 17:35:18,2015-10-04 00:35:18,1916,1282,0.27616,1,2529,1.04832,0.166913,0.872517,0.4,0.945596,0.75,0.0148151,0.0001,4.75958e-16,999999,-1.305538e-01,3,Indonesian Exclusive Economic Zone,WPP712,,SVDNB_npp_d20151003_t1731466_e1737270_b20378_c20151003233728467558_noaa_ops.h5,GDNBO_npp_d20151003_t1731466_e1737270_b20378_c20151003233728467298_noaa_ops.h5,SVI04_npp_d20151003_t1731466_e1737270_b20378_c20151003233728541959_noaa_ops.dspace_rad,VNFF_npp_d20151003_t1731466_e1737270_b20378_v21.csv,World_EEZ_v8_2014.shp,WPP_BFAR_merge.shp,KKP_IDN_merge_20161208.shp,VNF-VBD_npp_20120301-20151231_global_asia-enhanced_c201607211230.bitmask,NCEI_NGA.union.nga_lead2.add_2015ntl.mask,timezone.shp,VBD_platforms-recurring_2015_r20170330.shp,999999,VBD_bridges_c20160811.shp,9.202956;7.293124;4.987635;0.117751;-4.766567;-9.662423;-14.566307;-12.781590;-10.252750;-5.421471;-0.565886;4.309883,106.389061;120.204430;133.795395;132.636734;131.583801;130.626740;129.763702;115.696312;101.762085;103.094223;104.302101;105.397919,npp_d20151003_t1731466_e1737270_b20378,159.264,113.808,38.5664,98.8465,62.0421,66.5313
749,VBD_npp_d20151003_t1735169_x1124163E_y042946S_l1896_s1283_v23,2017-06-01 16:11:27,-4.294554,112.416313,15.06,2015-10-03 17:35:16,2015-10-04 00:35:16,1896,1283,0.221105,8,18913,0.564927,0.173034,0.837118,0.4,0.860413,0.75,0.0148426,0.0001,5.65968e-16,999999,-1.891305e-01,3,Indonesian Exclusive Economic Zone,WPP712,,SVDNB_npp_d20151003_t1731466_e1737270_b20378_c20151003233728467558_noaa_ops.h5,GDNBO_npp_d20151003_t1731466_e1737270_b20378_c20151003233728467298_noaa_ops.h5,SVI04_npp_d20151003_t1731466_e1737270_b20378_c20151003233728541959_noaa_ops.dspace_rad,VNFF_npp_d20151003_t1731466_e1737270_b20378_v21.csv,World_EEZ_v8_2014.shp,WPP_BFAR_merge.shp,KKP_IDN_merge_20161208.shp,VNF-VBD_npp_20120301-20151231_global_asia-enhanced_c201607211230.bitmask,NCEI_NGA.union.nga_lead2.add_2015ntl.mask,timezone.shp,VBD_platforms-recurring_2015_r20170330.shp,0.446109,VBD_bridges_c20160811.shp,9.202956;7.293124;4.987635;0.117751;-4.766567;-9.662423;-14.566307;-12.781590;-10.252750;-5.421471;-0.565886;4.309883,106.389061;120.204430;133.795395;132.636734;131.583801;130.626740;129.763702;115.696312;101.762085;103.094223;104.302101;105.397919,npp_d20151003_t1731466_e1737270_b20378,159.291,113.462,38.5277,99.1398,61.9643,66.5887
750,VBD_npp_d20151003_t1735240_x1123220E_y047390S_l1964_s1284_v23,2017-06-01 16:11:27,-4.738979,112.322021,41.5426,2015-10-03 17:35:24,2015-10-04 00:35:24,1964,1284,0.35732,1,2529,0.939753,0.164146,0.920958,0.4,0.949722,0.75,0.0147652,0.0001,4.44368e-16,999999,-1.040767e-01,3,Indonesian Exclusive Economic Zone,WPP712,,SVDNB_npp_d20151003_t1731466_e1737270_b20378_c20151003233728467558_noaa_ops.h5,GDNBO_npp_d20151003_t1731466_e1737270_b20378_c20151003233728467298_noaa_ops.h5,SVI04_npp_d20151003_t1731466_e1737270_b20378_c20151003233728541959_noaa_ops.dspace_rad,VNFF_npp_d20151003_t1731466_e1737270_b20378_v21.csv,World_EEZ_v8_2014.shp,WPP_BFAR_merge.shp,KKP_IDN_merge_20161208.shp,VNF-VBD_npp_20120301-20151231_global_asia-enhanced_c201607211230.bitmask,NCEI_NGA.union.nga_lead2.add_2015ntl.mask,timezone.shp,VBD_platforms-recurring_2015_r20170330.shp,999999,VBD_bridges_c20160811.shp,9.202956;7.293124;4.987635;0.117751;-4.766567;-9.662423;-14.566307;-12.781590;-10.252750;-5.421471;-0.565886;4.309883,106.389061;120.204430;133.795395;132.636734;131.583801;130.626740;129.763702;115.696312;101.762085;103.094223;104.302101;105.397919,npp_d20151003_t1731466_e1737270_b20378,159.169,114.607,38.4858,98.8747,62.2036,66.3845
751,VBD_npp_d20151003_t1735169_x1124299E_y042968S_l1896_s1285_v23,2017-06-01 16:11:27,-4.296769,112.429871,21.1645,2015-10-03 17:35:16,2015-10-04 00:35:16,1896,1285,0.21577,8,18913,0.662077,0.162128,0.837118,0.4,0.886126,0.75,0.0148501,0.0001,6.28967e-16,999999,-8.476619e-02,3,Indonesian Exclusive Economic Zone,WPP712,,SVDNB_npp_d20151003_t1731466_e1737270_b20378_c20151003233728467558_noaa_ops.h5,GDNBO_npp_d20151003_t1731466_e1737270_b20378_c20151003233728467298_noaa_ops.h5,SVI04_npp_d20151003_t1731466_e1737270_b20378_c20151003233728541959_noaa_ops.dspace_rad,VNFF_npp_d20151003_t1731466_e1737270_b20378_v21.csv,World_EEZ_v8_2014.shp,WPP_BFAR_merge.shp,KKP_IDN_merge_20161208.shp,VNF-VBD_npp_20120301-20151231_global_asia-enhanced_c201607211230.bitmask,NCEI_NGA.union.nga_lead2.add_2015ntl.mask,timezone.shp,VBD_platforms-recurring_2015_r20170330.shp,0.130027,VBD_bridges_c20160811.shp,9.202956;7.293124;4.987635;0.117751;-4.766567;-9.662423;-14.566307;-12.781590;-10.252750;-5.421471;-0.565886;4.309883,106.389061;120.204430;133.795395;132.636734;131.583801;130.626740;129.763702;115.696312;101.762085;103.094223;104.302101;105.397919,npp_d20151003_t1731466_e1737270_b20378,159.278,113.452,38.4473,99.1387,61.9527,66.5836
752,VBD_npp_d20151003_t1735222_x1123668E_y045963S_l1942_s1286_v23,2017-06-01 16:11:27,-4.596344,112.366760,16.6323,2015-10-03 17:35:22,2015-10-04 00:35:22,1942,1286,0.331144,2,2465,0.649069,0.172009,0.796473,0.4,0.738787,0.75,0.0147989,0.0001,5.79615e-16,999999,-1.793249e-01,3,Indonesian Exclusive Economic Zone,WPP712,,SVDNB_npp_d20151003_t1731466_e1737270_b20378_c20151003233728467558_noaa_ops.h5,GDNBO_npp_d20151003_t1731466_e1737270_b20378_c20151003233728467298_noaa_ops.h5,SVI04_npp_d20151003_t1731466_e1737270_b20378_c20151003233728541959_noaa_ops.dspace_rad,VNFF_npp_d20151003_t1731466_e1737270_b20378_v21.csv,World_EEZ_v8_2014.shp,WPP_BFAR_merge.shp,KKP_IDN_merge_20161208.shp,VNF-VBD_npp_20120301-20151231_global_asia-enhanced_c201607211230.bitmask,NCEI_NGA.union.nga_lead2.add_2015ntl.mask,timezone.shp,VBD_platforms-recurring_2015_r20170330.shp,999999,VBD_bridges_c20160811.shp,9.202956;7.293124;4.987635;0.117751;-4.766567;-9.662423;-14.566307;-12.781590;-10.252750;-5.421471;-0.565886;4.309883,106.389061;120.204430;133.795395;132.636734;131.583801;130.626740;129.763702;115.696312;101.762085;103.094223;104.302101;105.397919,npp_d20151003_t1731466_e1737270_b20378,159.194,114.222,38.4032,99.3263,62.1115,66.4448
753,VBD_npp_d20151003_t1735240_x1123390E_y047208S_l1961_s1286_v23,2017-06-01 16:11:27,-4.720844,112.338959,9.51628,2015-10-03 17:35:24,2015-10-04 00:35:24,1961,1286,0.351417,8,18913,0.471551,0.131317,0.901267,0.4,0.870036,0.75,0.0147762,0.0001,5.19701e-16,999999,2.100698e-01,3,Indonesian Exclusive Economic Zone,WPP712,,SVDNB_npp_d20151003_t1731466_e1737270_b20378_c20151003233728467558_noaa_ops.h5,GDNBO_npp_d20151003_t1731466_e1737270_b20378_c20151003233728467298_noaa_ops.h5,SVI04_npp_d20151003_t1731466_e1737270_b20378_c20151003233728541959_noaa_ops.dspace_rad,VNFF_npp_d20151003_t1731466_e1737270_b20378_v21.csv,World_EEZ_v8_2014.shp,WPP_BFAR_merge.shp,KKP_IDN_merge_20161208.shp,VNF-VBD_npp_20120301-20151231_global_asia-enhanced_c201607211230.bitmask,NCEI_NGA.union.nga_lead2.add_2015ntl.mask,timezone.shp,VBD_platforms-recurring_2015_r20170330.shp,0.161638,VBD_bridges_c20160811.shp,9.202956;7.293124;4.987635;0.117751;-4.766567;-9.662423;-14.566307;-12.781590;-10.252750;-5.421471;-0.565886;4.309883,106.389061;120.204430;133.795395;132.636734;131.583801;130.626740;129.763702;115.696312;101.762085;103.094223;104.302101;105.397919,npp_d20151003_t1731466_e1737270_b20378,159.161,114.543,38.4044,99.1041,62.1807,66.3885
754,VBD_npp_d20151003_t1735258_x1123196E_y047907S_l1972_s1286_v23,2017-06-01 16:11:27,-4.790673,112.319649,70.6909,2015-10-03 17:35:25,2015-10-04 00:35:25,1972,1286,0.378162,1,2529,1.15692,0.151852,0.918219,0.4,0.960909,0.75,0.0147631,0.0001,5.30479e-16,999999,1.356639e-02,3,Indonesian Exclusive Economic Zone,WPP712,,SVDNB_npp_d20151003_t1731466_e1737270_b20378_c20151003233728467558_noaa_ops.h5,GDNBO_npp_d20151003_t1731466_e1737270_b20378_c20151003233728467298_noaa_ops.h5,SVI04_npp_d20151003_t1731466_e1737270_b20378_c20151003233728541959_noaa_ops.dspace_rad,VNFF_npp_d20151003_t1731466_e1737270_b20378_v21.csv,World_EEZ_v8_2014.shp,WPP_BFAR_merge.shp,KKP_IDN_merge_20161208.shp,VNF-VBD_npp_20120301-20151231_global_asia-enhanced_c201607211230.bitmask,NCEI_NGA.union.nga_lead2.add_2015ntl.mask,timezone.shp,VBD_platforms-recurring_2015_r20170330.shp,999999,VBD_bridges_c20160811.shp,9.202956;7.293124;4.987635;0.117751;-4.766567;-9.662423;-14.566307;-12.781590;-10.252750;-5.421471;-0.565886;4.309883,106.389061;120.204430;133.795395;132.636734;131.583801;130.626740;129.763702;115.696312;101.762085;103.094223;104.302101;105.397919,npp_d20151003_t1731466_e1737270_b20378,159.143,114.724,38.4077,99.5023,62.2201,66.3572
755,VBD_npp_d20151003_t1732367_x1145424E_y050313N_l0463_s1287_v23,2017-06-01 16:11:27,5.031268,114.542427,2.3766,2015-10-03 17:32:36,2015-10-04 01:32:36,463,1287,0.42084,1,2529,0.187932,0.140921,0.598028,0.4,0.856317,0.75,0.0180178,0.0001,4.82167e-14,999999,-3.980854e-02,3,Bruneian Exclusive Economic Zone,,,SVDNB_npp_d20151003_t1731466_e1737270_b20378_c20151003233728467558_noaa_ops.h5,GDNBO_npp_d20151003_t1731466_e1737270_b20378_c20151003233728467298_noaa_ops.h5,SVI04_npp_d20151003_t1731466_e1737270_b20378_c20151003233728541959_noaa_ops.dspace_rad,VNFF_npp_d20151003_t1731466_e1737270_b20378_v21.csv,World_EEZ_v8_2014.shp,WPP_BFAR_merge.shp,KKP_IDN_merge_20161208.shp,VNF-VBD_npp_20120301-20151231_global_asia-enhanced_c201607211230.bitmask,NCEI_NGA.union.nga_lead2.add_2015ntl.mask,timezone.shp,VBD_platforms-recurring_2015_r20170330.shp,999999,VBD_bridges_c20160811.shp,9.202956;7.293124;4.987635;0.117751;-4.766567;-9.662423;-14.566307;-12.781590;-10.252750;-5.421471;-0.565886;4.309883,106.389061;120.204430;133.795395;132.636734;131.583801;130.626740;129.763702;115.696312;101.762085;103.094223;104.302101;105.397919,npp_d20151003_t1731466_e1737270_b20378,159.605,88.0425,38.3571,97.767,57.1952,71.5741
756,VBD_npp_d20151003_t1735258_x1123219E_y048189S_l1976_s1287_v23,2017-06-01 16:11:27,-4.818899,112.321922,22.1872,2015-10-03 17:35:25,2015-10-04 00:35:25,1976,1287,0.385915,1,2529,0.75155,0.149832,0.902892,0.4,0.933895,0.75,0.014762,0.0001,5.23365e-16,999999,3.289756e-02,3,Indonesian Exclusive Economic Zone,WPP712,,SVDNB_npp_d20151003_t1731466_e1737270_b20378_c20151003233728467558_noaa_ops.h5,GDNBO_npp_d20151003_t1731466_e1737270_b20378_c20151003233728467298_noaa_ops.h5,SVI04_npp_d20151003_t1731466_e1737270_b20378_c20151003233728541959_noaa_ops.dspace_rad,VNFF_npp_d20151003_t1731466_e1737270_b20378_v21.csv,World_EEZ_v8_2014.shp,WPP_BFAR_merge.shp,KKP_IDN_merge_20161208.shp,VNF-VBD_npp_20120301-20151231_global_asia-enhanced_c201607211230.bitmask,NCEI_NGA.union.nga_lead2.add_2015ntl.mask,timezone.shp,VBD_platforms-recurring_2015_r20170330.shp,999999,VBD_bridges_c20160811.shp,9.202956;7.293124;4.987635;0.117751;-4.766567;-9.662423;-14.566307;-12.781590;-10.252750;-5.421471;-0.565886;4.309883,106.389061;120.204430;133.795395;132.636734;131.583801;130.626740;129.763702;115.696312;101.762085;103.094223;104.302101;105.397919,npp_d20151003_t1731466_e1737270_b20378,159.129,114.789,38.3677,99.1936,62.2294,66.3424
757,VBD_npp_d20151003_t1735151_x1124797E_y041689S_l1876_s1288_v23,2017-06-01 16:11:27,-4.168929,112.479683,30.0902,2015-10-03 17:35:15,2015-10-04 00:35:15,1876,1288,0.35163,1,2529,0.854946,0.149613,0.858013,0.4,0.942055,0.75,0.0148961,0.0001,8.37293e-16,999999,3.498721e-02,3,Indonesian Exclusive Economic Zone,WPP712,,SVDNB_npp_d20151003_t1731466_e1737270_b20378_c20151003233728467558_noaa_ops.h5,GDNBO_npp_d20151003_t1731466_e1737270_b20378_c20151003233728467298_noaa_ops.h5,SVI04_npp_d20151003_t1731466_e1737270_b20378_c20151003233728541959_noaa_ops.dspace_rad,VNFF_npp_d20151003_t1731466_e1737270_b20378_v21.csv,World_EEZ_v8_2014.shp,WPP_BFAR_merge.shp,KKP_IDN_merge_20161208.shp,VNF-VBD_npp_20120301-20151231_global_asia-enhanced_c201607211230.bitmask,NCEI_NGA.union.nga_lead2.add_2015ntl.mask,timezone.shp,VBD_platforms-recurring_2015_r20170330.shp,999999,VBD_bridges_c20160811.shp,9.202956;7.293124;4.987635;0.117751;-4.766567;-9.662423;-14.566307;-12.781590;-10.252750;-5.421471;-0.565886;4.309883,106.389061;120.204430;133.795395;132.636734;131.583801;130.626740;129.763702;115.696312;101.762085;103.094223;104.302101;105.397919,npp_d20151003_t1731466_e1737270_b20378,159.29,113.094,38.3215,99.437,61.8622,66.636
758,VBD_npp_d20151003_t1735240_x1123525E_y047648S_l1967_s1289_v23,2017-06-01 16:11:27,-4.764772,112.352486,66.9201,2015-10-03 17:35:24,2015-10-04 00:35:24,1967,1289,0.356182,1,2529,1.10826,0.151311,0.927235,0.4,0.963718,0.75,0.0147801,0.0001,5.50508e-16,999999,1.874087e-02,3,Indonesian Exclusive Economic Zone,WPP712,,SVDNB_npp_d20151003_t1731466_e1737270_b20378_c20151003233728467558_noaa_ops.h5,GDNBO_npp_d20151003_t1731466_e1737270_b20378_c20151003233728467298_noaa_ops.h5,SVI04_npp_d20151003_t1731466_e1737270_b20378_c20151003233728541959_noaa_ops.dspace_rad,VNFF_npp_d20151003_t1731466_e1737270_b20378_v21.csv,World_EEZ_v8_2014.shp,WPP_BFAR_merge.shp,KKP_IDN_merge_20161208.shp,VNF-VBD_npp_20120301-20151231_global_asia-enhanced_c201607211230.bitmask,NCEI_NGA.union.nga_lead2.add_2015ntl.mask,timezone.shp,VBD_platforms-recurring_2015_r20170330.shp,999999,VBD_bridges_c20160811.shp,9.202956;7.293124;4.987635;0.117751;-4.766567;-9.662423;-14.566307;-12.781590;-10.252750;-5.421471;-0.565886;4.309883,106.389061;120.204430;133.795395;132.636734;131.583801;130.626740;129.763702;115.696312;101.762085;103.094223;104.302101;105.397919,npp_d20151003_t1731466_e1737270_b20378,159.131,114.632,38.2862,98.6386,62.186,66.3624
759,VBD_npp_d20151003_t1732314_x1146470E_y053597N_l0412_s1292_v23,2017-06-01 16:11:27,5.359711,114.647003,2.9453,2015-10-03 17:32:31,2015-10-04 01:32:31,412,1292,0.42333,8,51681,0.190672,0.147925,0.682255,0.4,0.765775,0.75,0.0181486,0.0001,7.01652e-14,999999,-1.146789e-01,3,Bruneian Exclusive Economic Zone,,,SVDNB_npp_d20151003_t1731466_e1737270_b20378_c20151003233728467558_noaa_ops.h5,GDNBO_npp_d20151003_t1731466_e1737270_b20378_c20151003233728467298_noaa_ops.h5,SVI04_npp_d20151003_t1731466_e1737270_b20378_c20151003233728541959_noaa_ops.dspace_rad,VNFF_npp_d20151003_t1731466_e1737270_b20378_v21.csv,World_EEZ_v8_2014.shp,WPP_BFAR_merge.shp,KKP_IDN_merge_20161208.shp,VNF-VBD_npp_20120301-20151231_global_asia-enhanced_c201607211230.bitmask,NCEI_NGA.union.nga_lead2.add_2015ntl.mask,timezone.shp,VBD_platforms-recurring_2015_r20170330.shp,0.20059,VBD_bridges_c20160811.shp,9.202956;7.293124;4.987635;0.117751;-4.766567;-9.662423;-14.566307;-12.781590;-10.252750;-5.421471;-0.565886;4.309883,106.389061;120.204430;133.795395;132.636734;131.583801;130.626740;129.763702;115.696312;101.762085;103.094223;104.302101;105.397919,npp_d20151003_t1731466_e1737270_b20378,159.509,87.1787,38.1563,97.9768,57.0117,71.7721
760,VBD_npp_d20151003_t1735169_x1124805E_y042842S_l1893_s1292_v23,2017-06-01 16:11:27,-4.284208,112.480453,15.7118,2015-10-03 17:35:16,2015-10-04 00:35:16,1893,1292,0.340605,1,2529,0.590214,0.143129,0.896075,0.4,0.867785,0.75,0.0148797,0.0001,9.52157e-16,999999,9.704089e-02,3,Indonesian Exclusive Economic Zone,WPP712,,SVDNB_npp_d20151003_t1731466_e1737270_b20378_c20151003233728467558_noaa_ops.h5,GDNBO_npp_d20151003_t1731466_e1737270_b20378_c20151003233728467298_noaa_ops.h5,SVI04_npp_d20151003_t1731466_e1737270_b20378_c20151003233728541959_noaa_ops.dspace_rad,VNFF_npp_d20151003_t1731466_e1737270_b20378_v21.csv,World_EEZ_v8_2014.shp,WPP_BFAR_merge.shp,KKP_IDN_merge_20161208.shp,VNF-VBD_npp_20120301-20151231_global_asia-enhanced_c201607211230.bitmask,NCEI_NGA.union.nga_lead2.add_2015ntl.mask,timezone.shp,VBD_platforms-recurring_2015_r20170330.shp,999999,VBD_bridges_c20160811.shp,9.202956;7.293124;4.987635;0.117751;-4.766567;-9.662423;-14.566307;-12.781590;-10.252750;-5.421471;-0.565886;4.309883,106.389061;120.204430;133.795395;132.636734;131.583801;130.626740;129.763702;115.696312;101.762085;103.094223;104.302101;105.397919,npp_d20151003_t1731466_e1737270_b20378,159.237,113.365,38.1656,99.3673,61.901,66.5751
761,VBD_npp_d20151003_t1735187_x1124467E_y044489S_l1918_s1292_v23,2017-06-01 16:11:27,-4.448937,112.446663,26.094,2015-10-03 17:35:18,2015-10-04 00:35:18,1918,1292,0.257026,1,2529,0.807346,0.149149,0.858647,0.4,0.935833,0.75,0.0148498,0.0001,7.79137e-16,999999,3.943238e-02,3,Indonesian Exclusive Economic Zone,WPP712,,SVDNB_npp_d20151003_t1731466_e1737270_b20378_c20151003233728467558_noaa_ops.h5,GDNBO_npp_d20151003_t1731466_e1737270_b20378_c20151003233728467298_noaa_ops.h5,SVI04_npp_d20151003_t1731466_e1737270_b20378_c20151003233728541959_noaa_ops.dspace_rad,VNFF_npp_d20151003_t1731466_e1737270_b20378_v21.csv,World_EEZ_v8_2014.shp,WPP_BFAR_merge.shp,KKP_IDN_merge_20161208.shp,VNF-VBD_npp_20120301-20151231_global_asia-enhanced_c201607211230.bitmask,NCEI_NGA.union.nga_lead2.add_2015ntl.mask,timezone.shp,VBD_platforms-recurring_2015_r20170330.shp,999999,VBD_bridges_c20160811.shp,9.202956;7.293124;4.987635;0.117751;-4.766567;-9.662423;-14.566307;-12.781590;-10.252750;-5.421471;-0.565886;4.309883,106.389061;120.204430;133.795395;132.636734;131.583801;130.626740;129.763702;115.696312;101.762085;103.094223;104.302101;105.397919,npp_d20151003_t1731466_e1737270_b20378,159.195,113.793,38.1653,98.6832,61.9917,66.4996
762,VBD_npp_d20151003_t1735151_x1125011E_y042488S_l1887_s1293_v23,2017-06-01 16:11:27,-4.248807,112.501114,26.6281,2015-10-03 17:35:15,2015-10-04 00:35:15,1887,1293,0.35732,1,2529,0.758398,0.143169,0.889549,0.4,0.910297,0.75,0.0148906,0.0001,9.07178e-16,999999,9.665694e-02,3,Indonesian Exclusive Economic Zone,WPP712,,SVDNB_npp_d20151003_t1731466_e1737270_b20378_c20151003233728467558_noaa_ops.h5,GDNBO_npp_d20151003_t1731466_e1737270_b20378_c20151003233728467298_noaa_ops.h5,SVI04_npp_d20151003_t1731466_e1737270_b20378_c20151003233728541959_noaa_ops.dspace_rad,VNFF_npp_d20151003_t1731466_e1737270_b20378_v21.csv,World_EEZ_v8_2014.shp,WPP_BFAR_merge.shp,KKP_IDN_merge_20161208.shp,VNF-VBD_npp_20120301-20151231_global_asia-enhanced_c201607211230.bitmask,NCEI_NGA.union.nga_lead2.add_2015ntl.mask,timezone.shp,VBD_platforms-recurring_2015_r20170330.shp,999999,VBD_bridges_c20160811.shp,9.202956;7.293124;4.987635;0.117751;-4.766567;-9.662423;-14.566307;-12.781590;-10.252750;-5.421471;-0.565886;4.309883,106.389061;120.204430;133.795395;132.636734;131.583801;130.626740;129.763702;115.696312;101.762085;103.094223;104.302101;105.397919,npp_d20151003_t1731466_e1737270_b20378,159.239,113.265,38.1233,98.5828,61.8744,66.5891
763,VBD_npp_d20151003_t1735169_x1124838E_y043056S_l1896_s1293_v23,2017-06-01 16:11:27,-4.305585,112.483841,24.2457,2015-10-03 17:35:16,2015-10-04 00:35:16,1896,1293,0.343094,8,18913,0.742422,0.145048,0.880616,0.4,0.91709,0.75,0.0148799,0.0001,9.55115e-16,999999,7.867125e-02,3,Indonesian Exclusive Economic Zone,WPP712,,SVDNB_npp_d20151003_t1731466_e1737270_b20378_c20151003233728467558_noaa_ops.h5,GDNBO_npp_d20151003_t1731466_e1737270_b20378_c20151003233728467298_noaa_ops.h5,SVI04_npp_d20151003_t1731466_e1737270_b20378_c20151003233728541959_noaa_ops.dspace_rad,VNFF_npp_d20151003_t1731466_e1737270_b20378_v21.csv,World_EEZ_v8_2014.shp,WPP_BFAR_merge.shp,KKP_IDN_merge_20161208.shp,VNF-VBD_npp_20120301-20151231_global_asia-enhanced_c201607211230.bitmask,NCEI_NGA.union.nga_lead2.add_2015ntl.mask,timezone.shp,VBD_platforms-recurring_2015_r20170330.shp,0.919986,VBD_bridges_c20160811.shp,9.202956;7.293124;4.987635;0.117751;-4.766567;-9.662423;-14.566307;-12.781590;-10.252750;-5.421471;-0.565886;4.309883,106.389061;120.204430;133.795395;132.636734;131.583801;130.626740;129.763702;115.696312;101.762085;103.094223;104.302101;105.397919,npp_d20151003_t1731466_e1737270_b20378,159.225,113.413,38.1257,99.1343,61.9065,66.5633
764,VBD_npp_d20151003_t1735240_x1123884E_y047567S_l1965_s1294_v23,2017-06-01 16:11:27,-4.756680,112.388412,60.9005,2015-10-03 17:35:24,2015-10-04 00:35:24,1965,1294,0.362086,1,2529,1.07634,0.123391,0.925886,0.4,0.956624,0.75,0.0148011,0.0001,7.40091e-16,999999,2.859115e-01,3,Indonesian Exclusive Economic Zone,WPP712,,SVDNB_npp_d20151003_t1731466_e1737270_b20378_c20151003233728467558_noaa_ops.h5,GDNBO_npp_d20151003_t1731466_e1737270_b20378_c20151003233728467298_noaa_ops.h5,SVI04_npp_d20151003_t1731466_e1737270_b20378_c20151003233728541959_noaa_ops.dspace_rad,VNFF_npp_d20151003_t1731466_e1737270_b20378_v21.csv,World_EEZ_v8_2014.shp,WPP_BFAR_merge.shp,KKP_IDN_merge_20161208.shp,VNF-VBD_npp_20120301-20151231_global_asia-enhanced_c201607211230.bitmask,NCEI_NGA.union.nga_lead2.add_2015ntl.mask,timezone.shp,VBD_platforms-recurring_2015_r20170330.shp,999999,VBD_bridges_c20160811.shp,9.202956;7.293124;4.987635;0.117751;-4.766567;-9.662423;-14.566307;-12.781590;-10.252750;-5.421471;-0.565886;4.309883,106.389061;120.204430;133.795395;132.636734;131.583801;130.626740;129.763702;115.696312;101.762085;103.094223;104.302101;105.397919,npp_d20151003_t1731466_e1737270_b20378,159.102,114.571,38.0842,98.7884,62.1496,66.3557
765,VBD_npp_d20151003_t1732314_x1146800E_y053963N_l0406_s1296_v23,2017-06-01 16:11:27,5.396285,114.679970,7.48537,2015-10-03 17:32:31,2015-10-04 01:32:31,406,1296,0.419418,8,51681,0.398064,0.125576,0.84719,0.4,0.853376,0.75,0.0181771,0.0001,8.96975e-14,999999,1.242374e-01,3,Bruneian Exclusive Economic Zone,,,SVDNB_npp_d20151003_t1731466_e1737270_b20378_c20151003233728467558_noaa_ops.h5,GDNBO_npp_d20151003_t1731466_e1737270_b20378_c20151003233728467298_noaa_ops.h5,SVI04_npp_d20151003_t1731466_e1737270_b20378_c20151003233728541959_noaa_ops.dspace_rad,VNFF_npp_d20151003_t1731466_e1737270_b20378_v21.csv,World_EEZ_v8_2014.shp,WPP_BFAR_merge.shp,KKP_IDN_merge_20161208.shp,VNF-VBD_npp_20120301-20151231_global_asia-enhanced_c201607211230.bitmask,NCEI_NGA.union.nga_lead2.add_2015ntl.mask,timezone.shp,VBD_platforms-recurring_2015_r20170330.shp,0.930346,VBD_bridges_c20160811.shp,9.202956;7.293124;4.987635;0.117751;-4.766567;-9.662423;-14.566307;-12.781590;-10.252750;-5.421471;-0.565886;4.309883,106.389061;120.204430;133.795395;132.636734;131.583801;130.626740;129.763702;115.696312;101.762085;103.094223;104.302101;105.397919,npp_d20151003_t1731466_e1737270_b20378,159.475,87.0885,37.9943,98.4455,56.9687,71.7916
766,VBD_npp_d20151003_t1735169_x1125106E_y042684S_l1890_s1296_v23,2017-06-01 16:11:27,-4.268386,112.510612,36.7308,2015-10-03 17:35:16,2015-10-04 00:35:16,1890,1296,0.361944,8,18913,0.911628,0.161015,0.885523,0.4,0.933763,0.75,0.0148982,0.0001,1.22807e-15,999999,-7.411686e-02,3,Indonesian Exclusive Economic Zone,WPP712,,SVDNB_npp_d20151003_t1731466_e1737270_b20378_c20151003233728467558_noaa_ops.h5,GDNBO_npp_d20151003_t1731466_e1737270_b20378_c20151003233728467298_noaa_ops.h5,SVI04_npp_d20151003_t1731466_e1737270_b20378_c20151003233728541959_noaa_ops.dspace_rad,VNFF_npp_d20151003_t1731466_e1737270_b20378_v21.csv,World_EEZ_v8_2014.shp,WPP_BFAR_merge.shp,KKP_IDN_merge_20161208.shp,VNF-VBD_npp_20120301-20151231_global_asia-enhanced_c201607211230.bitmask,NCEI_NGA.union.nga_lead2.add_2015ntl.mask,timezone.shp,VBD_platforms-recurring_2015_r20170330.shp,0.31684,VBD_bridges_c20160811.shp,9.202956;7.293124;4.987635;0.117751;-4.766567;-9.662423;-14.566307;-12.781590;-10.252750;-5.421471;-0.565886;4.309883,106.389061;120.204430;133.795395;132.636734;131.583801;130.626740;129.763702;115.696312;101.762085;103.094223;104.302101;105.397919,npp_d20151003_t1731466_e1737270_b20378,159.215,113.293,38.0052,99.5992,61.8669,66.5743
767,VBD_npp_d20151003_t1735240_x1124074E_y047251S_l1960_s1296_v23,2017-06-01 16:11:27,-4.725115,112.407425,50.5715,2015-10-03 17:35:24,2015-10-04 00:35:24,1960,1296,0.340249,1,2529,1.00404,0.145391,0.918179,0.4,0.942872,0.75,0.0148145,0.0001,8.92255e-16,999999,7.538939e-02,3,Indonesian Exclusive Economic Zone,WPP712,,SVDNB_npp_d20151003_t1731466_e1737270_b20378_c20151003233728467558_noaa_ops.h5,GDNBO_npp_d20151003_t1731466_e1737270_b20378_c20151003233728467298_noaa_ops.h5,SVI04_npp_d20151003_t1731466_e1737270_b20378_c20151003233728541959_noaa_ops.dspace_rad,VNFF_npp_d20151003_t1731466_e1737270_b20378_v21.csv,World_EEZ_v8_2014.shp,WPP_BFAR_merge.shp,KKP_IDN_merge_20161208.shp,VNF-VBD_npp_20120301-20151231_global_asia-enhanced_c201607211230.bitmask,NCEI_NGA.union.nga_lead2.add_2015ntl.mask,timezone.shp,VBD_platforms-recurring_2015_r20170330.shp,999999,VBD_bridges_c20160811.shp,9.202956;7.293124;4.987635;0.117751;-4.766567;-9.662423;-14.566307;-12.781590;-10.252750;-5.421471;-0.565886;4.309883,106.389061;120.204430;133.795395;132.636734;131.583801;130.626740;129.763702;115.696312;101.762085;103.094223;104.302101;105.397919,npp_d20151003_t1731466_e1737270_b20378,159.097,114.474,38.0023,99.1752,62.1194,66.3658
768,VBD_npp_d20151003_t1735240_x1123996E_y047723S_l1967_s1296_v23,2017-06-01 16:11:27,-4.772343,112.399597,62.2868,2015-10-03 17:35:24,2015-10-04 00:35:24,1967,1296,0.361375,1,2529,1.07703,0.1358,0.925303,0.4,0.960361,0.75,0.0148061,0.0001,7.94195e-16,999999,1.671725e-01,3,Indonesian Exclusive Economic Zone,WPP712,,SVDNB_npp_d20151003_t1731466_e1737270_b20378_c20151003233728467558_noaa_ops.h5,GDNBO_npp_d20151003_t1731466_e1737270_b20378_c20151003233728467298_noaa_ops.h5,SVI04_npp_d20151003_t1731466_e1737270_b20378_c20151003233728541959_noaa_ops.dspace_rad,VNFF_npp_d20151003_t1731466_e1737270_b20378_v21.csv,World_EEZ_v8_2014.shp,WPP_BFAR_merge.shp,KKP_IDN_merge_20161208.shp,VNF-VBD_npp_20120301-20151231_global_asia-enhanced_c201607211230.bitmask,NCEI_NGA.union.nga_lead2.add_2015ntl.mask,timezone.shp,VBD_platforms-recurring_2015_r20170330.shp,999999,VBD_bridges_c20160811.shp,9.202956;7.293124;4.987635;0.117751;-4.766567;-9.662423;-14.566307;-12.781590;-10.252750;-5.421471;-0.565886;4.309883,106.389061;120.204430;133.795395;132.636734;131.583801;130.626740;129.763702;115.696312;101.762085;103.094223;104.302101;105.397919,npp_d20151003_t1731466_e1737270_b20378,159.085,114.595,38.005,98.631,62.1457,66.3444
769,VBD_npp_d20151003_t1732350_x1146376E_y051597N_l0442_s1297_v23,2017-06-01 16:11:27,5.159667,114.637566,4.42453,2015-10-03 17:32:35,2015-10-04 01:32:35,442,1297,0.398648,7,51617,0.22945,0.149455,0.579186,0.4,0.722254,0.75,0.0181022,0.0001,8.31235e-14,999999,-1.310392e-01,3,,,,SVDNB_npp_d20151003_t1731466_e1737270_b20378_c20151003233728467558_noaa_ops.h5,GDNBO_npp_d20151003_t1731466_e1737270_b20378_c20151003233728467298_noaa_ops.h5,SVI04_npp_d20151003_t1731466_e1737270_b20378_c20151003233728541959_noaa_ops.dspace_rad,VNFF_npp_d20151003_t1731466_e1737270_b20378_v21.csv,World_EEZ_v8_2014.shp,WPP_BFAR_merge.shp,KKP_IDN_merge_20161208.shp,VNF-VBD_npp_20120301-20151231_global_asia-enhanced_c201607211230.bitmask,NCEI_NGA.union.nga_lead2.add_2015ntl.mask,timezone.shp,VBD_platforms-recurring_2015_r20170330.shp,0.491578,VBD_bridges_c20160811.shp,9.202956;7.293124;4.987635;0.117751;-4.766567;-9.662423;-14.566307;-12.781590;-10.252750;-5.421471;-0.565886;4.309883,106.389061;120.204430;133.795395;132.636734;131.583801;130.626740;129.763702;115.696312;101.762085;103.094223;104.302101;105.397919,npp_d20151003_t1731466_e1737270_b20378,159.513,87.7147,37.9533,98.1509,57.0704,71.6446
770,VBD_npp_d20151003_t1732296_x1147131E_y054299N_l0400_s1299_v23,2017-06-01 16:11:27,5.429949,114.713112,900.875,2015-10-03 17:32:29,2015-10-04 01:32:29,400,1299,0.457473,4,100845,1.69172,0.10839,0.855373,0.4,0.978872,0.75,0.0182018,0.0001,9.51974e-14,999999,3.079547e-01,3,Malaysian Exclusive Economic Zone,,,SVDNB_npp_d20151003_t1731466_e1737270_b20378_c20151003233728467558_noaa_ops.h5,GDNBO_npp_d20151003_t1731466_e1737270_b20378_c20151003233728467298_noaa_ops.h5,SVI04_npp_d20151003_t1731466_e1737270_b20378_c20151003233728541959_noaa_ops.dspace_rad,VNFF_npp_d20151003_t1731466_e1737270_b20378_v21.csv,World_EEZ_v8_2014.shp,WPP_BFAR_merge.shp,KKP_IDN_merge_20161208.shp,VNF-VBD_npp_20120301-20151231_global_asia-enhanced_c201607211230.bitmask,NCEI_NGA.union.nga_lead2.add_2015ntl.mask,timezone.shp,VBD_platforms-recurring_2015_r20170330.shp,999999,VBD_bridges_c20160811.shp,9.202956;7.293124;4.987635;0.117751;-4.766567;-9.662423;-14.566307;-12.781590;-10.252750;-5.421471;-0.565886;4.309883,106.389061;120.204430;133.795395;132.636734;131.583801;130.626740;129.763702;115.696312;101.762085;103.094223;104.302101;105.397919,npp_d20151003_t1731466_e1737270_b20378,159.447,87.0047,37.8742,97.6563,56.9333,71.8101
771,VBD_npp_d20151003_t1732350_x1146540E_y051779N_l0439_s1299_v23,2017-06-01 16:11:27,5.177917,114.653984,5.83518,2015-10-03 17:32:35,2015-10-04 01:32:35,439,1299,0.413656,7,51617,0.203341,0.163416,0.597398,0.4,0.628466,0.75,0.0181165,0.0001,9.39461e-14,999999,-2.802819e-01,3,,,,SVDNB_npp_d20151003_t1731466_e1737270_b20378_c20151003233728467558_noaa_ops.h5,GDNBO_npp_d20151003_t1731466_e1737270_b20378_c20151003233728467298_noaa_ops.h5,SVI04_npp_d20151003_t1731466_e1737270_b20378_c20151003233728541959_noaa_ops.dspace_rad,VNFF_npp_d20151003_t1731466_e1737270_b20378_v21.csv,World_EEZ_v8_2014.shp,WPP_BFAR_merge.shp,KKP_IDN_merge_20161208.shp,VNF-VBD_npp_20120301-20151231_global_asia-enhanced_c201607211230.bitmask,NCEI_NGA.union.nga_lead2.add_2015ntl.mask,timezone.shp,VBD_platforms-recurring_2015_r20170330.shp,0.547606,VBD_bridges_c20160811.shp,9.202956;7.293124;4.987635;0.117751;-4.766567;-9.662423;-14.566307;-12.781590;-10.252750;-5.421471;-0.565886;4.309883,106.389061;120.204430;133.795395;132.636734;131.583801;130.626740;129.763702;115.696312;101.762085;103.094223;104.302101;105.397919,npp_d20151003_t1731466_e1737270_b20378,159.496,87.6692,37.8725,98.3862,57.0489,71.6542
772,VBD_npp_d20151003_t1735240_x1124253E_y047419S_l1962_s1299_v23,2017-06-01 16:11:27,-4.741883,112.425262,24.6507,2015-10-03 17:35:24,2015-10-04 00:35:24,1962,1299,0.346366,8,18913,0.725307,0.152391,0.914546,0.4,0.909211,0.75,0.0148233,0.0001,1.00814e-15,999999,8.408241e-03,3,Indonesian Exclusive Economic Zone,WPP712,,SVDNB_npp_d20151003_t1731466_e1737270_b20378_c20151003233728467558_noaa_ops.h5,GDNBO_npp_d20151003_t1731466_e1737270_b20378_c20151003233728467298_noaa_ops.h5,SVI04_npp_d20151003_t1731466_e1737270_b20378_c20151003233728541959_noaa_ops.dspace_rad,VNFF_npp_d20151003_t1731466_e1737270_b20378_v21.csv,World_EEZ_v8_2014.shp,WPP_BFAR_merge.shp,KKP_IDN_merge_20161208.shp,VNF-VBD_npp_20120301-20151231_global_asia-enhanced_c201607211230.bitmask,NCEI_NGA.union.nga_lead2.add_2015ntl.mask,timezone.shp,VBD_platforms-recurring_2015_r20170330.shp,0.658697,VBD_bridges_c20160811.shp,9.202956;7.293124;4.987635;0.117751;-4.766567;-9.662423;-14.566307;-12.781590;-10.252750;-5.421471;-0.565886;4.309883,106.389061;120.204430;133.795395;132.636734;131.583801;130.626740;129.763702;115.696312;101.762085;103.094223;104.302101;105.397919,npp_d20151003_t1731466_e1737270_b20378,159.074,114.493,37.8823,99.0175,62.1097,66.352
773,VBD_npp_d20151003_t1735240_x1124197E_y047756S_l1967_s1299_v23,2017-06-01 16:11:27,-4.775572,112.419685,31.8587,2015-10-03 17:35:24,2015-10-04 00:35:24,1967,1299,0.353124,1,2529,0.833108,0.138591,0.919731,0.4,0.932079,0.75,0.0148173,0.0001,9.27751e-16,999999,1.404577e-01,3,Indonesian Exclusive Economic Zone,WPP712,,SVDNB_npp_d20151003_t1731466_e1737270_b20378_c20151003233728467558_noaa_ops.h5,GDNBO_npp_d20151003_t1731466_e1737270_b20378_c20151003233728467298_noaa_ops.h5,SVI04_npp_d20151003_t1731466_e1737270_b20378_c20151003233728541959_noaa_ops.dspace_rad,VNFF_npp_d20151003_t1731466_e1737270_b20378_v21.csv,World_EEZ_v8_2014.shp,WPP_BFAR_merge.shp,KKP_IDN_merge_20161208.shp,VNF-VBD_npp_20120301-20151231_global_asia-enhanced_c201607211230.bitmask,NCEI_NGA.union.nga_lead2.add_2015ntl.mask,timezone.shp,VBD_platforms-recurring_2015_r20170330.shp,999999,VBD_bridges_c20160811.shp,9.202956;7.293124;4.987635;0.117751;-4.766567;-9.662423;-14.566307;-12.781590;-10.252750;-5.421471;-0.565886;4.309883,106.389061;120.204430;133.795395;132.636734;131.583801;130.626740;129.763702;115.696312;101.762085;103.094223;104.302101;105.397919,npp_d20151003_t1731466_e1737270_b20378,159.065,114.58,37.8845,98.6277,62.1285,66.3367
774,VBD_npp_d20151003_t1732314_x1147118E_y054260N_l0401_s1300_v23,2017-06-01 16:11:27,5.425989,114.711784,954.967,2015-10-03 17:32:31,2015-10-04 01:32:31,401,1300,0.443531,4,100837,1.69032,0.109012,0.855373,0.4,0.97946,0.75,0.0182034,0.0001,1.13033e-13,999999,3.013078e-01,3,Malaysian Exclusive Economic Zone,,,SVDNB_npp_d20151003_t1731466_e1737270_b20378_c20151003233728467558_noaa_ops.h5,GDNBO_npp_d20151003_t1731466_e1737270_b20378_c20151003233728467298_noaa_ops.h5,SVI04_npp_d20151003_t1731466_e1737270_b20378_c20151003233728541959_noaa_ops.dspace_rad,VNFF_npp_d20151003_t1731466_e1737270_b20378_v21.csv,World_EEZ_v8_2014.shp,WPP_BFAR_merge.shp,KKP_IDN_merge_20161208.shp,VNF-VBD_npp_20120301-20151231_global_asia-enhanced_c201607211230.bitmask,NCEI_NGA.union.nga_lead2.add_2015ntl.mask,timezone.shp,VBD_platforms-recurring_2015_r20170330.shp,999999,VBD_bridges_c20160811.shp,9.202956;7.293124;4.987635;0.117751;-4.766567;-9.662423;-14.566307;-12.781590;-10.252750;-5.421471;-0.565886;4.309883,106.389061;120.204430;133.795395;132.636734;131.583801;130.626740;129.763702;115.696312;101.762085;103.094223;104.302101;105.397919,npp_d20151003_t1731466_e1737270_b20378,159.441,87.0167,37.8343,98.8395,56.9289,71.8069
775,VBD_npp_d20151003_t1735222_x1124675E_y046544S_l1948_s1302_v23,2017-06-01 16:11:27,-4.654415,112.467468,29.3583,2015-10-03 17:35:22,2015-10-04 00:35:22,1948,1302,0.315069,1,2529,0.835832,0.154197,0.886902,0.4,0.94012,0.75,0.0148512,0.0001,1.20576e-15,999999,-8.877058e-03,3,Indonesian Exclusive Economic Zone,WPP712,,SVDNB_npp_d20151003_t1731466_e1737270_b20378_c20151003233728467558_noaa_ops.h5,GDNBO_npp_d20151003_t1731466_e1737270_b20378_c20151003233728467298_noaa_ops.h5,SVI04_npp_d20151003_t1731466_e1737270_b20378_c20151003233728541959_noaa_ops.dspace_rad,VNFF_npp_d20151003_t1731466_e1737270_b20378_v21.csv,World_EEZ_v8_2014.shp,WPP_BFAR_merge.shp,KKP_IDN_merge_20161208.shp,VNF-VBD_npp_20120301-20151231_global_asia-enhanced_c201607211230.bitmask,NCEI_NGA.union.nga_lead2.add_2015ntl.mask,timezone.shp,VBD_platforms-recurring_2015_r20170330.shp,999999,VBD_bridges_c20160811.shp,9.202956;7.293124;4.987635;0.117751;-4.766567;-9.662423;-14.566307;-12.781590;-10.252750;-5.421471;-0.565886;4.309883,106.389061;120.204430;133.795395;132.636734;131.583801;130.626740;129.763702;115.696312;101.762085;103.094223;104.302101;105.397919,npp_d20151003_t1731466_e1737270_b20378,159.079,114.244,37.762,98.8502,62.0421,66.3854
776,VBD_npp_d20151003_t1735240_x1124464E_y047799S_l1967_s1303_v23,2017-06-01 16:11:27,-4.779860,112.446358,39.1949,2015-10-03 17:35:24,2015-10-04 00:35:24,1967,1303,0.343094,1,2529,0.92405,0.172179,0.898698,0.4,0.946145,0.75,0.0148322,0.0001,1.13963e-15,999999,-1.809460e-01,3,Indonesian Exclusive Economic Zone,WPP712,,SVDNB_npp_d20151003_t1731466_e1737270_b20378_c20151003233728467558_noaa_ops.h5,GDNBO_npp_d20151003_t1731466_e1737270_b20378_c20151003233728467298_noaa_ops.h5,SVI04_npp_d20151003_t1731466_e1737270_b20378_c20151003233728541959_noaa_ops.dspace_rad,VNFF_npp_d20151003_t1731466_e1737270_b20378_v21.csv,World_EEZ_v8_2014.shp,WPP_BFAR_merge.shp,KKP_IDN_merge_20161208.shp,VNF-VBD_npp_20120301-20151231_global_asia-enhanced_c201607211230.bitmask,NCEI_NGA.union.nga_lead2.add_2015ntl.mask,timezone.shp,VBD_platforms-recurring_2015_r20170330.shp,999999,VBD_bridges_c20160811.shp,9.202956;7.293124;4.987635;0.117751;-4.766567;-9.662423;-14.566307;-12.781590;-10.252750;-5.421471;-0.565886;4.309883,106.389061;120.204430;133.795395;132.636734;131.583801;130.626740;129.763702;115.696312;101.762085;103.094223;104.302101;105.397919,npp_d20151003_t1731466_e1737270_b20378,159.039,114.559,37.724,98.6234,62.1057,66.3265
777,VBD_npp_d20151003_t1732350_x1147057E_y052046N_l0434_s1306_v23,2017-06-01 16:11:27,5.204575,114.705681,17.6525,2015-10-03 17:32:35,2015-10-04 01:32:35,434,1306,0.370764,7,34977,0.160631,0.136839,0.65413,0.4,0.433462,0.75,0.0181544,0.0001,1.34846e-13,999999,3.827460e-03,3,,,,SVDNB_npp_d20151003_t1731466_e1737270_b20378_c20151003233728467558_noaa_ops.h5,GDNBO_npp_d20151003_t1731466_e1737270_b20378_c20151003233728467298_noaa_ops.h5,SVI04_npp_d20151003_t1731466_e1737270_b20378_c20151003233728541959_noaa_ops.dspace_rad,VNFF_npp_d20151003_t1731466_e1737270_b20378_v21.csv,World_EEZ_v8_2014.shp,WPP_BFAR_merge.shp,KKP_IDN_merge_20161208.shp,VNF-VBD_npp_20120301-20151231_global_asia-enhanced_c201607211230.bitmask,NCEI_NGA.union.nga_lead2.add_2015ntl.mask,timezone.shp,VBD_platforms-recurring_2015_r20170330.shp,999999,VBD_bridges_c20160811.shp,9.202956;7.293124;4.987635;0.117751;-4.766567;-9.662423;-14.566307;-12.781590;-10.252750;-5.421471;-0.565886;4.309883,106.389061;120.204430;133.795395;132.636734;131.583801;130.626740;129.763702;115.696312;101.762085;103.094223;104.302101;105.397919,npp_d20151003_t1731466_e1737270_b20378,159.443,87.6084,37.5921,98.7838,56.9912,71.665
778,VBD_npp_d20151003_t1735222_x1124918E_y046722S_l1950_s1306_v23,2017-06-01 16:11:27,-4.672154,112.491837,21.5984,2015-10-03 17:35:22,2015-10-04 00:35:22,1950,1306,0.309734,8,18913,0.696881,0.169175,0.904189,0.4,0.901516,0.75,0.0148637,0.0001,1.43043e-15,999999,-1.522013e-01,3,Indonesian Exclusive Economic Zone,WPP712,,SVDNB_npp_d20151003_t1731466_e1737270_b20378_c20151003233728467558_noaa_ops.h5,GDNBO_npp_d20151003_t1731466_e1737270_b20378_c20151003233728467298_noaa_ops.h5,SVI04_npp_d20151003_t1731466_e1737270_b20378_c20151003233728541959_noaa_ops.dspace_rad,VNFF_npp_d20151003_t1731466_e1737270_b20378_v21.csv,World_EEZ_v8_2014.shp,WPP_BFAR_merge.shp,KKP_IDN_merge_20161208.shp,VNF-VBD_npp_20120301-20151231_global_asia-enhanced_c201607211230.bitmask,NCEI_NGA.union.nga_lead2.add_2015ntl.mask,timezone.shp,VBD_platforms-recurring_2015_r20170330.shp,0.317021,VBD_bridges_c20160811.shp,9.202956;7.293124;4.987635;0.117751;-4.766567;-9.662423;-14.566307;-12.781590;-10.252750;-5.421471;-0.565886;4.309883,106.389061;120.204430;133.795395;132.636734;131.583801;130.626740;129.763702;115.696312;101.762085;103.094223;104.302101;105.397919,npp_d20151003_t1731466_e1737270_b20378,159.049,114.258,37.6026,98.6899,62.0269,66.3691
779,VBD_npp_d20151003_t1735400_x1122561E_y056588S_l2102_s1306_v23,2017-06-01 16:11:27,-5.658803,112.256088,6.36393,2015-10-03 17:35:40,2015-10-04 00:35:40,2102,1306,0.208443,1,2529,0.360852,0.154469,0.727113,0.4,0.833,0.75,0.0145032,0.0001,9.16118e-16,999999,-1.147872e-02,3,Indonesian Exclusive Economic Zone,WPP712,,SVDNB_npp_d20151003_t1731466_e1737270_b20378_c20151003233728467558_noaa_ops.h5,GDNBO_npp_d20151003_t1731466_e1737270_b20378_c20151003233728467298_noaa_ops.h5,SVI04_npp_d20151003_t1731466_e1737270_b20378_c20151003233728541959_noaa_ops.dspace_rad,VNFF_npp_d20151003_t1731466_e1737270_b20378_v21.csv,World_EEZ_v8_2014.shp,WPP_BFAR_merge.shp,KKP_IDN_merge_20161208.shp,VNF-VBD_npp_20120301-20151231_global_asia-enhanced_c201607211230.bitmask,NCEI_NGA.union.nga_lead2.add_2015ntl.mask,timezone.shp,VBD_platforms-recurring_2015_r20170330.shp,999999,VBD_bridges_c20160811.shp,9.202956;7.293124;4.987635;0.117751;-4.766567;-9.662423;-14.566307;-12.781590;-10.252750;-5.421471;-0.565886;4.309883,106.389061;120.204430;133.795395;132.636734;131.583801;130.626740;129.763702;115.696312;101.762085;103.094223;104.302101;105.397919,npp_d20151003_t1731466_e1737270_b20378,158.77,116.762,37.6053,99.4216,62.5798,65.929
780,VBD_npp_d20151003_t1735240_x1124863E_y047036S_l1955_s1307_v23,2017-06-01 16:11:27,-4.703563,112.486267,35.5348,2015-10-03 17:35:24,2015-10-04 00:35:24,1955,1307,0.320048,1,2529,0.896309,0.15636,0.919782,0.4,0.940541,0.75,0.0148614,0.0001,1.69936e-15,999999,-2.957606e-02,3,Indonesian Exclusive Economic Zone,WPP712,,SVDNB_npp_d20151003_t1731466_e1737270_b20378_c20151003233728467558_noaa_ops.h5,GDNBO_npp_d20151003_t1731466_e1737270_b20378_c20151003233728467298_noaa_ops.h5,SVI04_npp_d20151003_t1731466_e1737270_b20378_c20151003233728541959_noaa_ops.dspace_rad,VNFF_npp_d20151003_t1731466_e1737270_b20378_v21.csv,World_EEZ_v8_2014.shp,WPP_BFAR_merge.shp,KKP_IDN_merge_20161208.shp,VNF-VBD_npp_20120301-20151231_global_asia-enhanced_c201607211230.bitmask,NCEI_NGA.union.nga_lead2.add_2015ntl.mask,timezone.shp,VBD_platforms-recurring_2015_r20170330.shp,999999,VBD_bridges_c20160811.shp,9.202956;7.293124;4.987635;0.117751;-4.766567;-9.662423;-14.566307;-12.781590;-10.252750;-5.421471;-0.565886;4.309883,106.389061;120.204430;133.795395;132.636734;131.583801;130.626740;129.763702;115.696312;101.762085;103.094223;104.302101;105.397919,npp_d20151003_t1731466_e1737270_b20378,159.035,114.331,37.561,99.5613,62.0381,66.3528
781,VBD_npp_d20151003_t1735151_x1126056E_y042380S_l1883_s1308_v23,2017-06-01 16:11:27,-4.237957,112.605576,55.5921,2015-10-03 17:35:15,2015-10-04 00:35:15,1883,1308,0.375103,8,18913,0.969395,0.141569,0.858744,0.4,0.93255,0.75,0.0149525,0.0001,2.07927e-15,999999,1.119667e-01,3,Indonesian Exclusive Economic Zone,WPP712,,SVDNB_npp_d20151003_t1731466_e1737270_b20378_c20151003233728467558_noaa_ops.h5,GDNBO_npp_d20151003_t1731466_e1737270_b20378_c20151003233728467298_noaa_ops.h5,SVI04_npp_d20151003_t1731466_e1737270_b20378_c20151003233728541959_noaa_ops.dspace_rad,VNFF_npp_d20151003_t1731466_e1737270_b20378_v21.csv,World_EEZ_v8_2014.shp,WPP_BFAR_merge.shp,KKP_IDN_merge_20161208.shp,VNF-VBD_npp_20120301-20151231_global_asia-enhanced_c201607211230.bitmask,NCEI_NGA.union.nga_lead2.add_2015ntl.mask,timezone.shp,VBD_platforms-recurring_2015_r20170330.shp,0.164272,VBD_bridges_c20160811.shp,9.202956;7.293124;4.987635;0.117751;-4.766567;-9.662423;-14.566307;-12.781590;-10.252750;-5.421471;-0.565886;4.309883,106.389061;120.204430;133.795395;132.636734;131.583801;130.626740;129.763702;115.696312;101.762085;103.094223;104.302101;105.397919,npp_d20151003_t1731466_e1737270_b20378,159.147,113.123,37.5197,98.8818,61.7737,66.5639
782,VBD_npp_d20151003_t1735222_x1125073E_y046609S_l1948_s1308_v23,2017-06-01 16:11:27,-4.660868,112.507324,43.2336,2015-10-03 17:35:22,2015-10-04 00:35:22,1948,1308,0.303901,1,2529,0.951185,0.156231,0.903996,0.4,0.927556,0.75,0.0148735,0.0001,1.63581e-15,999999,-2.833563e-02,3,Indonesian Exclusive Economic Zone,WPP712,,SVDNB_npp_d20151003_t1731466_e1737270_b20378_c20151003233728467558_noaa_ops.h5,GDNBO_npp_d20151003_t1731466_e1737270_b20378_c20151003233728467298_noaa_ops.h5,SVI04_npp_d20151003_t1731466_e1737270_b20378_c20151003233728541959_noaa_ops.dspace_rad,VNFF_npp_d20151003_t1731466_e1737270_b20378_v21.csv,World_EEZ_v8_2014.shp,WPP_BFAR_merge.shp,KKP_IDN_merge_20161208.shp,VNF-VBD_npp_20120301-20151231_global_asia-enhanced_c201607211230.bitmask,NCEI_NGA.union.nga_lead2.add_2015ntl.mask,timezone.shp,VBD_platforms-recurring_2015_r20170330.shp,999999,VBD_bridges_c20160811.shp,9.202956;7.293124;4.987635;0.117751;-4.766567;-9.662423;-14.566307;-12.781590;-10.252750;-5.421471;-0.565886;4.309883,106.389061;120.204430;133.795395;132.636734;131.583801;130.626740;129.763702;115.696312;101.762085;103.094223;104.302101;105.397919,npp_d20151003_t1731466_e1737270_b20378,159.04,114.214,37.5215,98.845,62.008,66.3701
783,VBD_npp_d20151003_t1735151_x1126111E_y042457S_l1884_s1309_v23,2017-06-01 16:11:27,-4.245734,112.611092,31.0906,2015-10-03 17:35:15,2015-10-04 00:35:15,1884,1309,0.376312,1,2529,0.792859,0.148423,0.858744,0.4,0.900217,0.75,0.0149539,0.0001,2.15113e-15,999999,4.637773e-02,3,Indonesian Exclusive Economic Zone,WPP712,,SVDNB_npp_d20151003_t1731466_e1737270_b20378_c20151003233728467558_noaa_ops.h5,GDNBO_npp_d20151003_t1731466_e1737270_b20378_c20151003233728467298_noaa_ops.h5,SVI04_npp_d20151003_t1731466_e1737270_b20378_c20151003233728541959_noaa_ops.dspace_rad,VNFF_npp_d20151003_t1731466_e1737270_b20378_v21.csv,World_EEZ_v8_2014.shp,WPP_BFAR_merge.shp,KKP_IDN_merge_20161208.shp,VNF-VBD_npp_20120301-20151231_global_asia-enhanced_c201607211230.bitmask,NCEI_NGA.union.nga_lead2.add_2015ntl.mask,timezone.shp,VBD_platforms-recurring_2015_r20170330.shp,999999,VBD_bridges_c20160811.shp,9.202956;7.293124;4.987635;0.117751;-4.766567;-9.662423;-14.566307;-12.781590;-10.252750;-5.421471;-0.565886;4.309883,106.389061;120.204430;133.795395;132.636734;131.583801;130.626740;129.763702;115.696312;101.762085;103.094223;104.302101;105.397919,npp_d20151003_t1731466_e1737270_b20378,159.139,113.135,37.48,98.8024,61.7717,66.5583
784,VBD_npp_d20151003_t1735436_x1122318E_y058433S_l2130_s1309_v23,2017-06-01 16:11:27,-5.843323,112.231804,7.99718,2015-10-03 17:35:43,2015-10-04 00:35:43,2130,1309,0.293658,1,2529,0.468057,0.132154,0.810633,0.4,0.894988,0.75,0.0144394,0.0001,1.0204e-15,999999,2.020572e-01,3,Indonesian Exclusive Economic Zone,WPP712,,SVDNB_npp_d20151003_t1731466_e1737270_b20378_c20151003233728467558_noaa_ops.h5,GDNBO_npp_d20151003_t1731466_e1737270_b20378_c20151003233728467298_noaa_ops.h5,SVI04_npp_d20151003_t1731466_e1737270_b20378_c20151003233728541959_noaa_ops.dspace_rad,VNFF_npp_d20151003_t1731466_e1737270_b20378_v21.csv,World_EEZ_v8_2014.shp,WPP_BFAR_merge.shp,KKP_IDN_merge_20161208.shp,VNF-VBD_npp_20120301-20151231_global_asia-enhanced_c201607211230.bitmask,NCEI_NGA.union.nga_lead2.add_2015ntl.mask,timezone.shp,VBD_platforms-recurring_2015_r20170330.shp,999999,VBD_bridges_c20160811.shp,9.202956;7.293124;4.987635;0.117751;-4.766567;-9.662423;-14.566307;-12.781590;-10.252750;-5.421471;-0.565886;4.309883,106.389061;120.204430;133.795395;132.636734;131.583801;130.626740;129.763702;115.696312;101.762085;103.094223;104.302101;105.397919,npp_d20151003_t1731466_e1737270_b20378,158.694,117.196,37.4834,99.7566,62.6649,65.8418
785,VBD_npp_d20151003_t1735151_x1126221E_y042200S_l1880_s1310_v23,2017-06-01 16:11:27,-4.219980,112.622108,26.0799,2015-10-03 17:35:15,2015-10-04 00:35:15,1880,1310,0.3724,1,2529,0.75542,0.145909,0.860492,0.4,0.917889,0.75,0.0149677,0.0001,2.41081e-15,999999,7.043152e-02,3,Indonesian Exclusive Economic Zone,WPP712,,SVDNB_npp_d20151003_t1731466_e1737270_b20378_c20151003233728467558_noaa_ops.h5,GDNBO_npp_d20151003_t1731466_e1737270_b20378_c20151003233728467298_noaa_ops.h5,SVI04_npp_d20151003_t1731466_e1737270_b20378_c20151003233728541959_noaa_ops.dspace_rad,VNFF_npp_d20151003_t1731466_e1737270_b20378_v21.csv,World_EEZ_v8_2014.shp,WPP_BFAR_merge.shp,KKP_IDN_merge_20161208.shp,VNF-VBD_npp_20120301-20151231_global_asia-enhanced_c201607211230.bitmask,NCEI_NGA.union.nga_lead2.add_2015ntl.mask,timezone.shp,VBD_platforms-recurring_2015_r20170330.shp,999999,VBD_bridges_c20160811.shp,9.202956;7.293124;4.987635;0.117751;-4.766567;-9.662423;-14.566307;-12.781590;-10.252750;-5.421471;-0.565886;4.309883,106.389061;120.204430;133.795395;132.636734;131.583801;130.626740;129.763702;115.696312;101.762085;103.094223;104.302101;105.397919,npp_d20151003_t1731466_e1737270_b20378,159.139,113.061,37.4388,99.1166,61.7512,66.5682
786,VBD_npp_d20151003_t1735258_x1124735E_y048576S_l1978_s1310_v23,2017-06-01 16:11:27,-4.857555,112.473480,5.23407,2015-10-03 17:35:25,2015-10-04 00:35:25,1978,1310,0.36927,1,2529,0.319334,0.161138,0.860822,0.4,0.804253,0.75,0.014845,0.0001,1.66253e-15,999999,-7.529168e-02,3,Indonesian Exclusive Economic Zone,WPP712,,SVDNB_npp_d20151003_t1731466_e1737270_b20378_c20151003233728467558_noaa_ops.h5,GDNBO_npp_d20151003_t1731466_e1737270_b20378_c20151003233728467298_noaa_ops.h5,SVI04_npp_d20151003_t1731466_e1737270_b20378_c20151003233728541959_noaa_ops.dspace_rad,VNFF_npp_d20151003_t1731466_e1737270_b20378_v21.csv,World_EEZ_v8_2014.shp,WPP_BFAR_merge.shp,KKP_IDN_merge_20161208.shp,VNF-VBD_npp_20120301-20151231_global_asia-enhanced_c201607211230.bitmask,NCEI_NGA.union.nga_lead2.add_2015ntl.mask,timezone.shp,VBD_platforms-recurring_2015_r20170330.shp,999999,VBD_bridges_c20160811.shp,9.202956;7.293124;4.987635;0.117751;-4.766567;-9.662423;-14.566307;-12.781590;-10.252750;-5.421471;-0.565886;4.309883,106.389061;120.204430;133.795395;132.636734;131.583801;130.626740;129.763702;115.696312;101.762085;103.094223;104.302101;105.397919,npp_d20151003_t1731466_e1737270_b20378,158.976,114.702,37.445,99.0222,62.1056,66.2771
787,VBD_npp_d20151003_t1732350_x1147398E_y052063N_l0433_s1311_v23,2017-06-01 16:11:27,5.206273,114.739777,5000.7,2015-10-03 17:32:35,2015-10-04 01:32:35,433,1311,0.624915,4,100837,1.07218,0.0968735,0.65174,0.4,0.921823,0.75,0.0181759,0.0001,1.69101e-13,999999,4.310697e-01,3,Bruneian Exclusive Economic Zone,,,SVDNB_npp_d20151003_t1731466_e1737270_b20378_c20151003233728467558_noaa_ops.h5,GDNBO_npp_d20151003_t1731466_e1737270_b20378_c20151003233728467298_noaa_ops.h5,SVI04_npp_d20151003_t1731466_e1737270_b20378_c20151003233728541959_noaa_ops.dspace_rad,VNFF_npp_d20151003_t1731466_e1737270_b20378_v21.csv,World_EEZ_v8_2014.shp,WPP_BFAR_merge.shp,KKP_IDN_merge_20161208.shp,VNF-VBD_npp_20120301-20151231_global_asia-enhanced_c201607211230.bitmask,NCEI_NGA.union.nga_lead2.add_2015ntl.mask,timezone.shp,VBD_platforms-recurring_2015_r20170330.shp,999999,VBD_bridges_c20160811.shp,9.202956;7.293124;4.987635;0.117751;-4.766567;-9.662423;-14.566307;-12.781590;-10.252750;-5.421471;-0.565886;4.309883,106.389061;120.204430;133.795395;132.636734;131.583801;130.626740;129.763702;115.696312;101.762085;103.094223;104.302101;105.397919,npp_d20151003_t1731466_e1737270_b20378,159.409,87.6107,37.3921,98.8677,56.9581,71.662
788,VBD_npp_d20151003_t1732350_x1147358E_y051795N_l0437_s1311_v23,2017-06-01 16:11:27,5.179453,114.735756,336.896,2015-10-03 17:32:35,2015-10-04 01:32:35,437,1311,0.426531,9,100833,1.21989,0.136358,0.663214,0.4,0.955405,0.75,0.0181671,0.0001,1.61799e-13,999999,8.971481e-03,3,,,,SVDNB_npp_d20151003_t1731466_e1737270_b20378_c20151003233728467558_noaa_ops.h5,GDNBO_npp_d20151003_t1731466_e1737270_b20378_c20151003233728467298_noaa_ops.h5,SVI04_npp_d20151003_t1731466_e1737270_b20378_c20151003233728541959_noaa_ops.dspace_rad,VNFF_npp_d20151003_t1731466_e1737270_b20378_v21.csv,World_EEZ_v8_2014.shp,WPP_BFAR_merge.shp,KKP_IDN_merge_20161208.shp,VNF-VBD_npp_20120301-20151231_global_asia-enhanced_c201607211230.bitmask,NCEI_NGA.union.nga_lead2.add_2015ntl.mask,timezone.shp,VBD_platforms-recurring_2015_r20170330.shp,999999,VBD_bridges_c20160811.shp,9.202956;7.293124;4.987635;0.117751;-4.766567;-9.662423;-14.566307;-12.781590;-10.252750;-5.421471;-0.565886;4.309883,106.389061;120.204430;133.795395;132.636734;131.583801;130.626740;129.763702;115.696312;101.762085;103.094223;104.302101;105.397919,npp_d20151003_t1731466_e1737270_b20378,159.414,87.6813,37.3915,98.5517,56.9704,71.6454
789,VBD_npp_d20151003_t1735240_x1125061E_y047482S_l1961_s1311_v23,2017-06-01 16:11:27,-4.748171,112.506073,30.9563,2015-10-03 17:35:24,2015-10-04 00:35:24,1961,1311,0.333492,1,2529,0.861704,0.145761,0.913842,0.4,0.934084,0.75,0.0148691,0.0001,1.88705e-15,999999,7.185130e-02,3,Indonesian Exclusive Economic Zone,WPP712,,SVDNB_npp_d20151003_t1731466_e1737270_b20378_c20151003233728467558_noaa_ops.h5,GDNBO_npp_d20151003_t1731466_e1737270_b20378_c20151003233728467298_noaa_ops.h5,SVI04_npp_d20151003_t1731466_e1737270_b20378_c20151003233728541959_noaa_ops.dspace_rad,VNFF_npp_d20151003_t1731466_e1737270_b20378_v21.csv,World_EEZ_v8_2014.shp,WPP_BFAR_merge.shp,KKP_IDN_merge_20161208.shp,VNF-VBD_npp_20120301-20151231_global_asia-enhanced_c201607211230.bitmask,NCEI_NGA.union.nga_lead2.add_2015ntl.mask,timezone.shp,VBD_platforms-recurring_2015_r20170330.shp,999999,VBD_bridges_c20160811.shp,9.202956;7.293124;4.987635;0.117751;-4.766567;-9.662423;-14.566307;-12.781590;-10.252750;-5.421471;-0.565886;4.309883,106.389061;120.204430;133.795395;132.636734;131.583801;130.626740;129.763702;115.696312;101.762085;103.094223;104.302101;105.397919,npp_d20151003_t1731466_e1737270_b20378,158.998,114.414,37.4011,99.0875,62.0379,66.3244
790,VBD_npp_d20151003_t1735222_x1125415E_y046183S_l1941_s1312_v23,2017-06-01 16:11:27,-4.618253,112.541504,11.1198,2015-10-03 17:35:22,2015-10-04 00:35:22,1941,1312,0.297784,8,18913,0.510166,0.162865,0.829409,0.4,0.84477,0.75,0.0148968,0.0001,2.23941e-15,999999,-9.181997e-02,3,Indonesian Exclusive Economic Zone,WPP712,,SVDNB_npp_d20151003_t1731466_e1737270_b20378_c20151003233728467558_noaa_ops.h5,GDNBO_npp_d20151003_t1731466_e1737270_b20378_c20151003233728467298_noaa_ops.h5,SVI04_npp_d20151003_t1731466_e1737270_b20378_c20151003233728541959_noaa_ops.dspace_rad,VNFF_npp_d20151003_t1731466_e1737270_b20378_v21.csv,World_EEZ_v8_2014.shp,WPP_BFAR_merge.shp,KKP_IDN_merge_20161208.shp,VNF-VBD_npp_20120301-20151231_global_asia-enhanced_c201607211230.bitmask,NCEI_NGA.union.nga_lead2.add_2015ntl.mask,timezone.shp,VBD_platforms-recurring_2015_r20170330.shp,0.528439,VBD_bridges_c20160811.shp,9.202956;7.293124;4.987635;0.117751;-4.766567;-9.662423;-14.566307;-12.781590;-10.252750;-5.421471;-0.565886;4.309883,106.389061;120.204430;133.795395;132.636734;131.583801;130.626740;129.763702;115.696312;101.762085;103.094223;104.302101;105.397919,npp_d20151003_t1731466_e1737270_b20378,159.026,114.073,37.3599,99.3938,61.9594,66.3814
791,VBD_npp_d20151003_t1735240_x1125182E_y047158S_l1956_s1312_v23,2017-06-01 16:11:27,-4.715754,112.518204,28.0136,2015-10-03 17:35:24,2015-10-04 00:35:24,1956,1312,0.316491,1,2529,0.817568,0.151896,0.921884,0.4,0.93264,0.75,0.0148788,0.0001,2.15047e-15,999999,1.314670e-02,3,Indonesian Exclusive Economic Zone,WPP712,,SVDNB_npp_d20151003_t1731466_e1737270_b20378_c20151003233728467558_noaa_ops.h5,GDNBO_npp_d20151003_t1731466_e1737270_b20378_c20151003233728467298_noaa_ops.h5,SVI04_npp_d20151003_t1731466_e1737270_b20378_c20151003233728541959_noaa_ops.dspace_rad,VNFF_npp_d20151003_t1731466_e1737270_b20378_v21.csv,World_EEZ_v8_2014.shp,WPP_BFAR_merge.shp,KKP_IDN_merge_20161208.shp,VNF-VBD_npp_20120301-20151231_global_asia-enhanced_c201607211230.bitmask,NCEI_NGA.union.nga_lead2.add_2015ntl.mask,timezone.shp,VBD_platforms-recurring_2015_r20170330.shp,999999,VBD_bridges_c20160811.shp,9.202956;7.293124;4.987635;0.117751;-4.766567;-9.662423;-14.566307;-12.781590;-10.252750;-5.421471;-0.565886;4.309883,106.389061;120.204430;133.795395;132.636734;131.583801;130.626740;129.763702;115.696312;101.762085;103.094223;104.302101;105.397919,npp_d20151003_t1731466_e1737270_b20378,159.001,114.323,37.3606,99.4812,62.0136,66.337
792,VBD_npp_d20151003_t1735169_x1126289E_y042949S_l1891_s1314_v23,2017-06-01 16:11:27,-4.294914,112.628944,15.3367,2015-10-03 17:35:16,2015-10-04 00:35:16,1891,1314,0.384137,1,2529,0.640446,0.153104,0.822667,0.4,0.827854,0.75,0.0149641,0.0001,2.99396e-15,999999,1.585060e-03,3,Indonesian Exclusive Economic Zone,WPP712,,SVDNB_npp_d20151003_t1731466_e1737270_b20378_c20151003233728467558_noaa_ops.h5,GDNBO_npp_d20151003_t1731466_e1737270_b20378_c20151003233728467298_noaa_ops.h5,SVI04_npp_d20151003_t1731466_e1737270_b20378_c20151003233728541959_noaa_ops.dspace_rad,VNFF_npp_d20151003_t1731466_e1737270_b20378_v21.csv,World_EEZ_v8_2014.shp,WPP_BFAR_merge.shp,KKP_IDN_merge_20161208.shp,VNF-VBD_npp_20120301-20151231_global_asia-enhanced_c201607211230.bitmask,NCEI_NGA.union.nga_lead2.add_2015ntl.mask,timezone.shp,VBD_platforms-recurring_2015_r20170330.shp,999999,VBD_bridges_c20160811.shp,9.202956;7.293124;4.987635;0.117751;-4.766567;-9.662423;-14.566307;-12.781590;-10.252750;-5.421471;-0.565886;4.309883,106.389061;120.204430;133.795395;132.636734;131.583801;130.626740;129.763702;115.696312;101.762085;103.094223;104.302101;105.397919,npp_d20151003_t1731466_e1737270_b20378,159.096,113.226,37.2835,99.5181,61.7684,66.5259
793,VBD_npp_d20151003_t1735204_x1125709E_y045633S_l1932_s1314_v23,2017-06-01 16:11:27,-4.563343,112.570892,21.6587,2015-10-03 17:35:20,2015-10-04 00:35:20,1932,1314,0.294939,1,2529,0.734891,0.142745,0.864938,0.4,0.919128,0.75,0.014915,0.0001,2.33041e-15,999999,1.007125e-01,3,Indonesian Exclusive Economic Zone,WPP712,,SVDNB_npp_d20151003_t1731466_e1737270_b20378_c20151003233728467558_noaa_ops.h5,GDNBO_npp_d20151003_t1731466_e1737270_b20378_c20151003233728467298_noaa_ops.h5,SVI04_npp_d20151003_t1731466_e1737270_b20378_c20151003233728541959_noaa_ops.dspace_rad,VNFF_npp_d20151003_t1731466_e1737270_b20378_v21.csv,World_EEZ_v8_2014.shp,WPP_BFAR_merge.shp,KKP_IDN_merge_20161208.shp,VNF-VBD_npp_20120301-20151231_global_asia-enhanced_c201607211230.bitmask,NCEI_NGA.union.nga_lead2.add_2015ntl.mask,timezone.shp,VBD_platforms-recurring_2015_r20170330.shp,999999,VBD_bridges_c20160811.shp,9.202956;7.293124;4.987635;0.117751;-4.766567;-9.662423;-14.566307;-12.781590;-10.252750;-5.421471;-0.565886;4.309883,106.389061;120.204430;133.795395;132.636734;131.583801;130.626740;129.763702;115.696312;101.762085;103.094223;104.302101;105.397919,npp_d20151003_t1731466_e1737270_b20378,159.029,113.917,37.2829,98.8274,61.9167,66.4025
794,VBD_npp_d20151003_t1735169_x1126223E_y043763S_l1903_s1315_v23,2017-06-01 16:11:27,-4.376286,112.622299,35.2583,2015-10-03 17:35:16,2015-10-04 00:35:16,1903,1315,0.386698,1,2529,0.976721,0.138677,0.912992,0.4,0.968684,0.75,0.0149535,0.0001,2.59838e-15,999999,1.396341e-01,3,Indonesian Exclusive Economic Zone,WPP712,,SVDNB_npp_d20151003_t1731466_e1737270_b20378_c20151003233728467558_noaa_ops.h5,GDNBO_npp_d20151003_t1731466_e1737270_b20378_c20151003233728467298_noaa_ops.h5,SVI04_npp_d20151003_t1731466_e1737270_b20378_c20151003233728541959_noaa_ops.dspace_rad,VNFF_npp_d20151003_t1731466_e1737270_b20378_v21.csv,World_EEZ_v8_2014.shp,WPP_BFAR_merge.shp,KKP_IDN_merge_20161208.shp,VNF-VBD_npp_20120301-20151231_global_asia-enhanced_c201607211230.bitmask,NCEI_NGA.union.nga_lead2.add_2015ntl.mask,timezone.shp,VBD_platforms-recurring_2015_r20170330.shp,999999,VBD_bridges_c20160811.shp,9.202956;7.293124;4.987635;0.117751;-4.766567;-9.662423;-14.566307;-12.781590;-10.252750;-5.421471;-0.565886;4.309883,106.389061;120.204430;133.795395;132.636734;131.583801;130.626740;129.763702;115.696312;101.762085;103.094223;104.302101;105.397919,npp_d20151003_t1731466_e1737270_b20378,159.07,113.429,37.2462,98.5686,61.8072,66.4864
795,VBD_npp_d20151003_t1735240_x1125402E_y047056S_l1954_s1315_v23,2017-06-01 16:11:27,-4.705647,112.540169,13.8739,2015-10-03 17:35:24,2015-10-04 00:35:24,1954,1315,0.31891,1,2529,0.555444,0.150015,0.882292,0.4,0.887253,0.75,0.0148923,0.0001,2.57833e-15,999999,3.114690e-02,3,Indonesian Exclusive Economic Zone,WPP712,,SVDNB_npp_d20151003_t1731466_e1737270_b20378_c20151003233728467558_noaa_ops.h5,GDNBO_npp_d20151003_t1731466_e1737270_b20378_c20151003233728467298_noaa_ops.h5,SVI04_npp_d20151003_t1731466_e1737270_b20378_c20151003233728541959_noaa_ops.dspace_rad,VNFF_npp_d20151003_t1731466_e1737270_b20378_v21.csv,World_EEZ_v8_2014.shp,WPP_BFAR_merge.shp,KKP_IDN_merge_20161208.shp,VNF-VBD_npp_20120301-20151231_global_asia-enhanced_c201607211230.bitmask,NCEI_NGA.union.nga_lead2.add_2015ntl.mask,timezone.shp,VBD_platforms-recurring_2015_r20170330.shp,999999,VBD_bridges_c20160811.shp,9.202956;7.293124;4.987635;0.117751;-4.766567;-9.662423;-14.566307;-12.781590;-10.252750;-5.421471;-0.565886;4.309883,106.389061;120.204430;133.795395;132.636734;131.583801;130.626740;129.763702;115.696312;101.762085;103.094223;104.302101;105.397919,npp_d20151003_t1731466_e1737270_b20378,158.985,114.274,37.2408,99.6386,61.9894,66.3355
796,VBD_npp_d20151003_t1735258_x1125076E_y048562S_l1977_s1315_v23,2017-06-01 16:11:27,-4.856243,112.507568,58.8648,2015-10-03 17:35:25,2015-10-04 00:35:25,1977,1315,0.370551,8,18913,1.10659,0.135174,0.89619,0.4,0.967671,0.75,0.0148648,0.0001,2.17185e-15,999999,1.731589e-01,3,Indonesian Exclusive Economic Zone,WPP712,,SVDNB_npp_d20151003_t1731466_e1737270_b20378_c20151003233728467558_noaa_ops.h5,GDNBO_npp_d20151003_t1731466_e1737270_b20378_c20151003233728467298_noaa_ops.h5,SVI04_npp_d20151003_t1731466_e1737270_b20378_c20151003233728541959_noaa_ops.dspace_rad,VNFF_npp_d20151003_t1731466_e1737270_b20378_v21.csv,World_EEZ_v8_2014.shp,WPP_BFAR_merge.shp,KKP_IDN_merge_20161208.shp,VNF-VBD_npp_20120301-20151231_global_asia-enhanced_c201607211230.bitmask,NCEI_NGA.union.nga_lead2.add_2015ntl.mask,timezone.shp,VBD_platforms-recurring_2015_r20170330.shp,0.247494,VBD_bridges_c20160811.shp,9.202956;7.293124;4.987635;0.117751;-4.766567;-9.662423;-14.566307;-12.781590;-10.252750;-5.421471;-0.565886;4.309883,106.389061;120.204430;133.795395;132.636734;131.583801;130.626740;129.763702;115.696312;101.762085;103.094223;104.302101;105.397919,npp_d20151003_t1731466_e1737270_b20378,158.945,114.66,37.2446,99.0976,62.0738,66.2674
797,VBD_npp_d20151003_t1735240_x1125467E_y047479S_l1960_s1317_v23,2017-06-01 16:11:27,-4.747941,112.546684,17.1629,2015-10-03 17:35:24,2015-10-04 00:35:24,1960,1317,0.319834,1,2529,0.650297,0.160967,0.90225,0.4,0.909703,0.75,0.0148926,0.0001,2.58757e-15,999999,-7.366021e-02,3,Indonesian Exclusive Economic Zone,WPP712,,SVDNB_npp_d20151003_t1731466_e1737270_b20378_c20151003233728467558_noaa_ops.h5,GDNBO_npp_d20151003_t1731466_e1737270_b20378_c20151003233728467298_noaa_ops.h5,SVI04_npp_d20151003_t1731466_e1737270_b20378_c20151003233728541959_noaa_ops.dspace_rad,VNFF_npp_d20151003_t1731466_e1737270_b20378_v21.csv,World_EEZ_v8_2014.shp,WPP_BFAR_merge.shp,KKP_IDN_merge_20161208.shp,VNF-VBD_npp_20120301-20151231_global_asia-enhanced_c201607211230.bitmask,NCEI_NGA.union.nga_lead2.add_2015ntl.mask,timezone.shp,VBD_platforms-recurring_2015_r20170330.shp,999999,VBD_bridges_c20160811.shp,9.202956;7.293124;4.987635;0.117751;-4.766567;-9.662423;-14.566307;-12.781590;-10.252750;-5.421471;-0.565886;4.309883,106.389061;120.204430;133.795395;132.636734;131.583801;130.626740;129.763702;115.696312;101.762085;103.094223;104.302101;105.397919,npp_d20151003_t1731466_e1737270_b20378,158.962,114.367,37.1607,99.1627,62.0005,66.3122
798,VBD_npp_d20151003_t1732278_x1148748E_y056032N_l0371_s1318_v23,2017-06-01 16:11:27,5.603241,114.874832,3.68701,2015-10-03 17:32:27,2015-10-04 01:32:27,371,1318,0.422761,7,117153,0.222236,0.0491444,0.830908,0.4,0.719408,0.75,0.0182995,0.0001,2.585e-13,999999,9.413037e-01,3,,,,SVDNB_npp_d20151003_t1731466_e1737270_b20378_c20151003233728467558_noaa_ops.h5,GDNBO_npp_d20151003_t1731466_e1737270_b20378_c20151003233728467298_noaa_ops.h5,SVI04_npp_d20151003_t1731466_e1737270_b20378_c20151003233728541959_noaa_ops.dspace_rad,VNFF_npp_d20151003_t1731466_e1737270_b20378_v21.csv,World_EEZ_v8_2014.shp,WPP_BFAR_merge.shp,KKP_IDN_merge_20161208.shp,VNF-VBD_npp_20120301-20151231_global_asia-enhanced_c201607211230.bitmask,NCEI_NGA.union.nga_lead2.add_2015ntl.mask,timezone.shp,VBD_platforms-recurring_2015_r20170330.shp,0.600009,VBD_bridges_c20160811.shp,9.202956;7.293124;4.987635;0.117751;-4.766567;-9.662423;-14.566307;-12.781590;-10.252750;-5.421471;-0.565886;4.309883,106.389061;120.204430;133.795395;132.636734;131.583801;130.626740;129.763702;115.696312;101.762085;103.094223;104.302101;105.397919,npp_d20151003_t1731466_e1737270_b20378,159.284,86.5829,37.1098,98.6853,56.7312,71.9036
799,VBD_npp_d20151003_t1735187_x1126271E_y044299S_l1911_s1318_v23,2017-06-01 16:11:27,-4.429913,112.627083,16.4037,2015-10-03 17:35:18,2015-10-04 00:35:18,1911,1318,0.376739,8,18913,0.709417,0.153281,0.868516,0.4,0.916762,0.75,0.0149551,0.0001,3.25587e-15,999999,-1.083353e-04,3,Indonesian Exclusive Economic Zone,WPP712,,SVDNB_npp_d20151003_t1731466_e1737270_b20378_c20151003233728467558_noaa_ops.h5,GDNBO_npp_d20151003_t1731466_e1737270_b20378_c20151003233728467298_noaa_ops.h5,SVI04_npp_d20151003_t1731466_e1737270_b20378_c20151003233728541959_noaa_ops.dspace_rad,VNFF_npp_d20151003_t1731466_e1737270_b20378_v21.csv,World_EEZ_v8_2014.shp,WPP_BFAR_merge.shp,KKP_IDN_merge_20161208.shp,VNF-VBD_npp_20120301-20151231_global_asia-enhanced_c201607211230.bitmask,NCEI_NGA.union.nga_lead2.add_2015ntl.mask,timezone.shp,VBD_platforms-recurring_2015_r20170330.shp,0.445038,VBD_bridges_c20160811.shp,9.202956;7.293124;4.987635;0.117751;-4.766567;-9.662423;-14.566307;-12.781590;-10.252750;-5.421471;-0.565886;4.309883,106.389061;120.204430;133.795395;132.636734;131.583801;130.626740;129.763702;115.696312;101.762085;103.094223;104.302101;105.397919,npp_d20151003_t1731466_e1737270_b20378,159.038,113.544,37.1207,99.2129,61.8178,66.4555
800,VBD_npp_d20151003_t1732261_x1148906E_y056196N_l0368_s1319_v23,2017-06-01 16:11:27,5.619608,114.890602,404.742,2015-10-03 17:32:26,2015-10-04 01:32:26,368,1319,0.966486,4,100845,1.57187,0.0490775,0.843915,0.4,0.981112,0.75,0.0183054,0.0001,2.41706e-13,999999,9.420184e-01,3,Malaysian Exclusive Economic Zone,,,SVDNB_npp_d20151003_t1731466_e1737270_b20378_c20151003233728467558_noaa_ops.h5,GDNBO_npp_d20151003_t1731466_e1737270_b20378_c20151003233728467298_noaa_ops.h5,SVI04_npp_d20151003_t1731466_e1737270_b20378_c20151003233728541959_noaa_ops.dspace_rad,VNFF_npp_d20151003_t1731466_e1737270_b20378_v21.csv,World_EEZ_v8_2014.shp,WPP_BFAR_merge.shp,KKP_IDN_merge_20161208.shp,VNF-VBD_npp_20120301-20151231_global_asia-enhanced_c201607211230.bitmask,NCEI_NGA.union.nga_lead2.add_2015ntl.mask,timezone.shp,VBD_platforms-recurring_2015_r20170330.shp,999999,VBD_bridges_c20160811.shp,9.202956;7.293124;4.987635;0.117751;-4.766567;-9.662423;-14.566307;-12.781590;-10.252750;-5.421471;-0.565886;4.309883,106.389061;120.204430;133.795395;132.636734;131.583801;130.626740;129.763702;115.696312;101.762085;103.094223;104.302101;105.397919,npp_d20151003_t1731466_e1737270_b20378,159.275,86.5418,37.0756,97.6415,56.7179,71.9132
801,VBD_npp_d20151003_t1735258_x1125327E_y048672S_l1978_s1319_v23,2017-06-01 16:11:27,-4.867216,112.532715,59.8585,2015-10-03 17:35:25,2015-10-04 00:35:25,1978,1319,0.362086,1,2529,1.07542,0.15203,0.883789,0.4,0.947669,0.75,0.0148785,0.0001,2.60724e-15,999999,1.186000e-02,3,Indonesian Exclusive Economic Zone,WPP712,,SVDNB_npp_d20151003_t1731466_e1737270_b20378_c20151003233728467558_noaa_ops.h5,GDNBO_npp_d20151003_t1731466_e1737270_b20378_c20151003233728467298_noaa_ops.h5,SVI04_npp_d20151003_t1731466_e1737270_b20378_c20151003233728541959_noaa_ops.dspace_rad,VNFF_npp_d20151003_t1731466_e1737270_b20378_v21.csv,World_EEZ_v8_2014.shp,WPP_BFAR_merge.shp,KKP_IDN_merge_20161208.shp,VNF-VBD_npp_20120301-20151231_global_asia-enhanced_c201607211230.bitmask,NCEI_NGA.union.nga_lead2.add_2015ntl.mask,timezone.shp,VBD_platforms-recurring_2015_r20170330.shp,999999,VBD_bridges_c20160811.shp,9.202956;7.293124;4.987635;0.117751;-4.766567;-9.662423;-14.566307;-12.781590;-10.252750;-5.421471;-0.565886;4.309883,106.389061;120.204430;133.795395;132.636734;131.583801;130.626740;129.763702;115.696312;101.762085;103.094223;104.302101;105.397919,npp_d20151003_t1731466_e1737270_b20378,158.918,114.656,37.0848,99.0155,62.0551,66.2542
802,VBD_npp_d20151003_t1732278_x1148900E_y056146N_l0369_s1320_v23,2017-06-01 16:11:27,5.614627,114.889954,149.325,2015-10-03 17:32:27,2015-10-04 01:32:27,369,1320,0.430159,4,100845,1.168,0.0490664,0.843915,0.4,0.951865,0.75,0.0183086,0.0001,2.87216e-13,999999,9.421369e-01,3,Malaysian Exclusive Economic Zone,,,SVDNB_npp_d20151003_t1731466_e1737270_b20378_c20151003233728467558_noaa_ops.h5,GDNBO_npp_d20151003_t1731466_e1737270_b20378_c20151003233728467298_noaa_ops.h5,SVI04_npp_d20151003_t1731466_e1737270_b20378_c20151003233728541959_noaa_ops.dspace_rad,VNFF_npp_d20151003_t1731466_e1737270_b20378_v21.csv,World_EEZ_v8_2014.shp,WPP_BFAR_merge.shp,KKP_IDN_merge_20161208.shp,VNF-VBD_npp_20120301-20151231_global_asia-enhanced_c201607211230.bitmask,NCEI_NGA.union.nga_lead2.add_2015ntl.mask,timezone.shp,VBD_platforms-recurring_2015_r20170330.shp,999999,VBD_bridges_c20160811.shp,9.202956;7.293124;4.987635;0.117751;-4.766567;-9.662423;-14.566307;-12.781590;-10.252750;-5.421471;-0.565886;4.309883,106.389061;120.204430;133.795395;132.636734;131.583801;130.626740;129.763702;115.696312;101.762085;103.094223;104.302101;105.397919,npp_d20151003_t1731466_e1737270_b20378,159.269,86.5567,37.0302,98.8465,56.7132,71.9093
803,VBD_npp_d20151003_t1732278_x1148935E_y055936N_l0372_s1321_v23,2017-06-01 16:11:27,5.593611,114.893509,3.20333,2015-10-03 17:32:27,2015-10-04 01:32:27,372,1321,0.420414,7,100513,0.151559,0.100251,0.828449,0.4,0.637256,0.75,0.0183103,0.0001,2.90002e-13,999999,3.949627e-01,3,,,,SVDNB_npp_d20151003_t1731466_e1737270_b20378_c20151003233728467558_noaa_ops.h5,GDNBO_npp_d20151003_t1731466_e1737270_b20378_c20151003233728467298_noaa_ops.h5,SVI04_npp_d20151003_t1731466_e1737270_b20378_c20151003233728541959_noaa_ops.dspace_rad,VNFF_npp_d20151003_t1731466_e1737270_b20378_v21.csv,World_EEZ_v8_2014.shp,WPP_BFAR_merge.shp,KKP_IDN_merge_20161208.shp,VNF-VBD_npp_20120301-20151231_global_asia-enhanced_c201607211230.bitmask,NCEI_NGA.union.nga_lead2.add_2015ntl.mask,timezone.shp,VBD_platforms-recurring_2015_r20170330.shp,999999,VBD_bridges_c20160811.shp,9.202956;7.293124;4.987635;0.117751;-4.766567;-9.662423;-14.566307;-12.781590;-10.252750;-5.421471;-0.565886;4.309883,106.389061;120.204430;133.795395;132.636734;131.583801;130.626740;129.763702;115.696312;101.762085;103.094223;104.302101;105.397919,npp_d20151003_t1731466_e1737270_b20378,159.266,86.613,36.9897,98.6084,56.7164,71.8954
804,VBD_npp_d20151003_t1735169_x1126639E_y043692S_l1901_s1321_v23,2017-06-01 16:11:27,-4.369236,112.663857,59.9711,2015-10-03 17:35:16,2015-10-04 00:35:16,1901,1321,0.387338,1,2529,1.11196,0.150388,0.914916,0.4,0.963393,0.75,0.0149782,0.0001,3.60604e-15,999999,2.757302e-02,3,Indonesian Exclusive Economic Zone,WPP712,,SVDNB_npp_d20151003_t1731466_e1737270_b20378_c20151003233728467558_noaa_ops.h5,GDNBO_npp_d20151003_t1731466_e1737270_b20378_c20151003233728467298_noaa_ops.h5,SVI04_npp_d20151003_t1731466_e1737270_b20378_c20151003233728541959_noaa_ops.dspace_rad,VNFF_npp_d20151003_t1731466_e1737270_b20378_v21.csv,World_EEZ_v8_2014.shp,WPP_BFAR_merge.shp,KKP_IDN_merge_20161208.shp,VNF-VBD_npp_20120301-20151231_global_asia-enhanced_c201607211230.bitmask,NCEI_NGA.union.nga_lead2.add_2015ntl.mask,timezone.shp,VBD_platforms-recurring_2015_r20170330.shp,999999,VBD_bridges_c20160811.shp,9.202956;7.293124;4.987635;0.117751;-4.766567;-9.662423;-14.566307;-12.781590;-10.252750;-5.421471;-0.565886;4.309883,106.389061;120.204430;133.795395;132.636734;131.583801;130.626740;129.763702;115.696312;101.762085;103.094223;104.302101;105.397919,npp_d20151003_t1731466_e1737270_b20378,159.035,113.366,37.0051,98.7214,61.7661,66.4776
805,VBD_npp_d20151003_t1735204_x1126124E_y045975S_l1936_s1321_v23,2017-06-01 16:11:27,-4.597456,112.612411,9.88135,2015-10-03 17:35:20,2015-10-04 00:35:20,1936,1321,0.303901,8,18913,0.445172,0.156242,0.8454,0.4,0.845668,0.75,0.0149362,0.0001,3.08812e-15,999999,-2.844257e-02,3,Indonesian Exclusive Economic Zone,WPP712,,SVDNB_npp_d20151003_t1731466_e1737270_b20378_c20151003233728467558_noaa_ops.h5,GDNBO_npp_d20151003_t1731466_e1737270_b20378_c20151003233728467298_noaa_ops.h5,SVI04_npp_d20151003_t1731466_e1737270_b20378_c20151003233728541959_noaa_ops.dspace_rad,VNFF_npp_d20151003_t1731466_e1737270_b20378_v21.csv,World_EEZ_v8_2014.shp,WPP_BFAR_merge.shp,KKP_IDN_merge_20161208.shp,VNF-VBD_npp_20120301-20151231_global_asia-enhanced_c201607211230.bitmask,NCEI_NGA.union.nga_lead2.add_2015ntl.mask,timezone.shp,VBD_platforms-recurring_2015_r20170330.shp,0.798039,VBD_bridges_c20160811.shp,9.202956;7.293124;4.987635;0.117751;-4.766567;-9.662423;-14.566307;-12.781590;-10.252750;-5.421471;-0.565886;4.309883,106.389061;120.204430;133.795395;132.636734;131.583801;130.626740;129.763702;115.696312;101.762085;103.094223;104.302101;105.397919,npp_d20151003_t1731466_e1737270_b20378,158.977,113.951,37.0049,98.5032,61.8923,66.3727
806,VBD_npp_d20151003_t1735240_x1125696E_y047723S_l1963_s1321_v23,2017-06-01 16:11:27,-4.772250,112.569565,18.8797,2015-10-03 17:35:24,2015-10-04 00:35:24,1963,1321,0.33022,8,18913,0.683495,0.152992,0.870138,0.4,0.899696,0.75,0.0149039,0.0001,3.00434e-15,999999,2.653481e-03,3,Indonesian Exclusive Economic Zone,WPP712,,SVDNB_npp_d20151003_t1731466_e1737270_b20378_c20151003233728467558_noaa_ops.h5,GDNBO_npp_d20151003_t1731466_e1737270_b20378_c20151003233728467298_noaa_ops.h5,SVI04_npp_d20151003_t1731466_e1737270_b20378_c20151003233728541959_noaa_ops.dspace_rad,VNFF_npp_d20151003_t1731466_e1737270_b20378_v21.csv,World_EEZ_v8_2014.shp,WPP_BFAR_merge.shp,KKP_IDN_merge_20161208.shp,VNF-VBD_npp_20120301-20151231_global_asia-enhanced_c201607211230.bitmask,NCEI_NGA.union.nga_lead2.add_2015ntl.mask,timezone.shp,VBD_platforms-recurring_2015_r20170330.shp,0.336581,VBD_bridges_c20160811.shp,9.202956;7.293124;4.987635;0.117751;-4.766567;-9.662423;-14.566307;-12.781590;-10.252750;-5.421471;-0.565886;4.309883,106.389061;120.204430;133.795395;132.636734;131.583801;130.626740;129.763702;115.696312;101.762085;103.094223;104.302101;105.397919,npp_d20151003_t1731466_e1737270_b20378,158.931,114.398,37.0015,98.9217,61.9893,66.293
807,VBD_npp_d20151003_t1735204_x1126267E_y045518S_l1929_s1322_v23,2017-06-01 16:11:27,-4.551815,112.626656,16.4327,2015-10-03 17:35:20,2015-10-04 00:35:20,1929,1322,0.337688,1,2529,0.646142,0.150586,0.859449,0.4,0.913676,0.75,0.0149484,0.0001,3.62963e-15,999999,2.568074e-02,3,Indonesian Exclusive Economic Zone,WPP712,,SVDNB_npp_d20151003_t1731466_e1737270_b20378_c20151003233728467558_noaa_ops.h5,GDNBO_npp_d20151003_t1731466_e1737270_b20378_c20151003233728467298_noaa_ops.h5,SVI04_npp_d20151003_t1731466_e1737270_b20378_c20151003233728541959_noaa_ops.dspace_rad,VNFF_npp_d20151003_t1731466_e1737270_b20378_v21.csv,World_EEZ_v8_2014.shp,WPP_BFAR_merge.shp,KKP_IDN_merge_20161208.shp,VNF-VBD_npp_20120301-20151231_global_asia-enhanced_c201607211230.bitmask,NCEI_NGA.union.nga_lead2.add_2015ntl.mask,timezone.shp,VBD_platforms-recurring_2015_r20170330.shp,999999,VBD_bridges_c20160811.shp,9.202956;7.293124;4.987635;0.117751;-4.766567;-9.662423;-14.566307;-12.781590;-10.252750;-5.421471;-0.565886;4.309883,106.389061;120.204430;133.795395;132.636734;131.583801;130.626740;129.763702;115.696312;101.762085;103.094223;104.302101;105.397919,npp_d20151003_t1731466_e1737270_b20378,158.982,113.827,36.9619,99.0594,61.8607,66.3916
808,VBD_npp_d20151003_t1735222_x1126115E_y046024S_l1937_s1322_v23,2017-06-01 16:11:27,-4.602403,112.611504,18.932,2015-10-03 17:35:22,2015-10-04 00:35:22,1937,1322,0.301767,1,2529,0.679316,0.159714,0.8454,0.4,0.908719,0.75,0.0149388,0.0001,3.90978e-15,999999,-6.167310e-02,3,Indonesian Exclusive Economic Zone,WPP712,,SVDNB_npp_d20151003_t1731466_e1737270_b20378_c20151003233728467558_noaa_ops.h5,GDNBO_npp_d20151003_t1731466_e1737270_b20378_c20151003233728467298_noaa_ops.h5,SVI04_npp_d20151003_t1731466_e1737270_b20378_c20151003233728541959_noaa_ops.dspace_rad,VNFF_npp_d20151003_t1731466_e1737270_b20378_v21.csv,World_EEZ_v8_2014.shp,WPP_BFAR_merge.shp,KKP_IDN_merge_20161208.shp,VNF-VBD_npp_20120301-20151231_global_asia-enhanced_c201607211230.bitmask,NCEI_NGA.union.nga_lead2.add_2015ntl.mask,timezone.shp,VBD_platforms-recurring_2015_r20170330.shp,999999,VBD_bridges_c20160811.shp,9.202956;7.293124;4.987635;0.117751;-4.766567;-9.662423;-14.566307;-12.781590;-10.252750;-5.421471;-0.565886;4.309883,106.389061;120.204430;133.795395;132.636734;131.583801;130.626740;129.763702;115.696312;101.762085;103.094223;104.302101;105.397919,npp_d20151003_t1731466_e1737270_b20378,158.969,113.956,36.9603,99.7088,61.8885,66.3683
809,VBD_npp_d20151003_t1732261_x1149168E_y056158N_l0368_s1323_v23,2017-06-01 16:11:27,5.615830,114.916809,12.0087,2015-10-03 17:32:26,2015-10-04 01:32:26,368,1323,0.428238,9,117217,0.369685,0.164954,0.8041,0.4,0.78872,0.75,0.0183209,0.0001,2.85806e-13,999999,1.184428e-01,3,,,,SVDNB_npp_d20151003_t1731466_e1737270_b20378_c20151003233728467558_noaa_ops.h5,GDNBO_npp_d20151003_t1731466_e1737270_b20378_c20151003233728467298_noaa_ops.h5,SVI04_npp_d20151003_t1731466_e1737270_b20378_c20151003233728541959_noaa_ops.dspace_rad,VNFF_npp_d20151003_t1731466_e1737270_b20378_v21.csv,World_EEZ_v8_2014.shp,WPP_BFAR_merge.shp,KKP_IDN_merge_20161208.shp,VNF-VBD_npp_20120301-20151231_global_asia-enhanced_c201607211230.bitmask,NCEI_NGA.union.nga_lead2.add_2015ntl.mask,timezone.shp,VBD_platforms-recurring_2015_r20170330.shp,0.3707,VBD_bridges_c20160811.shp,9.202956;7.293124;4.987635;0.117751;-4.766567;-9.662423;-14.566307;-12.781590;-10.252750;-5.421471;-0.565886;4.309883,106.389061;120.204430;133.795395;132.636734;131.583801;130.626740;129.763702;115.696312;101.762085;103.094223;104.302101;105.397919,npp_d20151003_t1731466_e1737270_b20378,159.249,86.5585,36.9158,97.6415,56.694,71.9079
810,VBD_npp_d20151003_t1735560_x1121377E_y066669S_l2254_s1323_v23,2017-06-01 16:11:27,-6.666923,112.137657,10.4616,2015-10-03 17:35:56,2015-10-04 00:35:56,2254,1323,0.357392,1,2529,0.554824,0.132363,0.850978,0.4,0.934145,0.75,0.014158,0.0001,1.12601e-15,999999,2.000553e-01,3,Indonesian Exclusive Economic Zone,WPP712,,SVDNB_npp_d20151003_t1731466_e1737270_b20378_c20151003233728467558_noaa_ops.h5,GDNBO_npp_d20151003_t1731466_e1737270_b20378_c20151003233728467298_noaa_ops.h5,SVI04_npp_d20151003_t1731466_e1737270_b20378_c20151003233728541959_noaa_ops.dspace_rad,VNFF_npp_d20151003_t1731466_e1737270_b20378_v21.csv,World_EEZ_v8_2014.shp,WPP_BFAR_merge.shp,KKP_IDN_merge_20161208.shp,VNF-VBD_npp_20120301-20151231_global_asia-enhanced_c201607211230.bitmask,NCEI_NGA.union.nga_lead2.add_2015ntl.mask,timezone.shp,VBD_platforms-recurring_2015_r20170330.shp,999999,VBD_bridges_c20160811.shp,9.202956;7.293124;4.987635;0.117751;-4.766567;-9.662423;-14.566307;-12.781590;-10.252750;-5.421471;-0.565886;4.309883,106.389061;120.204430;133.795395;132.636734;131.583801;130.626740;129.763702;115.696312;101.762085;103.094223;104.302101;105.397919,npp_d20151003_t1731466_e1737270_b20378,158.343,119.097,36.9286,98.8708,63.0474,65.4574
811,VBD_npp_d20151003_t1732278_x1149161E_y056107N_l0369_s1324_v23,2017-06-01 16:11:27,5.610673,114.916100,11.3425,2015-10-03 17:32:27,2015-10-04 01:32:27,369,1324,0.425606,9,117217,0.375237,0.167352,0.8041,0.4,0.764347,0.75,0.018324,0.0001,3.39331e-13,999999,9.883894e-02,3,,,,SVDNB_npp_d20151003_t1731466_e1737270_b20378_c20151003233728467558_noaa_ops.h5,GDNBO_npp_d20151003_t1731466_e1737270_b20378_c20151003233728467298_noaa_ops.h5,SVI04_npp_d20151003_t1731466_e1737270_b20378_c20151003233728541959_noaa_ops.dspace_rad,VNFF_npp_d20151003_t1731466_e1737270_b20378_v21.csv,World_EEZ_v8_2014.shp,WPP_BFAR_merge.shp,KKP_IDN_merge_20161208.shp,VNF-VBD_npp_20120301-20151231_global_asia-enhanced_c201607211230.bitmask,NCEI_NGA.union.nga_lead2.add_2015ntl.mask,timezone.shp,VBD_platforms-recurring_2015_r20170330.shp,0.212549,VBD_bridges_c20160811.shp,9.202956;7.293124;4.987635;0.117751;-4.766567;-9.662423;-14.566307;-12.781590;-10.252750;-5.421471;-0.565886;4.309883,106.389061;120.204430;133.795395;132.636734;131.583801;130.626740;129.763702;115.696312;101.762085;103.094223;104.302101;105.397919,npp_d20151003_t1731466_e1737270_b20378,159.243,86.5738,36.8703,98.851,56.6895,71.9038
812,VBD_npp_d20151003_t1735169_x1126845E_y043657S_l1900_s1324_v23,2017-06-01 16:11:27,-4.365721,112.684540,41.415,2015-10-03 17:35:16,2015-10-04 00:35:16,1900,1324,0.385346,1,2529,0.958922,0.145133,0.904885,0.4,0.954009,0.75,0.0149906,0.0001,4.24095e-15,999999,7.786414e-02,3,Indonesian Exclusive Economic Zone,WPP712,,SVDNB_npp_d20151003_t1731466_e1737270_b20378_c20151003233728467558_noaa_ops.h5,GDNBO_npp_d20151003_t1731466_e1737270_b20378_c20151003233728467298_noaa_ops.h5,SVI04_npp_d20151003_t1731466_e1737270_b20378_c20151003233728541959_noaa_ops.dspace_rad,VNFF_npp_d20151003_t1731466_e1737270_b20378_v21.csv,World_EEZ_v8_2014.shp,WPP_BFAR_merge.shp,KKP_IDN_merge_20161208.shp,VNF-VBD_npp_20120301-20151231_global_asia-enhanced_c201607211230.bitmask,NCEI_NGA.union.nga_lead2.add_2015ntl.mask,timezone.shp,VBD_platforms-recurring_2015_r20170330.shp,999999,VBD_bridges_c20160811.shp,9.202956;7.293124;4.987635;0.117751;-4.766567;-9.662423;-14.566307;-12.781590;-10.252750;-5.421471;-0.565886;4.309883,106.389061;120.204430;133.795395;132.636734;131.583801;130.626740;129.763702;115.696312;101.762085;103.094223;104.302101;105.397919,npp_d20151003_t1731466_e1737270_b20378,159.018,113.334,36.8848,98.7984,61.7456,66.4732
813,VBD_npp_d20151003_t1732136_x1150897E_y063516N_l0255_s1325_v23,2017-06-01 16:11:27,6.351575,115.089714,7.47282,2015-10-03 17:32:13,2015-10-04 01:32:13,255,1325,0.409673,1,2529,0.486769,0.186938,0.812542,0.4,0.954844,0.75,0.0184697,0.0001,4.04765e-13,999999,-6.124422e-02,3,Malaysian Exclusive Economic Zone,,,SVDNB_npp_d20151003_t1731466_e1737270_b20378_c20151003233728467558_noaa_ops.h5,GDNBO_npp_d20151003_t1731466_e1737270_b20378_c20151003233728467298_noaa_ops.h5,SVI04_npp_d20151003_t1731466_e1737270_b20378_c20151003233728541959_noaa_ops.dspace_rad,VNFF_npp_d20151003_t1731466_e1737270_b20378_v21.csv,World_EEZ_v8_2014.shp,WPP_BFAR_merge.shp,KKP_IDN_merge_20161208.shp,VNF-VBD_npp_20120301-20151231_global_asia-enhanced_c201607211230.bitmask,NCEI_NGA.union.nga_lead2.add_2015ntl.mask,timezone.shp,VBD_platforms-recurring_2015_r20170330.shp,999999,VBD_bridges_c20160811.shp,9.202956;7.293124;4.987635;0.117751;-4.766567;-9.662423;-14.566307;-12.781590;-10.252750;-5.421471;-0.565886;4.309883,106.389061;120.204430;133.795395;132.636734;131.583801;130.626740;129.763702;115.696312;101.762085;103.094223;104.302101;105.397919,npp_d20151003_t1731466_e1737270_b20378,159.073,84.6679,36.8324,97.675,56.3488,72.3724
814,VBD_npp_d20151003_t1732136_x1151028E_y063497N_l0255_s1327_v23,2017-06-01 16:11:27,6.349699,115.102768,5.40742,2015-10-03 17:32:13,2015-10-04 01:32:13,255,1327,0.413087,8,18913,0.380037,0.177858,0.799992,0.4,0.922079,0.75,0.0184774,0.0001,4.39421e-13,999999,1.297020e-02,3,Malaysian Exclusive Economic Zone,,,SVDNB_npp_d20151003_t1731466_e1737270_b20378_c20151003233728467558_noaa_ops.h5,GDNBO_npp_d20151003_t1731466_e1737270_b20378_c20151003233728467298_noaa_ops.h5,SVI04_npp_d20151003_t1731466_e1737270_b20378_c20151003233728541959_noaa_ops.dspace_rad,VNFF_npp_d20151003_t1731466_e1737270_b20378_v21.csv,World_EEZ_v8_2014.shp,WPP_BFAR_merge.shp,KKP_IDN_merge_20161208.shp,VNF-VBD_npp_20120301-20151231_global_asia-enhanced_c201607211230.bitmask,NCEI_NGA.union.nga_lead2.add_2015ntl.mask,timezone.shp,VBD_platforms-recurring_2015_r20170330.shp,0.158172,VBD_bridges_c20160811.shp,9.202956;7.293124;4.987635;0.117751;-4.766567;-9.662423;-14.566307;-12.781590;-10.252750;-5.421471;-0.565886;4.309883,106.389061;120.204430;133.795395;132.636734;131.583801;130.626740;129.763702;115.696312;101.762085;103.094223;104.302101;105.397919,npp_d20151003_t1731466_e1737270_b20378,159.06,84.6774,36.7525,97.6754,56.3369,72.3699
815,VBD_npp_d20151003_t1735578_x1121496E_y067152S_l2261_s1327_v23,2017-06-01 16:11:27,-6.715196,112.149612,5.60352,2015-10-03 17:35:57,2015-10-04 00:35:57,2261,1327,0.36671,8,18913,0.364189,0.128844,0.814696,0.4,0.87766,0.75,0.0141539,0.0001,1.52102e-15,999999,2.337345e-01,3,Indonesian Exclusive Economic Zone,WPP712,,SVDNB_npp_d20151003_t1731466_e1737270_b20378_c20151003233728467558_noaa_ops.h5,GDNBO_npp_d20151003_t1731466_e1737270_b20378_c20151003233728467298_noaa_ops.h5,SVI04_npp_d20151003_t1731466_e1737270_b20378_c20151003233728541959_noaa_ops.dspace_rad,VNFF_npp_d20151003_t1731466_e1737270_b20378_v21.csv,World_EEZ_v8_2014.shp,WPP_BFAR_merge.shp,KKP_IDN_merge_20161208.shp,VNF-VBD_npp_20120301-20151231_global_asia-enhanced_c201607211230.bitmask,NCEI_NGA.union.nga_lead2.add_2015ntl.mask,timezone.shp,VBD_platforms-recurring_2015_r20170330.shp,0.585474,VBD_bridges_c20160811.shp,9.202956;7.293124;4.987635;0.117751;-4.766567;-9.662423;-14.566307;-12.781590;-10.252750;-5.421471;-0.565886;4.309883,106.389061;120.204430;133.795395;132.636734;131.583801;130.626740;129.763702;115.696312;101.762085;103.094223;104.302101;105.397919,npp_d20151003_t1731466_e1737270_b20378,158.302,119.177,36.7644,99.5983,63.0502,65.4278
816,VBD_npp_d20151003_t1735240_x1126228E_y047741S_l1962_s1329_v23,2017-06-01 16:11:27,-4.774065,112.622787,22.2151,2015-10-03 17:35:24,2015-10-04 00:35:24,1962,1329,0.331927,8,18913,0.759485,0.150605,0.861617,0.4,0.929471,0.75,0.0149348,0.0001,4.51216e-15,999999,2.550053e-02,3,Indonesian Exclusive Economic Zone,WPP712,,SVDNB_npp_d20151003_t1731466_e1737270_b20378_c20151003233728467558_noaa_ops.h5,GDNBO_npp_d20151003_t1731466_e1737270_b20378_c20151003233728467298_noaa_ops.h5,SVI04_npp_d20151003_t1731466_e1737270_b20378_c20151003233728541959_noaa_ops.dspace_rad,VNFF_npp_d20151003_t1731466_e1737270_b20378_v21.csv,World_EEZ_v8_2014.shp,WPP_BFAR_merge.shp,KKP_IDN_merge_20161208.shp,VNF-VBD_npp_20120301-20151231_global_asia-enhanced_c201607211230.bitmask,NCEI_NGA.union.nga_lead2.add_2015ntl.mask,timezone.shp,VBD_platforms-recurring_2015_r20170330.shp,0.240205,VBD_bridges_c20160811.shp,9.202956;7.293124;4.987635;0.117751;-4.766567;-9.662423;-14.566307;-12.781590;-10.252750;-5.421471;-0.565886;4.309883,106.389061;120.204430;133.795395;132.636734;131.583801;130.626740;129.763702;115.696312;101.762085;103.094223;104.302101;105.397919,npp_d20151003_t1731466_e1737270_b20378,158.882,114.341,36.6814,98.9954,61.9411,66.2758
817,VBD_npp_d20151003_t1735222_x1126537E_y046709S_l1946_s1330_v23,2017-06-01 16:11:27,-4.670899,112.653671,19.4076,2015-10-03 17:35:22,2015-10-04 00:35:22,1946,1330,0.31073,1,2529,0.663761,0.145429,0.841359,0.4,0.901161,0.75,0.0149577,0.0001,5.00404e-15,999999,7.502810e-02,3,Indonesian Exclusive Economic Zone,WPP712,,SVDNB_npp_d20151003_t1731466_e1737270_b20378_c20151003233728467558_noaa_ops.h5,GDNBO_npp_d20151003_t1731466_e1737270_b20378_c20151003233728467298_noaa_ops.h5,SVI04_npp_d20151003_t1731466_e1737270_b20378_c20151003233728541959_noaa_ops.dspace_rad,VNFF_npp_d20151003_t1731466_e1737270_b20378_v21.csv,World_EEZ_v8_2014.shp,WPP_BFAR_merge.shp,KKP_IDN_merge_20161208.shp,VNF-VBD_npp_20120301-20151231_global_asia-enhanced_c201607211230.bitmask,NCEI_NGA.union.nga_lead2.add_2015ntl.mask,timezone.shp,VBD_platforms-recurring_2015_r20170330.shp,999999,VBD_bridges_c20160811.shp,9.202956;7.293124;4.987635;0.117751;-4.766567;-9.662423;-14.566307;-12.781590;-10.252750;-5.421471;-0.565886;4.309883,106.389061;120.204430;133.795395;132.636734;131.583801;130.626740;129.763702;115.696312;101.762085;103.094223;104.302101;105.397919,npp_d20151003_t1731466_e1737270_b20378,158.903,114.071,36.6409,98.9863,61.8774,66.3209
818,VBD_npp_d20151003_t1735169_x1127473E_y043486S_l1896_s1333_v23,2017-06-01 16:11:27,-4.348587,112.747322,16.4796,2015-10-03 17:35:16,2015-10-04 00:35:16,1896,1333,0.377522,1,2529,0.700984,0.132272,0.8655,0.4,0.943366,0.75,0.0150289,0.0001,6.96413e-15,999999,2.009298e-01,3,Indonesian Exclusive Economic Zone,WPP712,,SVDNB_npp_d20151003_t1731466_e1737270_b20378_c20151003233728467558_noaa_ops.h5,GDNBO_npp_d20151003_t1731466_e1737270_b20378_c20151003233728467298_noaa_ops.h5,SVI04_npp_d20151003_t1731466_e1737270_b20378_c20151003233728541959_noaa_ops.dspace_rad,VNFF_npp_d20151003_t1731466_e1737270_b20378_v21.csv,World_EEZ_v8_2014.shp,WPP_BFAR_merge.shp,KKP_IDN_merge_20161208.shp,VNF-VBD_npp_20120301-20151231_global_asia-enhanced_c201607211230.bitmask,NCEI_NGA.union.nga_lead2.add_2015ntl.mask,timezone.shp,VBD_platforms-recurring_2015_r20170330.shp,999999,VBD_bridges_c20160811.shp,9.202956;7.293124;4.987635;0.117751;-4.766567;-9.662423;-14.566307;-12.781590;-10.252750;-5.421471;-0.565886;4.309883,106.389061;120.204430;133.795395;132.636734;131.583801;130.626740;129.763702;115.696312;101.762085;103.094223;104.302101;105.397919,npp_d20151003_t1731466_e1737270_b20378,158.967,113.224,36.5242,99.1127,61.6808,66.4633
819,VBD_npp_d20151003_t1735222_x1126720E_y046807S_l1947_s1333_v23,2017-06-01 16:11:27,-4.680696,112.672005,29.1725,2015-10-03 17:35:22,2015-10-04 00:35:22,1947,1333,0.31137,8,18913,0.793946,0.173175,0.866058,0.4,0.910751,0.75,0.0149677,0.0001,5.68977e-15,999999,-1.904806e-01,3,Indonesian Exclusive Economic Zone,WPP712,,SVDNB_npp_d20151003_t1731466_e1737270_b20378_c20151003233728467558_noaa_ops.h5,GDNBO_npp_d20151003_t1731466_e1737270_b20378_c20151003233728467298_noaa_ops.h5,SVI04_npp_d20151003_t1731466_e1737270_b20378_c20151003233728541959_noaa_ops.dspace_rad,VNFF_npp_d20151003_t1731466_e1737270_b20378_v21.csv,World_EEZ_v8_2014.shp,WPP_BFAR_merge.shp,KKP_IDN_merge_20161208.shp,VNF-VBD_npp_20120301-20151231_global_asia-enhanced_c201607211230.bitmask,NCEI_NGA.union.nga_lead2.add_2015ntl.mask,timezone.shp,VBD_platforms-recurring_2015_r20170330.shp,0.372947,VBD_bridges_c20160811.shp,9.202956;7.293124;4.987635;0.117751;-4.766567;-9.662423;-14.566307;-12.781590;-10.252750;-5.421471;-0.565886;4.309883,106.389061;120.204430;133.795395;132.636734;131.583801;130.626740;129.763702;115.696312;101.762085;103.094223;104.302101;105.397919,npp_d20151003_t1731466_e1737270_b20378,158.882,114.073,36.5214,98.9037,61.8645,66.3103
820,VBD_npp_d20151003_t1735240_x1126639E_y047263S_l1954_s1334_v23,2017-06-01 16:11:27,-4.726255,112.663933,20.3779,2015-10-03 17:35:24,2015-10-04 00:35:24,1954,1334,0.322822,1,2529,0.718872,0.151618,0.860907,0.4,0.926335,0.75,0.014963,0.0001,6.50876e-15,999999,1.580141e-02,3,Indonesian Exclusive Economic Zone,WPP712,,SVDNB_npp_d20151003_t1731466_e1737270_b20378_c20151003233728467558_noaa_ops.h5,GDNBO_npp_d20151003_t1731466_e1737270_b20378_c20151003233728467298_noaa_ops.h5,SVI04_npp_d20151003_t1731466_e1737270_b20378_c20151003233728541959_noaa_ops.dspace_rad,VNFF_npp_d20151003_t1731466_e1737270_b20378_v21.csv,World_EEZ_v8_2014.shp,WPP_BFAR_merge.shp,KKP_IDN_merge_20161208.shp,VNF-VBD_npp_20120301-20151231_global_asia-enhanced_c201607211230.bitmask,NCEI_NGA.union.nga_lead2.add_2015ntl.mask,timezone.shp,VBD_platforms-recurring_2015_r20170330.shp,999999,VBD_bridges_c20160811.shp,9.202956;7.293124;4.987635;0.117751;-4.766567;-9.662423;-14.566307;-12.781590;-10.252750;-5.421471;-0.565886;4.309883,106.389061;120.204430;133.795395;132.636734;131.583801;130.626740;129.763702;115.696312;101.762085;103.094223;104.302101;105.397919,npp_d20151003_t1731466_e1737270_b20378,158.864,114.181,36.4814,99.636,61.8838,66.2875
821,VBD_npp_d20151003_t1732278_x1149826E_y055667N_l0374_s1335_v23,2017-06-01 16:11:27,5.566698,114.982559,2552.95,2015-10-03 17:32:27,2015-10-04 01:32:27,374,1335,0.41892,4,100837,1.64343,0.188212,0.71122,0.4,0.946702,0.75,0.0183629,0.0001,5.05649e-13,999999,-7.165436e-02,3,Malaysian Exclusive Economic Zone,,,SVDNB_npp_d20151003_t1731466_e1737270_b20378_c20151003233728467558_noaa_ops.h5,GDNBO_npp_d20151003_t1731466_e1737270_b20378_c20151003233728467298_noaa_ops.h5,SVI04_npp_d20151003_t1731466_e1737270_b20378_c20151003233728541959_noaa_ops.dspace_rad,VNFF_npp_d20151003_t1731466_e1737270_b20378_v21.csv,World_EEZ_v8_2014.shp,WPP_BFAR_merge.shp,KKP_IDN_merge_20161208.shp,VNF-VBD_npp_20120301-20151231_global_asia-enhanced_c201607211230.bitmask,NCEI_NGA.union.nga_lead2.add_2015ntl.mask,timezone.shp,VBD_platforms-recurring_2015_r20170330.shp,999999,VBD_bridges_c20160811.shp,9.202956;7.293124;4.987635;0.117751;-4.766567;-9.662423;-14.566307;-12.781590;-10.252750;-5.421471;-0.565886;4.309883,106.389061;120.204430;133.795395;132.636734;131.583801;130.626740;129.763702;115.696312;101.762085;103.094223;104.302101;105.397919,npp_d20151003_t1731466_e1737270_b20378,159.179,86.7061,36.4308,98.4593,56.6398,71.868
822,VBD_npp_d20151003_t1735578_x1122172E_y067119S_l2259_s1337_v23,2017-06-01 16:11:27,-6.711855,112.217155,21.2478,2015-10-03 17:35:57,2015-10-04 00:35:57,2259,1337,0.289461,11,18913,0.765253,0.161605,0.856676,0.4,0.944161,0.75,0.0141961,0.0001,2.5988e-15,999999,-7.976528e-02,3,Indonesian Exclusive Economic Zone,WPP712,,SVDNB_npp_d20151003_t1731466_e1737270_b20378_c20151003233728467558_noaa_ops.h5,GDNBO_npp_d20151003_t1731466_e1737270_b20378_c20151003233728467298_noaa_ops.h5,SVI04_npp_d20151003_t1731466_e1737270_b20378_c20151003233728541959_noaa_ops.dspace_rad,VNFF_npp_d20151003_t1731466_e1737270_b20378_v21.csv,World_EEZ_v8_2014.shp,WPP_BFAR_merge.shp,KKP_IDN_merge_20161208.shp,VNF-VBD_npp_20120301-20151231_global_asia-enhanced_c201607211230.bitmask,NCEI_NGA.union.nga_lead2.add_2015ntl.mask,timezone.shp,VBD_platforms-recurring_2015_r20170330.shp,0.0896303,VBD_bridges_c20160811.shp,9.202956;7.293124;4.987635;0.117751;-4.766567;-9.662423;-14.566307;-12.781590;-10.252750;-5.421471;-0.565886;4.309883,106.389061;120.204430;133.795395;132.636734;131.583801;130.626740;129.763702;115.696312;101.762085;103.094223;104.302101;105.397919,npp_d20151003_t1731466_e1737270_b20378,158.245,119.08,36.3641,99.7666,62.9873,65.4068
823,VBD_npp_d20151003_t1735204_x1127539E_y045587S_l1927_s1341_v23,2017-06-01 16:11:27,-4.558666,112.753853,12.4993,2015-10-03 17:35:20,2015-10-04 00:35:20,1927,1341,0.371831,7,2465,0.382334,0.137373,0.855425,0.4,0.690289,0.75,0.0150215,0.0001,9.46219e-15,999999,1.521119e-01,3,,,,SVDNB_npp_d20151003_t1731466_e1737270_b20378_c20151003233728467558_noaa_ops.h5,GDNBO_npp_d20151003_t1731466_e1737270_b20378_c20151003233728467298_noaa_ops.h5,SVI04_npp_d20151003_t1731466_e1737270_b20378_c20151003233728541959_noaa_ops.dspace_rad,VNFF_npp_d20151003_t1731466_e1737270_b20378_v21.csv,World_EEZ_v8_2014.shp,WPP_BFAR_merge.shp,KKP_IDN_merge_20161208.shp,VNF-VBD_npp_20120301-20151231_global_asia-enhanced_c201607211230.bitmask,NCEI_NGA.union.nga_lead2.add_2015ntl.mask,timezone.shp,VBD_platforms-recurring_2015_r20170330.shp,999999,VBD_bridges_c20160811.shp,9.202956;7.293124;4.987635;0.117751;-4.766567;-9.662423;-14.566307;-12.781590;-10.252750;-5.421471;-0.565886;4.309883,106.389061;120.204430;133.795395;132.636734;131.583801;130.626740;129.763702;115.696312;101.762085;103.094223;104.302101;105.397919,npp_d20151003_t1731466_e1737270_b20378,158.864,113.7,36.1906,99.2128,61.7464,66.3498
824,VBD_npp_d20151003_t1735204_x1127629E_y045462S_l1925_s1342_v23,2017-06-01 16:11:27,-4.546191,112.762947,42.399,2015-10-03 17:35:20,2015-10-04 00:35:20,1925,1342,0.372827,1,2529,0.921521,0.159213,0.867601,0.4,0.939317,0.75,0.0150276,0.0001,1.02702e-14,999999,-5.687331e-02,3,Indonesian Exclusive Economic Zone,WPP712,,SVDNB_npp_d20151003_t1731466_e1737270_b20378_c20151003233728467558_noaa_ops.h5,GDNBO_npp_d20151003_t1731466_e1737270_b20378_c20151003233728467298_noaa_ops.h5,SVI04_npp_d20151003_t1731466_e1737270_b20378_c20151003233728541959_noaa_ops.dspace_rad,VNFF_npp_d20151003_t1731466_e1737270_b20378_v21.csv,World_EEZ_v8_2014.shp,WPP_BFAR_merge.shp,KKP_IDN_merge_20161208.shp,VNF-VBD_npp_20120301-20151231_global_asia-enhanced_c201607211230.bitmask,NCEI_NGA.union.nga_lead2.add_2015ntl.mask,timezone.shp,VBD_platforms-recurring_2015_r20170330.shp,999999,VBD_bridges_c20160811.shp,9.202956;7.293124;4.987635;0.117751;-4.766567;-9.662423;-14.566307;-12.781590;-10.252750;-5.421471;-0.565886;4.309883,106.389061;120.204430;133.795395;132.636734;131.583801;130.626740;129.763702;115.696312;101.762085;103.094223;104.302101;105.397919,npp_d20151003_t1731466_e1737270_b20378,158.86,113.661,36.1479,99.3793,61.733,66.3534
825,VBD_npp_d20151003_t1735133_x1128678E_y041661S_l1866_s1344_v23,2017-06-01 16:11:27,-4.166063,112.867783,38.8961,2015-10-03 17:35:13,2015-10-04 00:35:13,1866,1344,0.38058,8,18913,0.962316,0.154787,0.873288,0.4,0.95203,0.75,0.0151309,0.0001,1.29067e-14,999999,-1.451721e-02,3,Indonesian Exclusive Economic Zone,WPP712,,SVDNB_npp_d20151003_t1731466_e1737270_b20378_c20151003233728467558_noaa_ops.h5,GDNBO_npp_d20151003_t1731466_e1737270_b20378_c20151003233728467298_noaa_ops.h5,SVI04_npp_d20151003_t1731466_e1737270_b20378_c20151003233728541959_noaa_ops.dspace_rad,VNFF_npp_d20151003_t1731466_e1737270_b20378_v21.csv,World_EEZ_v8_2014.shp,WPP_BFAR_merge.shp,KKP_IDN_merge_20161208.shp,VNF-VBD_npp_20120301-20151231_global_asia-enhanced_c201607211230.bitmask,NCEI_NGA.union.nga_lead2.add_2015ntl.mask,timezone.shp,VBD_platforms-recurring_2015_r20170330.shp,0.140803,VBD_bridges_c20160811.shp,9.202956;7.293124;4.987635;0.117751;-4.766567;-9.662423;-14.566307;-12.781590;-10.252750;-5.421471;-0.565886;4.309883,106.389061;120.204430;133.795395;132.636734;131.583801;130.626740;129.763702;115.696312;101.762085;103.094223;104.302101;105.397919,npp_d20151003_t1731466_e1737270_b20378,158.941,112.673,36.063,98.9195,61.5096,66.5255
826,VBD_npp_d20151003_t1735204_x1127971E_y045518S_l1925_s1347_v23,2017-06-01 16:11:27,-4.551817,112.797127,43.6699,2015-10-03 17:35:20,2015-10-04 00:35:20,1925,1347,0.375743,1,2529,0.920102,0.143071,0.873709,0.4,0.938663,0.75,0.0150462,0.0001,1.31783e-14,999999,9.758807e-02,3,Indonesian Exclusive Economic Zone,WPP712,,SVDNB_npp_d20151003_t1731466_e1737270_b20378_c20151003233728467558_noaa_ops.h5,GDNBO_npp_d20151003_t1731466_e1737270_b20378_c20151003233728467298_noaa_ops.h5,SVI04_npp_d20151003_t1731466_e1737270_b20378_c20151003233728541959_noaa_ops.dspace_rad,VNFF_npp_d20151003_t1731466_e1737270_b20378_v21.csv,World_EEZ_v8_2014.shp,WPP_BFAR_merge.shp,KKP_IDN_merge_20161208.shp,VNF-VBD_npp_20120301-20151231_global_asia-enhanced_c201607211230.bitmask,NCEI_NGA.union.nga_lead2.add_2015ntl.mask,timezone.shp,VBD_platforms-recurring_2015_r20170330.shp,999999,VBD_bridges_c20160811.shp,9.202956;7.293124;4.987635;0.117751;-4.766567;-9.662423;-14.566307;-12.781590;-10.252750;-5.421471;-0.565886;4.309883,106.389061;120.204430;133.795395;132.636734;131.583801;130.626740;129.763702;115.696312;101.762085;103.094223;104.302101;105.397919,npp_d20151003_t1731466_e1737270_b20378,158.827,113.636,35.9348,99.3776,61.7038,66.3402
827,VBD_npp_d20151003_t1735382_x1125994E_y055727S_l2081_s1353_v23,2017-06-01 16:11:27,-5.572657,112.599388,7.67276,2015-10-03 17:35:38,2015-10-04 00:35:38,2081,1353,0.339467,1,2529,0.444765,0.145918,0.807631,0.4,0.896253,0.75,0.0147334,0.0001,1.12018e-14,999999,7.034889e-02,3,Indonesian Exclusive Economic Zone,WPP712,,SVDNB_npp_d20151003_t1731466_e1737270_b20378_c20151003233728467558_noaa_ops.h5,GDNBO_npp_d20151003_t1731466_e1737270_b20378_c20151003233728467298_noaa_ops.h5,SVI04_npp_d20151003_t1731466_e1737270_b20378_c20151003233728541959_noaa_ops.dspace_rad,VNFF_npp_d20151003_t1731466_e1737270_b20378_v21.csv,World_EEZ_v8_2014.shp,WPP_BFAR_merge.shp,KKP_IDN_merge_20161208.shp,VNF-VBD_npp_20120301-20151231_global_asia-enhanced_c201607211230.bitmask,NCEI_NGA.union.nga_lead2.add_2015ntl.mask,timezone.shp,VBD_platforms-recurring_2015_r20170330.shp,999999,VBD_bridges_c20160811.shp,9.202956;7.293124;4.987635;0.117751;-4.766567;-9.662423;-14.566307;-12.781590;-10.252750;-5.421471;-0.565886;4.309883,106.389061;120.204430;133.795395;132.636734;131.583801;130.626740;129.763702;115.696312;101.762085;103.094223;104.302101;105.397919,npp_d20151003_t1731466_e1737270_b20378,158.509,116.151,35.6795,99.8108,62.2365,65.8647
828,VBD_npp_d20151003_t1732136_x1153039E_y063610N_l0249_s1356_v23,2017-06-01 16:11:27,6.360951,115.303879,3.06221,2015-10-03 17:32:13,2015-10-04 01:32:13,249,1356,0.419275,11,18913,0.240429,0.173669,0.729547,0.4,0.887749,0.75,0.0186023,0.0001,1.5646e-12,999999,4.721106e-02,3,Malaysian Exclusive Economic Zone,,,SVDNB_npp_d20151003_t1731466_e1737270_b20378_c20151003233728467558_noaa_ops.h5,GDNBO_npp_d20151003_t1731466_e1737270_b20378_c20151003233728467298_noaa_ops.h5,SVI04_npp_d20151003_t1731466_e1737270_b20378_c20151003233728541959_noaa_ops.dspace_rad,VNFF_npp_d20151003_t1731466_e1737270_b20378_v21.csv,World_EEZ_v8_2014.shp,WPP_BFAR_merge.shp,KKP_IDN_merge_20161208.shp,VNF-VBD_npp_20120301-20151231_global_asia-enhanced_c201607211230.bitmask,NCEI_NGA.union.nga_lead2.add_2015ntl.mask,timezone.shp,VBD_platforms-recurring_2015_r20170330.shp,0.292888,VBD_bridges_c20160811.shp,9.202956;7.293124;4.987635;0.117751;-4.766567;-9.662423;-14.566307;-12.781590;-10.252750;-5.421471;-0.565886;4.309883,106.389061;120.204430;133.795395;132.636734;131.583801;130.626740;129.763702;115.696312;101.762085;103.094223;104.302101;105.397919,npp_d20151003_t1731466_e1737270_b20378,158.86,84.7185,35.5406,98.1735,56.1412,72.3579
829,VBD_npp_d20151003_t1732332_x1150663E_y052035N_l0426_s1358_v23,2017-06-01 16:11:27,5.203464,115.066254,10.5977,2015-10-03 17:32:33,2015-10-04 01:32:33,426,1358,0.407183,8,18913,0.560917,0.214813,0.819525,0.4,0.927827,0.75,0.0183723,0.0001,1.15217e-12,999999,-2.890783e-01,3,Malaysian Exclusive Economic Zone,,,SVDNB_npp_d20151003_t1731466_e1737270_b20378_c20151003233728467558_noaa_ops.h5,GDNBO_npp_d20151003_t1731466_e1737270_b20378_c20151003233728467298_noaa_ops.h5,SVI04_npp_d20151003_t1731466_e1737270_b20378_c20151003233728541959_noaa_ops.dspace_rad,VNFF_npp_d20151003_t1731466_e1737270_b20378_v21.csv,World_EEZ_v8_2014.shp,WPP_BFAR_merge.shp,KKP_IDN_merge_20161208.shp,VNF-VBD_npp_20120301-20151231_global_asia-enhanced_c201607211230.bitmask,NCEI_NGA.union.nga_lead2.add_2015ntl.mask,timezone.shp,VBD_platforms-recurring_2015_r20170330.shp,0.387931,VBD_bridges_c20160811.shp,9.202956;7.293124;4.987635;0.117751;-4.766567;-9.662423;-14.566307;-12.781590;-10.252750;-5.421471;-0.565886;4.309883,106.389061;120.204430;133.795395;132.636734;131.583801;130.626740;129.763702;115.696312;101.762085;103.094223;104.302101;105.397919,npp_d20151003_t1731466_e1737270_b20378,159.092,87.6815,35.4598,98.1607,56.6543,71.6216
830,VBD_npp_d20151003_t1732314_x1150948E_y053003N_l0411_s1359_v23,2017-06-01 16:11:27,5.300333,115.094810,7.07855,2015-10-03 17:32:31,2015-10-04 01:32:31,411,1359,0.429589,8,18913,0.443633,0.176333,0.764938,0.4,0.930516,0.75,0.018409,0.0001,1.2308e-12,999999,2.543979e-02,3,Malaysian Exclusive Economic Zone,,,SVDNB_npp_d20151003_t1731466_e1737270_b20378_c20151003233728467558_noaa_ops.h5,GDNBO_npp_d20151003_t1731466_e1737270_b20378_c20151003233728467298_noaa_ops.h5,SVI04_npp_d20151003_t1731466_e1737270_b20378_c20151003233728541959_noaa_ops.dspace_rad,VNFF_npp_d20151003_t1731466_e1737270_b20378_v21.csv,World_EEZ_v8_2014.shp,WPP_BFAR_merge.shp,KKP_IDN_merge_20161208.shp,VNF-VBD_npp_20120301-20151231_global_asia-enhanced_c201607211230.bitmask,NCEI_NGA.union.nga_lead2.add_2015ntl.mask,timezone.shp,VBD_platforms-recurring_2015_r20170330.shp,0.350022,VBD_bridges_c20160811.shp,9.202956;7.293124;4.987635;0.117751;-4.766567;-9.662423;-14.566307;-12.781590;-10.252750;-5.421471;-0.565886;4.309883,106.389061;120.204430;133.795395;132.636734;131.583801;130.626740;129.763702;115.696312;101.762085;103.094223;104.302101;105.397919,npp_d20151003_t1731466_e1737270_b20378,159.067,87.4326,35.4173,98.0717,56.6031,71.6814
831,VBD_npp_d20151003_t1732172_x1153259E_y061902N_l0274_s1365_v23,2017-06-01 16:11:27,6.190162,115.325912,13.7425,2015-10-03 17:32:17,2015-10-04 01:32:17,274,1365,0.413158,1,2529,0.674476,0.181016,0.877832,0.4,0.94985,0.75,0.0185842,0.0001,2.26928e-12,999999,-1.284360e-02,3,Malaysian Exclusive Economic Zone,,,SVDNB_npp_d20151003_t1731466_e1737270_b20378_c20151003233728467558_noaa_ops.h5,GDNBO_npp_d20151003_t1731466_e1737270_b20378_c20151003233728467298_noaa_ops.h5,SVI04_npp_d20151003_t1731466_e1737270_b20378_c20151003233728541959_noaa_ops.dspace_rad,VNFF_npp_d20151003_t1731466_e1737270_b20378_v21.csv,World_EEZ_v8_2014.shp,WPP_BFAR_merge.shp,KKP_IDN_merge_20161208.shp,VNF-VBD_npp_20120301-20151231_global_asia-enhanced_c201607211230.bitmask,NCEI_NGA.union.nga_lead2.add_2015ntl.mask,timezone.shp,VBD_platforms-recurring_2015_r20170330.shp,999999,VBD_bridges_c20160811.shp,9.202956;7.293124;4.987635;0.117751;-4.766567;-9.662423;-14.566307;-12.781590;-10.252750;-5.421471;-0.565886;4.309883,106.389061;120.204430;133.795395;132.636734;131.583801;130.626740;129.763702;115.696312;101.762085;103.094223;104.302101;105.397919,npp_d20151003_t1731466_e1737270_b20378,158.839,85.1706,35.1609,98.7896,56.1589,72.2418
832,VBD_npp_d20151003_t1732118_x1153916E_y064418N_l0235_s1366_v23,2017-06-01 16:11:27,6.441782,115.391609,64.47,2015-10-03 17:32:11,2015-10-04 01:32:11,235,1366,0.409246,4,100837,1.22633,0.162591,0.908228,0.4,0.971511,0.75,0.0186707,0.0001,2.37661e-12,999999,1.377513e-01,3,Malaysian Exclusive Economic Zone,,,SVDNB_npp_d20151003_t1731466_e1737270_b20378_c20151003233728467558_noaa_ops.h5,GDNBO_npp_d20151003_t1731466_e1737270_b20378_c20151003233728467298_noaa_ops.h5,SVI04_npp_d20151003_t1731466_e1737270_b20378_c20151003233728541959_noaa_ops.dspace_rad,VNFF_npp_d20151003_t1731466_e1737270_b20378_v21.csv,World_EEZ_v8_2014.shp,WPP_BFAR_merge.shp,KKP_IDN_merge_20161208.shp,VNF-VBD_npp_20120301-20151231_global_asia-enhanced_c201607211230.bitmask,NCEI_NGA.union.nga_lead2.add_2015ntl.mask,timezone.shp,VBD_platforms-recurring_2015_r20170330.shp,999999,VBD_bridges_c20160811.shp,9.202956;7.293124;4.987635;0.117751;-4.766567;-9.662423;-14.566307;-12.781590;-10.252750;-5.421471;-0.565886;4.309883,106.389061;120.204430;133.795395;132.636734;131.583801;130.626740;129.763702;115.696312;101.762085;103.094223;104.302101;105.397919,npp_d20151003_t1731466_e1737270_b20378,158.773,84.5391,35.1184,97.9978,56.0394,72.4034
833,VBD_npp_d20151003_t1732154_x1153773E_y062147N_l0269_s1371_v23,2017-06-01 16:11:27,6.214652,115.377319,5.17931,2015-10-03 17:32:15,2015-10-04 01:32:15,269,1371,0.417142,1,2529,0.360788,0.165474,0.808931,0.4,0.889164,0.75,0.018618,0.0001,2.65853e-12,999999,1.141943e-01,3,Malaysian Exclusive Economic Zone,,,SVDNB_npp_d20151003_t1731466_e1737270_b20378_c20151003233728467558_noaa_ops.h5,GDNBO_npp_d20151003_t1731466_e1737270_b20378_c20151003233728467298_noaa_ops.h5,SVI04_npp_d20151003_t1731466_e1737270_b20378_c20151003233728541959_noaa_ops.dspace_rad,VNFF_npp_d20151003_t1731466_e1737270_b20378_v21.csv,World_EEZ_v8_2014.shp,WPP_BFAR_merge.shp,KKP_IDN_merge_20161208.shp,VNF-VBD_npp_20120301-20151231_global_asia-enhanced_c201607211230.bitmask,NCEI_NGA.union.nga_lead2.add_2015ntl.mask,timezone.shp,VBD_platforms-recurring_2015_r20170330.shp,999999,VBD_bridges_c20160811.shp,9.202956;7.293124;4.987635;0.117751;-4.766567;-9.662423;-14.566307;-12.781590;-10.252750;-5.421471;-0.565886;4.309883,106.389061;120.204430;133.795395;132.636734;131.583801;130.626740;129.763702;115.696312;101.762085;103.094223;104.302101;105.397919,npp_d20151003_t1731466_e1737270_b20378,158.793,85.122,34.9102,97.8401,56.109,72.2534
834,VBD_npp_d20151003_t1732190_x1153401E_y060114N_l0300_s1372_v23,2017-06-01 16:11:27,6.011395,115.340103,8.54163,2015-10-03 17:32:19,2015-10-04 01:32:19,300,1372,0.358103,1,2529,0.481454,0.190635,0.866674,0.4,0.913523,0.75,0.0185587,0.0001,2.62556e-12,999999,-9.146078e-02,3,Malaysian Exclusive Economic Zone,,,SVDNB_npp_d20151003_t1731466_e1737270_b20378_c20151003233728467558_noaa_ops.h5,GDNBO_npp_d20151003_t1731466_e1737270_b20378_c20151003233728467298_noaa_ops.h5,SVI04_npp_d20151003_t1731466_e1737270_b20378_c20151003233728541959_noaa_ops.dspace_rad,VNFF_npp_d20151003_t1731466_e1737270_b20378_v21.csv,World_EEZ_v8_2014.shp,WPP_BFAR_merge.shp,KKP_IDN_merge_20161208.shp,VNF-VBD_npp_20120301-20151231_global_asia-enhanced_c201607211230.bitmask,NCEI_NGA.union.nga_lead2.add_2015ntl.mask,timezone.shp,VBD_platforms-recurring_2015_r20170330.shp,999999,VBD_bridges_c20160811.shp,9.202956;7.293124;4.987635;0.117751;-4.766567;-9.662423;-14.566307;-12.781590;-10.252750;-5.421471;-0.565886;4.309883,106.389061;120.204430;133.795395;132.636734;131.583801;130.626740;129.763702;115.696312;101.762085;103.094223;104.302101;105.397919,npp_d20151003_t1731466_e1737270_b20378,158.831,85.6376,34.8645,97.9389,56.1937,72.1221
835,VBD_npp_d20151003_t1732190_x1153615E_y060631N_l0292_s1374_v23,2017-06-01 16:11:27,6.063086,115.361488,3.03881,2015-10-03 17:32:19,2015-10-04 01:32:19,292,1374,0.380865,1,2529,0.233346,0.17647,0.792265,0.4,0.81725,0.75,0.0185809,0.0001,3.09113e-12,999999,2.431734e-02,3,Malaysian Exclusive Economic Zone,,,SVDNB_npp_d20151003_t1731466_e1737270_b20378_c20151003233728467558_noaa_ops.h5,GDNBO_npp_d20151003_t1731466_e1737270_b20378_c20151003233728467298_noaa_ops.h5,SVI04_npp_d20151003_t1731466_e1737270_b20378_c20151003233728541959_noaa_ops.dspace_rad,VNFF_npp_d20151003_t1731466_e1737270_b20378_v21.csv,World_EEZ_v8_2014.shp,WPP_BFAR_merge.shp,KKP_IDN_merge_20161208.shp,VNF-VBD_npp_20120301-20151231_global_asia-enhanced_c201607211230.bitmask,NCEI_NGA.union.nga_lead2.add_2015ntl.mask,timezone.shp,VBD_platforms-recurring_2015_r20170330.shp,999999,VBD_bridges_c20160811.shp,9.202956;7.293124;4.987635;0.117751;-4.766567;-9.662423;-14.566307;-12.781590;-10.252750;-5.421471;-0.565886;4.309883,106.389061;120.204430;133.795395;132.636734;131.583801;130.626740;129.763702;115.696312;101.762085;103.094223;104.302101;105.397919,npp_d20151003_t1731466_e1737270_b20378,158.806,85.5111,34.7783,98.6318,56.1573,72.1538
836,VBD_npp_d20151003_t1732154_x1154140E_y062778N_l0259_s1375_v23,2017-06-01 16:11:27,6.277797,115.414024,6.42299,2015-10-03 17:32:15,2015-10-04 01:32:15,259,1375,0.414367,1,35297,0.422352,0.180579,0.806476,0.4,0.91157,0.75,0.0186547,0.0001,3.45746e-12,999999,-9.270267e-03,3,Malaysian Exclusive Economic Zone,,,SVDNB_npp_d20151003_t1731466_e1737270_b20378_c20151003233728467558_noaa_ops.h5,GDNBO_npp_d20151003_t1731466_e1737270_b20378_c20151003233728467298_noaa_ops.h5,SVI04_npp_d20151003_t1731466_e1737270_b20378_c20151003233728541959_noaa_ops.dspace_rad,VNFF_npp_d20151003_t1731466_e1737270_b20378_v21.csv,World_EEZ_v8_2014.shp,WPP_BFAR_merge.shp,KKP_IDN_merge_20161208.shp,VNF-VBD_npp_20120301-20151231_global_asia-enhanced_c201607211230.bitmask,NCEI_NGA.union.nga_lead2.add_2015ntl.mask,timezone.shp,VBD_platforms-recurring_2015_r20170330.shp,999999,VBD_bridges_c20160811.shp,9.202956;7.293124;4.987635;0.117751;-4.766567;-9.662423;-14.566307;-12.781590;-10.252750;-5.421471;-0.565886;4.309883,106.389061;120.204430;133.795395;132.636734;131.583801;130.626740;129.763702;115.696312;101.762085;103.094223;104.302101;105.397919,npp_d20151003_t1731466_e1737270_b20378,158.751,84.9721,34.7388,98.7073,56.0545,72.2914
837,VBD_npp_d20151003_t1732190_x1153591E_y060018N_l0301_s1375_v23,2017-06-01 16:11:27,6.001770,115.359093,17.154,2015-10-03 17:32:19,2015-10-04 01:32:19,301,1375,0.360237,1,2529,0.716015,0.185953,0.864027,0.4,0.934855,0.75,0.0185696,0.0001,2.92958e-12,999999,-5.319228e-02,3,Malaysian Exclusive Economic Zone,,,SVDNB_npp_d20151003_t1731466_e1737270_b20378_c20151003233728467558_noaa_ops.h5,GDNBO_npp_d20151003_t1731466_e1737270_b20378_c20151003233728467298_noaa_ops.h5,SVI04_npp_d20151003_t1731466_e1737270_b20378_c20151003233728541959_noaa_ops.dspace_rad,VNFF_npp_d20151003_t1731466_e1737270_b20378_v21.csv,World_EEZ_v8_2014.shp,WPP_BFAR_merge.shp,KKP_IDN_merge_20161208.shp,VNF-VBD_npp_20120301-20151231_global_asia-enhanced_c201607211230.bitmask,NCEI_NGA.union.nga_lead2.add_2015ntl.mask,timezone.shp,VBD_platforms-recurring_2015_r20170330.shp,999999,VBD_bridges_c20160811.shp,9.202956;7.293124;4.987635;0.117751;-4.766567;-9.662423;-14.566307;-12.781590;-10.252750;-5.421471;-0.565886;4.309883,106.389061;120.204430;133.795395;132.636734;131.583801;130.626740;129.763702;115.696312;101.762085;103.094223;104.302101;105.397919,npp_d20151003_t1731466_e1737270_b20378,158.813,85.6681,34.7378,97.8531,56.1785,72.1138
838,VBD_npp_d20151003_t1732332_x1151918E_y052191N_l0421_s1376_v23,2017-06-01 16:11:27,5.219110,115.191826,4.27605,2015-10-03 17:32:33,2015-10-04 01:32:33,421,1376,0.42582,8,18913,0.268649,0.165233,0.82797,0.4,0.819145,0.75,0.0184526,0.0001,2.54144e-12,999999,1.161582e-01,3,Malaysian Exclusive Economic Zone,,,SVDNB_npp_d20151003_t1731466_e1737270_b20378_c20151003233728467558_noaa_ops.h5,GDNBO_npp_d20151003_t1731466_e1737270_b20378_c20151003233728467298_noaa_ops.h5,SVI04_npp_d20151003_t1731466_e1737270_b20378_c20151003233728541959_noaa_ops.dspace_rad,VNFF_npp_d20151003_t1731466_e1737270_b20378_v21.csv,World_EEZ_v8_2014.shp,WPP_BFAR_merge.shp,KKP_IDN_merge_20161208.shp,VNF-VBD_npp_20120301-20151231_global_asia-enhanced_c201607211230.bitmask,NCEI_NGA.union.nga_lead2.add_2015ntl.mask,timezone.shp,VBD_platforms-recurring_2015_r20170330.shp,0.192392,VBD_bridges_c20160811.shp,9.202956;7.293124;4.987635;0.117751;-4.766567;-9.662423;-14.566307;-12.781590;-10.252750;-5.421471;-0.565886;4.309883,106.389061;120.204430;133.795395;132.636734;131.583801;130.626740;129.763702;115.696312;101.762085;103.094223;104.302101;105.397919,npp_d20151003_t1731466_e1737270_b20378,158.966,87.6654,34.6949,98.601,56.5295,71.6163
839,VBD_npp_d20151003_t1732332_x1152061E_y052238N_l0420_s1378_v23,2017-06-01 16:11:27,5.223808,115.206100,15.4714,2015-10-03 17:32:33,2015-10-04 01:32:33,420,1378,0.429661,8,18913,0.655015,0.164618,0.82797,0.4,0.902139,0.75,0.0184625,0.0001,2.78286e-12,999999,1.211851e-01,3,Malaysian Exclusive Economic Zone,,,SVDNB_npp_d20151003_t1731466_e1737270_b20378_c20151003233728467558_noaa_ops.h5,GDNBO_npp_d20151003_t1731466_e1737270_b20378_c20151003233728467298_noaa_ops.h5,SVI04_npp_d20151003_t1731466_e1737270_b20378_c20151003233728541959_noaa_ops.dspace_rad,VNFF_npp_d20151003_t1731466_e1737270_b20378_v21.csv,World_EEZ_v8_2014.shp,WPP_BFAR_merge.shp,KKP_IDN_merge_20161208.shp,VNF-VBD_npp_20120301-20151231_global_asia-enhanced_c201607211230.bitmask,NCEI_NGA.union.nga_lead2.add_2015ntl.mask,timezone.shp,VBD_platforms-recurring_2015_r20170330.shp,0.413038,VBD_bridges_c20160811.shp,9.202956;7.293124;4.987635;0.117751;-4.766567;-9.662423;-14.566307;-12.781590;-10.252750;-5.421471;-0.565886;4.309883,106.389061;120.204430;133.795395;132.636734;131.583801;130.626740;129.763702;115.696312;101.762085;103.094223;104.302101;105.397919,npp_d20151003_t1731466_e1737270_b20378,158.952,87.656,34.6102,98.6895,56.5144,71.6176
840,VBD_npp_d20151003_t1732332_x1152067E_y051827N_l0426_s1379_v23,2017-06-01 16:11:27,5.182666,115.206673,11.1655,2015-10-03 17:32:33,2015-10-04 01:32:33,426,1379,0.421552,8,18913,0.554392,0.216719,0.848111,0.4,0.90072,0.75,0.0184532,0.0001,2.71708e-12,999999,-3.046505e-01,3,Malaysian Exclusive Economic Zone,,,SVDNB_npp_d20151003_t1731466_e1737270_b20378_c20151003233728467558_noaa_ops.h5,GDNBO_npp_d20151003_t1731466_e1737270_b20378_c20151003233728467298_noaa_ops.h5,SVI04_npp_d20151003_t1731466_e1737270_b20378_c20151003233728541959_noaa_ops.dspace_rad,VNFF_npp_d20151003_t1731466_e1737270_b20378_v21.csv,World_EEZ_v8_2014.shp,WPP_BFAR_merge.shp,KKP_IDN_merge_20161208.shp,VNF-VBD_npp_20120301-20151231_global_asia-enhanced_c201607211230.bitmask,NCEI_NGA.union.nga_lead2.add_2015ntl.mask,timezone.shp,VBD_platforms-recurring_2015_r20170330.shp,0.287224,VBD_bridges_c20160811.shp,9.202956;7.293124;4.987635;0.117751;-4.766567;-9.662423;-14.566307;-12.781590;-10.252750;-5.421471;-0.565886;4.309883,106.389061;120.204430;133.795395;132.636734;131.583801;130.626740;129.763702;115.696312;101.762085;103.094223;104.302101;105.397919,npp_d20151003_t1731466_e1737270_b20378,158.953,87.7629,34.5685,98.1685,56.527,71.5909
841,VBD_npp_d20151003_t1735240_x1129659E_y048644S_l1967_s1381_v23,2017-06-01 16:11:27,-4.864448,112.965889,4.64911,2015-10-03 17:35:24,2015-10-04 00:35:24,1967,1381,0.298211,8,18913,0.2562,0.137803,0.640259,0.4,0.759451,0.75,0.0151221,0.0001,5.21173e-14,999999,1.480042e-01,3,Indonesian Exclusive Economic Zone,WPP712,,SVDNB_npp_d20151003_t1731466_e1737270_b20378_c20151003233728467558_noaa_ops.h5,GDNBO_npp_d20151003_t1731466_e1737270_b20378_c20151003233728467298_noaa_ops.h5,SVI04_npp_d20151003_t1731466_e1737270_b20378_c20151003233728541959_noaa_ops.dspace_rad,VNFF_npp_d20151003_t1731466_e1737270_b20378_v21.csv,World_EEZ_v8_2014.shp,WPP_BFAR_merge.shp,KKP_IDN_merge_20161208.shp,VNF-VBD_npp_20120301-20151231_global_asia-enhanced_c201607211230.bitmask,NCEI_NGA.union.nga_lead2.add_2015ntl.mask,timezone.shp,VBD_platforms-recurring_2015_r20170330.shp,0.261364,VBD_bridges_c20160811.shp,9.202956;7.293124;4.987635;0.117751;-4.766567;-9.662423;-14.566307;-12.781590;-10.252750;-5.421471;-0.565886;4.309883,106.389061;120.204430;133.795395;132.636734;131.583801;130.626740;129.763702;115.696312;101.762085;103.094223;104.302101;105.397919,npp_d20151003_t1731466_e1737270_b20378,158.533,114.163,34.4924,98.5161,61.6625,66.1245
842,VBD_npp_d20151003_t1732332_x1152315E_y052131N_l0421_s1382_v23,2017-06-01 16:11:27,5.213135,115.231537,15.1708,2015-10-03 17:32:33,2015-10-04 01:32:33,421,1382,0.426744,8,18913,0.610467,0.169582,0.828177,0.4,0.903526,0.75,0.0184757,0.0001,3.22947e-12,999999,8.061829e-02,3,Malaysian Exclusive Economic Zone,,,SVDNB_npp_d20151003_t1731466_e1737270_b20378_c20151003233728467558_noaa_ops.h5,GDNBO_npp_d20151003_t1731466_e1737270_b20378_c20151003233728467298_noaa_ops.h5,SVI04_npp_d20151003_t1731466_e1737270_b20378_c20151003233728541959_noaa_ops.dspace_rad,VNFF_npp_d20151003_t1731466_e1737270_b20378_v21.csv,World_EEZ_v8_2014.shp,WPP_BFAR_merge.shp,KKP_IDN_merge_20161208.shp,VNF-VBD_npp_20120301-20151231_global_asia-enhanced_c201607211230.bitmask,NCEI_NGA.union.nga_lead2.add_2015ntl.mask,timezone.shp,VBD_platforms-recurring_2015_r20170330.shp,0.271791,VBD_bridges_c20160811.shp,9.202956;7.293124;4.987635;0.117751;-4.766567;-9.662423;-14.566307;-12.781590;-10.252750;-5.421471;-0.565886;4.309883,106.389061;120.204430;133.795395;132.636734;131.583801;130.626740;129.763702;115.696312;101.762085;103.094223;104.302101;105.397919,npp_d20151003_t1731466_e1737270_b20378,158.927,87.6887,34.4407,98.6059,56.4936,71.6075
843,VBD_npp_d20151003_t1732332_x1152781E_y051653N_l0427_s1390_v23,2017-06-01 16:11:27,5.165261,115.278099,8.3345,2015-10-03 17:32:33,2015-10-04 01:32:33,427,1390,0.428949,8,18913,0.497716,0.181377,0.869677,0.4,0.938149,0.75,0.0184934,0.0001,4.15353e-12,999999,-1.579077e-02,3,Malaysian Exclusive Economic Zone,,,SVDNB_npp_d20151003_t1731466_e1737270_b20378_c20151003233728467558_noaa_ops.h5,GDNBO_npp_d20151003_t1731466_e1737270_b20378_c20151003233728467298_noaa_ops.h5,SVI04_npp_d20151003_t1731466_e1737270_b20378_c20151003233728541959_noaa_ops.dspace_rad,VNFF_npp_d20151003_t1731466_e1737270_b20378_v21.csv,World_EEZ_v8_2014.shp,WPP_BFAR_merge.shp,KKP_IDN_merge_20161208.shp,VNF-VBD_npp_20120301-20151231_global_asia-enhanced_c201607211230.bitmask,NCEI_NGA.union.nga_lead2.add_2015ntl.mask,timezone.shp,VBD_platforms-recurring_2015_r20170330.shp,0.377067,VBD_bridges_c20160811.shp,9.202956;7.293124;4.987635;0.117751;-4.766567;-9.662423;-14.566307;-12.781590;-10.252750;-5.421471;-0.565886;4.309883,106.389061;120.204430;133.795395;132.636734;131.583801;130.626740;129.763702;115.696312;101.762085;103.094223;104.302101;105.397919,npp_d20151003_t1731466_e1737270_b20378,158.882,87.8216,34.1031,98.0843,56.4644,71.5708
844,VBD_npp_d20151003_t1735187_x1131096E_y045290S_l1914_s1391_v23,2017-06-01 16:11:27,-4.529021,113.109627,23.3547,2015-10-03 17:35:18,2015-10-04 00:35:18,1914,1391,0.395518,1,2529,0.739871,0.139339,0.863641,0.4,0.921668,0.75,0.0152234,0.0001,1.0309e-13,999999,1.333071e-01,3,Indonesian Exclusive Economic Zone,WPP712,,SVDNB_npp_d20151003_t1731466_e1737270_b20378_c20151003233728467558_noaa_ops.h5,GDNBO_npp_d20151003_t1731466_e1737270_b20378_c20151003233728467298_noaa_ops.h5,SVI04_npp_d20151003_t1731466_e1737270_b20378_c20151003233728541959_noaa_ops.dspace_rad,VNFF_npp_d20151003_t1731466_e1737270_b20378_v21.csv,World_EEZ_v8_2014.shp,WPP_BFAR_merge.shp,KKP_IDN_merge_20161208.shp,VNF-VBD_npp_20120301-20151231_global_asia-enhanced_c201607211230.bitmask,NCEI_NGA.union.nga_lead2.add_2015ntl.mask,timezone.shp,VBD_platforms-recurring_2015_r20170330.shp,999999,VBD_bridges_c20160811.shp,9.202956;7.293124;4.987635;0.117751;-4.766567;-9.662423;-14.566307;-12.781590;-10.252750;-5.421471;-0.565886;4.309883,106.389061;120.204430;133.795395;132.636734;131.583801;130.626740;129.763702;115.696312;101.762085;103.094223;104.302101;105.397919,npp_d20151003_t1731466_e1737270_b20378,158.557,113.248,34.0668,98.9175,61.4136,66.2591
845,VBD_npp_d20151003_t1732350_x1152777E_y051191N_l0434_s1392_v23,2017-06-01 16:11:27,5.119056,115.277748,2.43467,2015-10-03 17:32:35,2015-10-04 01:32:35,434,1392,0.432292,8,18657,0.193162,0.162912,0.88765,0.4,0.853304,0.75,0.0184858,0.0001,4.78684e-12,999999,1.351308e-01,3,Malaysian Exclusive Economic Zone,,,SVDNB_npp_d20151003_t1731466_e1737270_b20378_c20151003233728467558_noaa_ops.h5,GDNBO_npp_d20151003_t1731466_e1737270_b20378_c20151003233728467298_noaa_ops.h5,SVI04_npp_d20151003_t1731466_e1737270_b20378_c20151003233728541959_noaa_ops.dspace_rad,VNFF_npp_d20151003_t1731466_e1737270_b20378_v21.csv,World_EEZ_v8_2014.shp,WPP_BFAR_merge.shp,KKP_IDN_merge_20161208.shp,VNF-VBD_npp_20120301-20151231_global_asia-enhanced_c201607211230.bitmask,NCEI_NGA.union.nga_lead2.add_2015ntl.mask,timezone.shp,VBD_platforms-recurring_2015_r20170330.shp,0.308726,VBD_bridges_c20160811.shp,9.202956;7.293124;4.987635;0.117751;-4.766567;-9.662423;-14.566307;-12.781590;-10.252750;-5.421471;-0.565886;4.309883,106.389061;120.204430;133.795395;132.636734;131.583801;130.626740;129.763702;115.696312;101.762085;103.094223;104.302101;105.397919,npp_d20151003_t1731466_e1737270_b20378,158.877,87.9424,34.0161,98.8898,56.4727,71.54
846,VBD_npp_d20151003_t1732332_x1152957E_y051491N_l0429_s1393_v23,2017-06-01 16:11:27,5.149055,115.295723,4.72607,2015-10-03 17:32:33,2015-10-04 01:32:33,429,1393,0.435351,8,18913,0.304408,0.151659,0.888568,0.4,0.867926,0.75,0.0185006,0.0001,4.57053e-12,999999,2.271021e-01,3,Malaysian Exclusive Economic Zone,,,SVDNB_npp_d20151003_t1731466_e1737270_b20378_c20151003233728467558_noaa_ops.h5,GDNBO_npp_d20151003_t1731466_e1737270_b20378_c20151003233728467298_noaa_ops.h5,SVI04_npp_d20151003_t1731466_e1737270_b20378_c20151003233728541959_noaa_ops.dspace_rad,VNFF_npp_d20151003_t1731466_e1737270_b20378_v21.csv,World_EEZ_v8_2014.shp,WPP_BFAR_merge.shp,KKP_IDN_merge_20161208.shp,VNF-VBD_npp_20120301-20151231_global_asia-enhanced_c201607211230.bitmask,NCEI_NGA.union.nga_lead2.add_2015ntl.mask,timezone.shp,VBD_platforms-recurring_2015_r20170330.shp,0.105697,VBD_bridges_c20160811.shp,9.202956;7.293124;4.987635;0.117751;-4.766567;-9.662423;-14.566307;-12.781590;-10.252750;-5.421471;-0.565886;4.309883,106.389061;120.204430;133.795395;132.636734;131.583801;130.626740;129.763702;115.696312;101.762085;103.094223;104.302101;105.397919,npp_d20151003_t1731466_e1737270_b20378,158.865,87.8668,33.9771,97.9084,56.4528,71.558
847,VBD_npp_d20151003_t1732332_x1153068E_y051338N_l0431_s1395_v23,2017-06-01 16:11:27,5.133843,115.306778,35.9644,2015-10-03 17:32:33,2015-10-04 01:32:33,431,1395,0.436987,8,18913,0.973182,0.151304,0.887315,0.4,0.964117,0.75,0.0185039,0.0001,4.83517e-12,999999,2.300084e-01,3,Malaysian Exclusive Economic Zone,,,SVDNB_npp_d20151003_t1731466_e1737270_b20378_c20151003233728467558_noaa_ops.h5,GDNBO_npp_d20151003_t1731466_e1737270_b20378_c20151003233728467298_noaa_ops.h5,SVI04_npp_d20151003_t1731466_e1737270_b20378_c20151003233728541959_noaa_ops.dspace_rad,VNFF_npp_d20151003_t1731466_e1737270_b20378_v21.csv,World_EEZ_v8_2014.shp,WPP_BFAR_merge.shp,KKP_IDN_merge_20161208.shp,VNF-VBD_npp_20120301-20151231_global_asia-enhanced_c201607211230.bitmask,NCEI_NGA.union.nga_lead2.add_2015ntl.mask,timezone.shp,VBD_platforms-recurring_2015_r20170330.shp,0.294682,VBD_bridges_c20160811.shp,9.202956;7.293124;4.987635;0.117751;-4.766567;-9.662423;-14.566307;-12.781590;-10.252750;-5.421471;-0.565886;4.309883,106.389061;120.204430;133.795395;132.636734;131.583801;130.626740;129.763702;115.696312;101.762085;103.094223;104.302101;105.397919,npp_d20151003_t1731466_e1737270_b20378,158.855,87.9081,33.8937,97.7315,56.4471,71.5468
848,VBD_npp_d20151003_t1735187_x1131336E_y045465S_l1916_s1395_v23,2017-06-01 16:11:27,-4.546536,113.133568,38.9179,2015-10-03 17:35:18,2015-10-04 00:35:18,1916,1395,0.396869,8,18913,0.884681,0.13848,0.863062,0.4,0.935882,0.75,0.0152359,0.0001,1.19757e-13,999999,1.415211e-01,3,Indonesian Exclusive Economic Zone,WPP712,,SVDNB_npp_d20151003_t1731466_e1737270_b20378_c20151003233728467558_noaa_ops.h5,GDNBO_npp_d20151003_t1731466_e1737270_b20378_c20151003233728467298_noaa_ops.h5,SVI04_npp_d20151003_t1731466_e1737270_b20378_c20151003233728541959_noaa_ops.dspace_rad,VNFF_npp_d20151003_t1731466_e1737270_b20378_v21.csv,World_EEZ_v8_2014.shp,WPP_BFAR_merge.shp,KKP_IDN_merge_20161208.shp,VNF-VBD_npp_20120301-20151231_global_asia-enhanced_c201607211230.bitmask,NCEI_NGA.union.nga_lead2.add_2015ntl.mask,timezone.shp,VBD_platforms-recurring_2015_r20170330.shp,0.0823364,VBD_bridges_c20160811.shp,9.202956;7.293124;4.987635;0.117751;-4.766567;-9.662423;-14.566307;-12.781590;-10.252750;-5.421471;-0.565886;4.309883,106.389061;120.204430;133.795395;132.636734;131.583801;130.626740;129.763702;115.696312;101.762085;103.094223;104.302101;105.397919,npp_d20151003_t1731466_e1737270_b20378,158.528,113.263,33.8983,98.7378,61.3986,66.2427
849,VBD_npp_d20151003_t1732332_x1153198E_y051319N_l0431_s1397_v23,2017-06-01 16:11:27,5.131936,115.319824,5.92843,2015-10-03 17:32:33,2015-10-04 01:32:33,431,1397,0.432719,8,18913,0.355705,0.148302,0.887315,0.4,0.860945,0.75,0.0185116,0.0001,5.22444e-12,999999,2.545411e-01,3,Malaysian Exclusive Economic Zone,,,SVDNB_npp_d20151003_t1731466_e1737270_b20378_c20151003233728467558_noaa_ops.h5,GDNBO_npp_d20151003_t1731466_e1737270_b20378_c20151003233728467298_noaa_ops.h5,SVI04_npp_d20151003_t1731466_e1737270_b20378_c20151003233728541959_noaa_ops.dspace_rad,VNFF_npp_d20151003_t1731466_e1737270_b20378_v21.csv,World_EEZ_v8_2014.shp,WPP_BFAR_merge.shp,KKP_IDN_merge_20161208.shp,VNF-VBD_npp_20120301-20151231_global_asia-enhanced_c201607211230.bitmask,NCEI_NGA.union.nga_lead2.add_2015ntl.mask,timezone.shp,VBD_platforms-recurring_2015_r20170330.shp,0.191411,VBD_bridges_c20160811.shp,9.202956;7.293124;4.987635;0.117751;-4.766567;-9.662423;-14.566307;-12.781590;-10.252750;-5.421471;-0.565886;4.309883,106.389061;120.204430;133.795395;132.636734;131.583801;130.626740;129.763702;115.696312;101.762085;103.094223;104.302101;105.397919,npp_d20151003_t1731466_e1737270_b20378,158.842,87.9155,33.8091,97.7311,56.4353,71.5439
850,VBD_npp_d20151003_t1735187_x1131509E_y045629S_l1918_s1398_v23,2017-06-01 16:11:27,-4.562950,113.150917,22.3868,2015-10-03 17:35:18,2015-10-04 00:35:18,1918,1398,0.39815,1,2529,0.701093,0.145187,0.863062,0.4,0.863724,0.75,0.0152447,0.0001,1.32864e-13,999999,7.734312e-02,3,Indonesian Exclusive Economic Zone,WPP712,,SVDNB_npp_d20151003_t1731466_e1737270_b20378_c20151003233728467558_noaa_ops.h5,GDNBO_npp_d20151003_t1731466_e1737270_b20378_c20151003233728467298_noaa_ops.h5,SVI04_npp_d20151003_t1731466_e1737270_b20378_c20151003233728541959_noaa_ops.dspace_rad,VNFF_npp_d20151003_t1731466_e1737270_b20378_v21.csv,World_EEZ_v8_2014.shp,WPP_BFAR_merge.shp,KKP_IDN_merge_20161208.shp,VNF-VBD_npp_20120301-20151231_global_asia-enhanced_c201607211230.bitmask,NCEI_NGA.union.nga_lead2.add_2015ntl.mask,timezone.shp,VBD_platforms-recurring_2015_r20170330.shp,999999,VBD_bridges_c20160811.shp,9.202956;7.293124;4.987635;0.117751;-4.766567;-9.662423;-14.566307;-12.781590;-10.252750;-5.421471;-0.565886;4.309883,106.389061;120.204430;133.795395;132.636734;131.583801;130.626740;129.763702;115.696312;101.762085;103.094223;104.302101;105.397919,npp_d20151003_t1731466_e1737270_b20378,158.506,113.283,33.7725,98.5576,61.3894,66.2289
851,VBD_npp_d20151003_t1732190_x1155483E_y060499N_l0290_s1402_v23,2017-06-01 16:11:27,6.049851,115.548279,26.9249,2015-10-03 17:32:19,2015-10-04 01:32:19,290,1402,0.377379,1,2529,0.859255,0.176408,0.889164,0.4,0.959113,0.75,0.0186936,0.0001,9.39488e-12,999999,2.482607e-02,3,Malaysian Exclusive Economic Zone,,,SVDNB_npp_d20151003_t1731466_e1737270_b20378_c20151003233728467558_noaa_ops.h5,GDNBO_npp_d20151003_t1731466_e1737270_b20378_c20151003233728467298_noaa_ops.h5,SVI04_npp_d20151003_t1731466_e1737270_b20378_c20151003233728541959_noaa_ops.dspace_rad,VNFF_npp_d20151003_t1731466_e1737270_b20378_v21.csv,World_EEZ_v8_2014.shp,WPP_BFAR_merge.shp,KKP_IDN_merge_20161208.shp,VNF-VBD_npp_20120301-20151231_global_asia-enhanced_c201607211230.bitmask,NCEI_NGA.union.nga_lead2.add_2015ntl.mask,timezone.shp,VBD_platforms-recurring_2015_r20170330.shp,999999,VBD_bridges_c20160811.shp,9.202956;7.293124;4.987635;0.117751;-4.766567;-9.662423;-14.566307;-12.781590;-10.252750;-5.421471;-0.565886;4.309883,106.389061;120.204430;133.795395;132.636734;131.583801;130.626740;129.763702;115.696312;101.762085;103.094223;104.302101;105.397919,npp_d20151003_t1731466_e1737270_b20378,158.622,85.6016,33.5896,98.8549,55.9829,72.1253
852,VBD_npp_d20151003_t1735560_x1126718E_y067563S_l2254_s1403_v23,2017-06-01 16:11:27,-6.756316,112.671814,3.40389,2015-10-03 17:35:56,2015-10-04 00:35:56,2254,1403,0.271323,1,2529,0.212399,0.158653,0.6153,0.4,0.761845,0.75,0.0144531,0.0001,5.88106e-14,999999,-5.151457e-02,3,Indonesian Exclusive Economic Zone,WPP712,,SVDNB_npp_d20151003_t1731466_e1737270_b20378_c20151003233728467558_noaa_ops.h5,GDNBO_npp_d20151003_t1731466_e1737270_b20378_c20151003233728467298_noaa_ops.h5,SVI04_npp_d20151003_t1731466_e1737270_b20378_c20151003233728541959_noaa_ops.dspace_rad,VNFF_npp_d20151003_t1731466_e1737270_b20378_v21.csv,World_EEZ_v8_2014.shp,WPP_BFAR_merge.shp,KKP_IDN_merge_20161208.shp,VNF-VBD_npp_20120301-20151231_global_asia-enhanced_c201607211230.bitmask,NCEI_NGA.union.nga_lead2.add_2015ntl.mask,timezone.shp,VBD_platforms-recurring_2015_r20170330.shp,999999,VBD_bridges_c20160811.shp,9.202956;7.293124;4.987635;0.117751;-4.766567;-9.662423;-14.566307;-12.781590;-10.252750;-5.421471;-0.565886;4.309883,106.389061;120.204430;133.795395;132.636734;131.583801;130.626740;129.763702;115.696312;101.762085;103.094223;104.302101;105.397919,npp_d20151003_t1731466_e1737270_b20378,157.835,118.593,33.5599,98.7355,62.599,65.2338
853,VBD_npp_d20151003_t1732332_x1153686E_y051375N_l0429_s1404_v23,2017-06-01 16:11:27,5.137487,115.368591,3.30128,2015-10-03 17:32:33,2015-10-04 01:32:33,429,1404,0.427882,8,18913,0.270914,0.18629,0.782413,0.4,0.893517,0.75,0.018543,0.0001,7.03204e-12,999999,-5.594791e-02,3,Malaysian Exclusive Economic Zone,,,SVDNB_npp_d20151003_t1731466_e1737270_b20378_c20151003233728467558_noaa_ops.h5,GDNBO_npp_d20151003_t1731466_e1737270_b20378_c20151003233728467298_noaa_ops.h5,SVI04_npp_d20151003_t1731466_e1737270_b20378_c20151003233728541959_noaa_ops.dspace_rad,VNFF_npp_d20151003_t1731466_e1737270_b20378_v21.csv,World_EEZ_v8_2014.shp,WPP_BFAR_merge.shp,KKP_IDN_merge_20161208.shp,VNF-VBD_npp_20120301-20151231_global_asia-enhanced_c201607211230.bitmask,NCEI_NGA.union.nga_lead2.add_2015ntl.mask,timezone.shp,VBD_platforms-recurring_2015_r20170330.shp,0.508699,VBD_bridges_c20160811.shp,9.202956;7.293124;4.987635;0.117751;-4.766567;-9.662423;-14.566307;-12.781590;-10.252750;-5.421471;-0.565886;4.309883,106.389061;120.204430;133.795395;132.636734;131.583801;130.626740;129.763702;115.696312;101.762085;103.094223;104.302101;105.397919,npp_d20151003_t1731466_e1737270_b20378,158.793,87.9101,33.5027,97.8977,56.387,71.5414
854,VBD_npp_d20151003_t1732172_x1155825E_y060902N_l0283_s1405_v23,2017-06-01 16:11:27,6.090170,115.582466,31.2824,2015-10-03 17:32:17,2015-10-04 01:32:17,283,1405,0.410384,1,35297,0.942827,0.169109,0.90318,0.4,0.969853,0.75,0.01872,0.0001,9.96212e-12,999999,8.447921e-02,3,Malaysian Exclusive Economic Zone,,,SVDNB_npp_d20151003_t1731466_e1737270_b20378_c20151003233728467558_noaa_ops.h5,GDNBO_npp_d20151003_t1731466_e1737270_b20378_c20151003233728467298_noaa_ops.h5,SVI04_npp_d20151003_t1731466_e1737270_b20378_c20151003233728541959_noaa_ops.dspace_rad,VNFF_npp_d20151003_t1731466_e1737270_b20378_v21.csv,World_EEZ_v8_2014.shp,WPP_BFAR_merge.shp,KKP_IDN_merge_20161208.shp,VNF-VBD_npp_20120301-20151231_global_asia-enhanced_c201607211230.bitmask,NCEI_NGA.union.nga_lead2.add_2015ntl.mask,timezone.shp,VBD_platforms-recurring_2015_r20170330.shp,999999,VBD_bridges_c20160811.shp,9.202956;7.293124;4.987635;0.117751;-4.766567;-9.662423;-14.566307;-12.781590;-10.252750;-5.421471;-0.565886;4.309883,106.389061;120.204430;133.795395;132.636734;131.583801;130.626740;129.763702;115.696312;101.762085;103.094223;104.302101;105.397919,npp_d20151003_t1731466_e1737270_b20378,158.592,85.5071,33.4556,98.0267,55.9445,72.1491
855,VBD_npp_d20151003_t1732136_x1156571E_y063505N_l0243_s1408_v23,2017-06-01 16:11:27,6.350512,115.657097,12889.9,2015-10-03 17:32:13,2015-10-04 01:32:13,243,1408,0.494745,4,100845,1.48662,0.0920566,0.642207,0.4,0.966004,0.75,0.0188164,0.0001,1.29801e-11,999999,7.142562e-01,3,Malaysian Exclusive Economic Zone,,,SVDNB_npp_d20151003_t1731466_e1737270_b20378_c20151003233728467558_noaa_ops.h5,GDNBO_npp_d20151003_t1731466_e1737270_b20378_c20151003233728467298_noaa_ops.h5,SVI04_npp_d20151003_t1731466_e1737270_b20378_c20151003233728541959_noaa_ops.dspace_rad,VNFF_npp_d20151003_t1731466_e1737270_b20378_v21.csv,World_EEZ_v8_2014.shp,WPP_BFAR_merge.shp,KKP_IDN_merge_20161208.shp,VNF-VBD_npp_20120301-20151231_global_asia-enhanced_c201607211230.bitmask,NCEI_NGA.union.nga_lead2.add_2015ntl.mask,timezone.shp,VBD_platforms-recurring_2015_r20170330.shp,999999,VBD_bridges_c20160811.shp,9.202956;7.293124;4.987635;0.117751;-4.766567;-9.662423;-14.566307;-12.781590;-10.252750;-5.421471;-0.565886;4.309883,106.389061;120.204430;133.795395;132.636734;131.583801;130.626740;129.763702;115.696312;101.762085;103.094223;104.302101;105.397919,npp_d20151003_t1731466_e1737270_b20378,158.511,84.8659,33.3174,98.7573,55.8067,72.3159
856,VBD_npp_d20151003_t1735204_x1132668E_y046214S_l1924_s1417_v23,2017-06-01 16:11:27,-4.621394,113.266846,12.9863,2015-10-03 17:35:20,2015-10-04 00:35:20,1924,1417,0.397154,1,2529,0.605635,0.141263,0.84752,0.4,0.925982,0.75,0.0153084,0.0001,3.53532e-13,999999,1.148921e-01,3,Indonesian Exclusive Economic Zone,WPP712,,SVDNB_npp_d20151003_t1731466_e1737270_b20378_c20151003233728467558_noaa_ops.h5,GDNBO_npp_d20151003_t1731466_e1737270_b20378_c20151003233728467298_noaa_ops.h5,SVI04_npp_d20151003_t1731466_e1737270_b20378_c20151003233728541959_noaa_ops.dspace_rad,VNFF_npp_d20151003_t1731466_e1737270_b20378_v21.csv,World_EEZ_v8_2014.shp,WPP_BFAR_merge.shp,KKP_IDN_merge_20161208.shp,VNF-VBD_npp_20120301-20151231_global_asia-enhanced_c201607211230.bitmask,NCEI_NGA.union.nga_lead2.add_2015ntl.mask,timezone.shp,VBD_platforms-recurring_2015_r20170330.shp,999999,VBD_bridges_c20160811.shp,9.202956;7.293124;4.987635;0.117751;-4.766567;-9.662423;-14.566307;-12.781590;-10.252750;-5.421471;-0.565886;4.309883,106.389061;120.204430;133.795395;132.636734;131.583801;130.626740;129.763702;115.696312;101.762085;103.094223;104.302101;105.397919,npp_d20151003_t1731466_e1737270_b20378,158.37,113.286,32.9234,99.4584,61.3,66.1608
857,VBD_npp_d20151003_t1732083_x1157879E_y066198N_l0200_s1418_v23,2017-06-01 16:11:27,6.619784,115.787910,2481.27,2015-10-03 17:32:08,2015-10-04 01:32:08,200,1418,0.380722,4,100845,1.72936,0.157858,0.757069,0.4,0.974987,0.75,0.0189464,0.0001,1.98916e-11,999999,1.764404e-01,3,Malaysian Exclusive Economic Zone,,,SVDNB_npp_d20151003_t1731466_e1737270_b20378_c20151003233728467558_noaa_ops.h5,GDNBO_npp_d20151003_t1731466_e1737270_b20378_c20151003233728467298_noaa_ops.h5,SVI04_npp_d20151003_t1731466_e1737270_b20378_c20151003233728541959_noaa_ops.dspace_rad,VNFF_npp_d20151003_t1731466_e1737270_b20378_v21.csv,World_EEZ_v8_2014.shp,WPP_BFAR_merge.shp,KKP_IDN_merge_20161208.shp,VNF-VBD_npp_20120301-20151231_global_asia-enhanced_c201607211230.bitmask,NCEI_NGA.union.nga_lead2.add_2015ntl.mask,timezone.shp,VBD_platforms-recurring_2015_r20170330.shp,999999,VBD_bridges_c20160811.shp,9.202956;7.293124;4.987635;0.117751;-4.766567;-9.662423;-14.566307;-12.781590;-10.252750;-5.421471;-0.565886;4.309883,106.389061;120.204430;133.795395;132.636734;131.583801;130.626740;129.763702;115.696312;101.762085;103.094223;104.302101;105.397919,npp_d20151003_t1731466_e1737270_b20378,158.378,84.2256,32.8721,98.2827,55.6199,72.4855
858,VBD_npp_d20151003_t1732332_x1154770E_y051146N_l0430_s1420_v23,2017-06-01 16:11:27,5.114606,115.476982,7.93776,2015-10-03 17:32:33,2015-10-04 01:32:33,430,1420,0.417426,8,18913,0.506775,0.150398,0.840637,0.4,0.95366,0.75,0.0186025,0.0001,1.31676e-11,999999,2.374099e-01,3,Malaysian Exclusive Economic Zone,,,SVDNB_npp_d20151003_t1731466_e1737270_b20378_c20151003233728467558_noaa_ops.h5,GDNBO_npp_d20151003_t1731466_e1737270_b20378_c20151003233728467298_noaa_ops.h5,SVI04_npp_d20151003_t1731466_e1737270_b20378_c20151003233728541959_noaa_ops.dspace_rad,VNFF_npp_d20151003_t1731466_e1737270_b20378_v21.csv,World_EEZ_v8_2014.shp,WPP_BFAR_merge.shp,KKP_IDN_merge_20161208.shp,VNF-VBD_npp_20120301-20151231_global_asia-enhanced_c201607211230.bitmask,NCEI_NGA.union.nga_lead2.add_2015ntl.mask,timezone.shp,VBD_platforms-recurring_2015_r20170330.shp,0.333223,VBD_bridges_c20160811.shp,9.202956;7.293124;4.987635;0.117751;-4.766567;-9.662423;-14.566307;-12.781590;-10.252750;-5.421471;-0.565886;4.309883,106.389061;120.204430;133.795395;132.636734;131.583801;130.626740;129.763702;115.696312;101.762085;103.094223;104.302101;105.397919,npp_d20151003_t1731466_e1737270_b20378,158.686,87.9885,32.7844,97.804,56.2909,71.5127
859,VBD_npp_d20151003_t1735578_x1127722E_y068320S_l2263_s1420_v23,2017-06-01 16:11:27,-6.832032,112.772209,4.69286,2015-10-03 17:35:57,2015-10-04 00:35:57,2263,1420,0.248419,2,2465,0.255042,0.160453,0.69814,0.4,0.741519,0.75,0.0144917,0.0001,1.42133e-13,999999,-6.874241e-02,3,Indonesian Exclusive Economic Zone,WPP712,,SVDNB_npp_d20151003_t1731466_e1737270_b20378_c20151003233728467558_noaa_ops.h5,GDNBO_npp_d20151003_t1731466_e1737270_b20378_c20151003233728467298_noaa_ops.h5,SVI04_npp_d20151003_t1731466_e1737270_b20378_c20151003233728541959_noaa_ops.dspace_rad,VNFF_npp_d20151003_t1731466_e1737270_b20378_v21.csv,World_EEZ_v8_2014.shp,WPP_BFAR_merge.shp,KKP_IDN_merge_20161208.shp,VNF-VBD_npp_20120301-20151231_global_asia-enhanced_c201607211230.bitmask,NCEI_NGA.union.nga_lead2.add_2015ntl.mask,timezone.shp,VBD_platforms-recurring_2015_r20170330.shp,999999,VBD_bridges_c20160811.shp,9.202956;7.293124;4.987635;0.117751;-4.766567;-9.662423;-14.566307;-12.781590;-10.252750;-5.421471;-0.565886;4.309883,106.389061;120.204430;133.795395;132.636734;131.583801;130.626740;129.763702;115.696312;101.762085;103.094223;104.302101;105.397919,npp_d20151003_t1731466_e1737270_b20378,157.705,118.617,32.791,99.3758,62.5333,65.16
860,VBD_npp_d20151003_t1735525_x1128583E_y064872S_l2210_s1421_v23,2017-06-01 16:11:27,-6.487242,112.858284,6.02777,2015-10-03 17:35:52,2015-10-04 00:35:52,2210,1421,0.256883,4,51685,0.349087,0.134602,0.747555,0.4,0.8157,0.75,0.0146386,0.0001,1.86881e-13,999999,1.786344e-01,3,Indonesian Exclusive Economic Zone,WPP712,,SVDNB_npp_d20151003_t1731466_e1737270_b20378_c20151003233728467558_noaa_ops.h5,GDNBO_npp_d20151003_t1731466_e1737270_b20378_c20151003233728467298_noaa_ops.h5,SVI04_npp_d20151003_t1731466_e1737270_b20378_c20151003233728541959_noaa_ops.dspace_rad,VNFF_npp_d20151003_t1731466_e1737270_b20378_v21.csv,World_EEZ_v8_2014.shp,WPP_BFAR_merge.shp,KKP_IDN_merge_20161208.shp,VNF-VBD_npp_20120301-20151231_global_asia-enhanced_c201607211230.bitmask,NCEI_NGA.union.nga_lead2.add_2015ntl.mask,timezone.shp,VBD_platforms-recurring_2015_r20170330.shp,0.029231,VBD_bridges_c20160811.shp,9.202956;7.293124;4.987635;0.117751;-4.766567;-9.662423;-14.566307;-12.781590;-10.252750;-5.421471;-0.565886;4.309883,106.389061;120.204430;133.795395;132.636734;131.583801;130.626740;129.763702;115.696312;101.762085;103.094223;104.302101;105.397919,npp_d20151003_t1731466_e1737270_b20378,157.812,117.793,32.7462,99.8115,62.329,65.3074
861,VBD_npp_d20151003_t1735542_x1128241E_y066520S_l2235_s1421_v23,2017-06-01 16:11:27,-6.651951,112.824074,5.12293,2015-10-03 17:35:54,2015-10-04 00:35:54,2235,1421,0.23782,4,51685,0.286845,0.168762,0.668004,0.4,0.779851,0.75,0.0145711,0.0001,1.54684e-13,999999,-1.482559e-01,3,Indonesian Exclusive Economic Zone,WPP712,,SVDNB_npp_d20151003_t1731466_e1737270_b20378_c20151003233728467558_noaa_ops.h5,GDNBO_npp_d20151003_t1731466_e1737270_b20378_c20151003233728467298_noaa_ops.h5,SVI04_npp_d20151003_t1731466_e1737270_b20378_c20151003233728541959_noaa_ops.dspace_rad,VNFF_npp_d20151003_t1731466_e1737270_b20378_v21.csv,World_EEZ_v8_2014.shp,WPP_BFAR_merge.shp,KKP_IDN_merge_20161208.shp,VNF-VBD_npp_20120301-20151231_global_asia-enhanced_c201607211230.bitmask,NCEI_NGA.union.nga_lead2.add_2015ntl.mask,timezone.shp,VBD_platforms-recurring_2015_r20170330.shp,0.239845,VBD_bridges_c20160811.shp,9.202956;7.293124;4.987635;0.117751;-4.766567;-9.662423;-14.566307;-12.781590;-10.252750;-5.421471;-0.565886;4.309883,106.389061;120.204430;133.795395;132.636734;131.583801;130.626740;129.763702;115.696312;101.762085;103.094223;104.302101;105.397919,npp_d20151003_t1731466_e1737270_b20378,157.758,118.183,32.744,98.9821,62.423,65.2354
862,VBD_npp_d20151003_t1732047_x1158673E_y067754N_l0175_s1424_v23,2017-06-01 16:11:27,6.775373,115.867332,20.6099,2015-10-03 17:32:04,2015-10-04 01:32:04,175,1424,0.410598,1,2529,0.80426,0.177518,0.908554,0.4,0.963348,0.75,0.0190219,0.0001,2.48155e-11,999999,1.575003e-02,3,Malaysian Exclusive Economic Zone,,,SVDNB_npp_d20151003_t1731466_e1737270_b20378_c20151003233728467558_noaa_ops.h5,GDNBO_npp_d20151003_t1731466_e1737270_b20378_c20151003233728467298_noaa_ops.h5,SVI04_npp_d20151003_t1731466_e1737270_b20378_c20151003233728541959_noaa_ops.dspace_rad,VNFF_npp_d20151003_t1731466_e1737270_b20378_v21.csv,World_EEZ_v8_2014.shp,WPP_BFAR_merge.shp,KKP_IDN_merge_20161208.shp,VNF-VBD_npp_20120301-20151231_global_asia-enhanced_c201607211230.bitmask,NCEI_NGA.union.nga_lead2.add_2015ntl.mask,timezone.shp,VBD_platforms-recurring_2015_r20170330.shp,999999,VBD_bridges_c20160811.shp,9.202956;7.293124;4.987635;0.117751;-4.766567;-9.662423;-14.566307;-12.781590;-10.252750;-5.421471;-0.565886;4.309883,106.389061;120.204430;133.795395;132.636734;131.583801;130.626740;129.763702;115.696312;101.762085;103.094223;104.302101;105.397919,npp_d20151003_t1731466_e1737270_b20378,158.298,83.8602,32.6035,97.6152,55.5105,72.5841
863,VBD_npp_d20151003_t1735525_x1128809E_y065187S_l2214_s1425_v23,2017-06-01 16:11:27,-6.518748,112.880898,2.68588,2015-10-03 17:35:52,2015-10-04 00:35:52,2214,1425,0.253967,7,51361,0.150858,0.145379,0.716002,0.4,0.635471,0.75,0.0146426,0.0001,2.11254e-13,999999,7.550275e-02,3,,,,SVDNB_npp_d20151003_t1731466_e1737270_b20378_c20151003233728467558_noaa_ops.h5,GDNBO_npp_d20151003_t1731466_e1737270_b20378_c20151003233728467298_noaa_ops.h5,SVI04_npp_d20151003_t1731466_e1737270_b20378_c20151003233728541959_noaa_ops.dspace_rad,VNFF_npp_d20151003_t1731466_e1737270_b20378_v21.csv,World_EEZ_v8_2014.shp,WPP_BFAR_merge.shp,KKP_IDN_merge_20161208.shp,VNF-VBD_npp_20120301-20151231_global_asia-enhanced_c201607211230.bitmask,NCEI_NGA.union.nga_lead2.add_2015ntl.mask,timezone.shp,VBD_platforms-recurring_2015_r20170330.shp,0.300554,VBD_bridges_c20160811.shp,9.202956;7.293124;4.987635;0.117751;-4.766567;-9.662423;-14.566307;-12.781590;-10.252750;-5.421471;-0.565886;4.309883,106.389061;120.204430;133.795395;132.636734;131.583801;130.626740;129.763702;115.696312;101.762085;103.094223;104.302101;105.397919,npp_d20151003_t1731466_e1737270_b20378,157.777,117.833,32.5662,99.4347,62.3217,65.2841
864,VBD_npp_d20151003_t1735222_x1133006E_y047557S_l1943_s1426_v23,2017-06-01 16:11:27,-4.755685,113.300591,4.72173,2015-10-03 17:35:22,2015-10-04 00:35:22,1943,1426,0.390396,8,18913,0.30572,0.146152,0.721992,0.4,0.8358,0.75,0.0153189,0.0001,4.85882e-13,999999,6.811311e-02,3,Indonesian Exclusive Economic Zone,WPP712,,SVDNB_npp_d20151003_t1731466_e1737270_b20378_c20151003233728467558_noaa_ops.h5,GDNBO_npp_d20151003_t1731466_e1737270_b20378_c20151003233728467298_noaa_ops.h5,SVI04_npp_d20151003_t1731466_e1737270_b20378_c20151003233728541959_noaa_ops.dspace_rad,VNFF_npp_d20151003_t1731466_e1737270_b20378_v21.csv,World_EEZ_v8_2014.shp,WPP_BFAR_merge.shp,KKP_IDN_merge_20161208.shp,VNF-VBD_npp_20120301-20151231_global_asia-enhanced_c201607211230.bitmask,NCEI_NGA.union.nga_lead2.add_2015ntl.mask,timezone.shp,VBD_platforms-recurring_2015_r20170330.shp,0.493774,VBD_bridges_c20160811.shp,9.202956;7.293124;4.987635;0.117751;-4.766567;-9.662423;-14.566307;-12.781590;-10.252750;-5.421471;-0.565886;4.309883,106.389061;120.204430;133.795395;132.636734;131.583801;130.626740;129.763702;115.696312;101.762085;103.094223;104.302101;105.397919,npp_d20151003_t1731466_e1737270_b20378,158.279,113.551,32.5178,99.1857,61.3172,66.0786
865,VBD_npp_d20151003_t1732207_x1156926E_y058929N_l0310_s1427_v23,2017-06-01 16:11:27,5.892877,115.692558,10.7195,2015-10-03 17:32:20,2015-10-04 01:32:20,310,1427,0.41266,1,2529,0.552853,0.180452,0.803716,0.4,0.906877,0.75,0.0187644,0.0001,2.33613e-11,999999,-8.232316e-03,3,Malaysian Exclusive Economic Zone,,,SVDNB_npp_d20151003_t1731466_e1737270_b20378_c20151003233728467558_noaa_ops.h5,GDNBO_npp_d20151003_t1731466_e1737270_b20378_c20151003233728467298_noaa_ops.h5,SVI04_npp_d20151003_t1731466_e1737270_b20378_c20151003233728541959_noaa_ops.dspace_rad,VNFF_npp_d20151003_t1731466_e1737270_b20378_v21.csv,World_EEZ_v8_2014.shp,WPP_BFAR_merge.shp,KKP_IDN_merge_20161208.shp,VNF-VBD_npp_20120301-20151231_global_asia-enhanced_c201607211230.bitmask,NCEI_NGA.union.nga_lead2.add_2015ntl.mask,timezone.shp,VBD_platforms-recurring_2015_r20170330.shp,999999,VBD_bridges_c20160811.shp,9.202956;7.293124;4.987635;0.117751;-4.766567;-9.662423;-14.566307;-12.781590;-10.252750;-5.421471;-0.565886;4.309883,106.389061;120.204430;133.795395;132.636734;131.583801;130.626740;129.763702;115.696312;101.762085;103.094223;104.302101;105.397919,npp_d20151003_t1731466_e1737270_b20378,158.483,86.0439,32.4641,98.52,55.887,72.0047
866,VBD_npp_d20151003_t1732065_x1158832E_y067412N_l0180_s1428_v23,2017-06-01 16:11:27,6.741222,115.883217,2.88317,2015-10-03 17:32:06,2015-10-04 01:32:06,180,1428,0.405903,1,2273,0.203224,0.192577,0.914909,0.4,0.794169,0.75,0.019027,0.0001,3.13364e-11,999999,-1.073345e-01,3,Malaysian Exclusive Economic Zone,,,SVDNB_npp_d20151003_t1731466_e1737270_b20378_c20151003233728467558_noaa_ops.h5,GDNBO_npp_d20151003_t1731466_e1737270_b20378_c20151003233728467298_noaa_ops.h5,SVI04_npp_d20151003_t1731466_e1737270_b20378_c20151003233728541959_noaa_ops.dspace_rad,VNFF_npp_d20151003_t1731466_e1737270_b20378_v21.csv,World_EEZ_v8_2014.shp,WPP_BFAR_merge.shp,KKP_IDN_merge_20161208.shp,VNF-VBD_npp_20120301-20151231_global_asia-enhanced_c201607211230.bitmask,NCEI_NGA.union.nga_lead2.add_2015ntl.mask,timezone.shp,VBD_platforms-recurring_2015_r20170330.shp,999999,VBD_bridges_c20160811.shp,9.202956;7.293124;4.987635;0.117751;-4.766567;-9.662423;-14.566307;-12.781590;-10.252750;-5.421471;-0.565886;4.309883,106.389061;120.204430;133.795395;132.636734;131.583801;130.626740;129.763702;115.696312;101.762085;103.094223;104.302101;105.397919,npp_d20151003_t1731466_e1737270_b20378,158.279,83.9544,32.4185,98.6654,55.4987,72.5589
867,VBD_npp_d20151003_t1732047_x1159052E_y067974N_l0171_s1429_v23,2017-06-01 16:11:27,6.797394,115.905212,40.1135,2015-10-03 17:32:04,2015-10-04 01:32:04,171,1429,0.40192,1,2529,1.01397,0.204787,0.917918,0.4,0.960157,0.75,0.0190497,0.0001,3.1211e-11,999999,-2.071276e-01,3,Malaysian Exclusive Economic Zone,,,SVDNB_npp_d20151003_t1731466_e1737270_b20378_c20151003233728467558_noaa_ops.h5,GDNBO_npp_d20151003_t1731466_e1737270_b20378_c20151003233728467298_noaa_ops.h5,SVI04_npp_d20151003_t1731466_e1737270_b20378_c20151003233728541959_noaa_ops.dspace_rad,VNFF_npp_d20151003_t1731466_e1737270_b20378_v21.csv,World_EEZ_v8_2014.shp,WPP_BFAR_merge.shp,KKP_IDN_merge_20161208.shp,VNF-VBD_npp_20120301-20151231_global_asia-enhanced_c201607211230.bitmask,NCEI_NGA.union.nga_lead2.add_2015ntl.mask,timezone.shp,VBD_platforms-recurring_2015_r20170330.shp,999999,VBD_bridges_c20160811.shp,9.202956;7.293124;4.987635;0.117751;-4.766567;-9.662423;-14.566307;-12.781590;-10.252750;-5.421471;-0.565886;4.309883,106.389061;120.204430;133.795395;132.636734;131.583801;130.626740;129.763702;115.696312;101.762085;103.094223;104.302101;105.397919,npp_d20151003_t1731466_e1737270_b20378,158.259,83.8199,32.377,97.9939,55.4676,72.5955
868,VBD_npp_d20151003_t1735276_x1132655E_y050470S_l1987_s1431_v23,2017-06-01 16:11:27,-5.046964,113.265480,3.1429,2015-10-03 17:35:27,2015-10-04 00:35:27,1987,1431,0.371973,1,2529,0.217085,0.144522,0.63903,0.4,0.777752,0.75,0.015278,0.0001,5.60053e-13,999999,8.370938e-02,3,Indonesian Exclusive Economic Zone,WPP712,,SVDNB_npp_d20151003_t1731466_e1737270_b20378_c20151003233728467558_noaa_ops.h5,GDNBO_npp_d20151003_t1731466_e1737270_b20378_c20151003233728467298_noaa_ops.h5,SVI04_npp_d20151003_t1731466_e1737270_b20378_c20151003233728541959_noaa_ops.dspace_rad,VNFF_npp_d20151003_t1731466_e1737270_b20378_v21.csv,World_EEZ_v8_2014.shp,WPP_BFAR_merge.shp,KKP_IDN_merge_20161208.shp,VNF-VBD_npp_20120301-20151231_global_asia-enhanced_c201607211230.bitmask,NCEI_NGA.union.nga_lead2.add_2015ntl.mask,timezone.shp,VBD_platforms-recurring_2015_r20170330.shp,999999,VBD_bridges_c20160811.shp,9.202956;7.293124;4.987635;0.117751;-4.766567;-9.662423;-14.566307;-12.781590;-10.252750;-5.421471;-0.565886;4.309883,106.389061;120.204430;133.795395;132.636734;131.583801;130.626740;129.763702;115.696312;101.762085;103.094223;104.302101;105.397919,npp_d20151003_t1731466_e1737270_b20378,158.172,114.232,32.2977,99.5866,61.4491,65.9326
869,VBD_npp_d20151003_t1732065_x1159062E_y067103N_l0184_s1432_v23,2017-06-01 16:11:27,6.710310,115.906151,41.3671,2015-10-03 17:32:06,2015-10-04 01:32:06,184,1432,0.421978,1,35297,1.02935,0.173163,0.928417,0.4,0.970598,0.75,0.0190341,0.0001,3.50351e-11,999999,5.134812e-02,3,Malaysian Exclusive Economic Zone,,,SVDNB_npp_d20151003_t1731466_e1737270_b20378_c20151003233728467558_noaa_ops.h5,GDNBO_npp_d20151003_t1731466_e1737270_b20378_c20151003233728467298_noaa_ops.h5,SVI04_npp_d20151003_t1731466_e1737270_b20378_c20151003233728541959_noaa_ops.dspace_rad,VNFF_npp_d20151003_t1731466_e1737270_b20378_v21.csv,World_EEZ_v8_2014.shp,WPP_BFAR_merge.shp,KKP_IDN_merge_20161208.shp,VNF-VBD_npp_20120301-20151231_global_asia-enhanced_c201607211230.bitmask,NCEI_NGA.union.nga_lead2.add_2015ntl.mask,timezone.shp,VBD_platforms-recurring_2015_r20170330.shp,999999,VBD_bridges_c20160811.shp,9.202956;7.293124;4.987635;0.117751;-4.766567;-9.662423;-14.566307;-12.781590;-10.252750;-5.421471;-0.565886;4.309883,106.389061;120.204430;133.795395;132.636734;131.583801;130.626740;129.763702;115.696312;101.762085;103.094223;104.302101;105.397919,npp_d20151003_t1731466_e1737270_b20378,158.26,84.0402,32.2394,98.2897,55.4862,72.5359
870,VBD_npp_d20151003_t1732065_x1159236E_y067352N_l0180_s1434_v23,2017-06-01 16:11:27,6.735180,115.923622,15.868,2015-10-03 17:32:06,2015-10-04 01:32:06,180,1434,0.421978,1,2529,0.648836,0.173063,0.929153,0.4,0.889084,0.75,0.0190503,0.0001,3.92429e-11,999999,5.216182e-02,3,Malaysian Exclusive Economic Zone,,,SVDNB_npp_d20151003_t1731466_e1737270_b20378_c20151003233728467558_noaa_ops.h5,GDNBO_npp_d20151003_t1731466_e1737270_b20378_c20151003233728467298_noaa_ops.h5,SVI04_npp_d20151003_t1731466_e1737270_b20378_c20151003233728541959_noaa_ops.dspace_rad,VNFF_npp_d20151003_t1731466_e1737270_b20378_v21.csv,World_EEZ_v8_2014.shp,WPP_BFAR_merge.shp,KKP_IDN_merge_20161208.shp,VNF-VBD_npp_20120301-20151231_global_asia-enhanced_c201607211230.bitmask,NCEI_NGA.union.nga_lead2.add_2015ntl.mask,timezone.shp,VBD_platforms-recurring_2015_r20170330.shp,999999,VBD_bridges_c20160811.shp,9.202956;7.293124;4.987635;0.117751;-4.766567;-9.662423;-14.566307;-12.781590;-10.252750;-5.421471;-0.565886;4.309883,106.389061;120.204430;133.795395;132.636734;131.583801;130.626740;129.763702;115.696312;101.762085;103.094223;104.302101;105.397919,npp_d20151003_t1731466_e1737270_b20378,158.24,83.9848,32.1497,98.6726,55.4619,72.5511
871,VBD_npp_d20151003_t1732101_x1158778E_y065263N_l0212_s1434_v23,2017-06-01 16:11:27,6.526257,115.877777,19.3492,2015-10-03 17:32:10,2015-10-04 01:32:10,212,1434,0.385346,1,35297,0.66977,0.185741,0.815918,0.4,0.913625,0.75,0.018983,0.0001,3.69654e-11,999999,-5.145812e-02,3,Malaysian Exclusive Economic Zone,,,SVDNB_npp_d20151003_t1731466_e1737270_b20378_c20151003233728467558_noaa_ops.h5,GDNBO_npp_d20151003_t1731466_e1737270_b20378_c20151003233728467298_noaa_ops.h5,SVI04_npp_d20151003_t1731466_e1737270_b20378_c20151003233728541959_noaa_ops.dspace_rad,VNFF_npp_d20151003_t1731466_e1737270_b20378_v21.csv,World_EEZ_v8_2014.shp,WPP_BFAR_merge.shp,KKP_IDN_merge_20161208.shp,VNF-VBD_npp_20120301-20151231_global_asia-enhanced_c201607211230.bitmask,NCEI_NGA.union.nga_lead2.add_2015ntl.mask,timezone.shp,VBD_platforms-recurring_2015_r20170330.shp,999999,VBD_bridges_c20160811.shp,9.202956;7.293124;4.987635;0.117751;-4.766567;-9.662423;-14.566307;-12.781590;-10.252750;-5.421471;-0.565886;4.309883,106.389061;120.204430;133.795395;132.636734;131.583801;130.626740;129.763702;115.696312;101.762085;103.094223;104.302101;105.397919,npp_d20151003_t1731466_e1737270_b20378,158.291,84.4949,32.1526,98.6835,55.5556,72.4132
872,VBD_npp_d20151003_t1732047_x1159406E_y067579N_l0176_s1435_v23,2017-06-01 16:11:27,6.757922,115.940559,23.4161,2015-10-03 17:32:04,2015-10-04 01:32:04,176,1435,0.429305,8,18913,0.806678,0.16718,0.914193,0.4,0.960787,0.75,0.0190625,0.0001,3.71906e-11,999999,1.002506e-01,3,Malaysian Exclusive Economic Zone,,,SVDNB_npp_d20151003_t1731466_e1737270_b20378_c20151003233728467558_noaa_ops.h5,GDNBO_npp_d20151003_t1731466_e1737270_b20378_c20151003233728467298_noaa_ops.h5,SVI04_npp_d20151003_t1731466_e1737270_b20378_c20151003233728541959_noaa_ops.dspace_rad,VNFF_npp_d20151003_t1731466_e1737270_b20378_v21.csv,World_EEZ_v8_2014.shp,WPP_BFAR_merge.shp,KKP_IDN_merge_20161208.shp,VNF-VBD_npp_20120301-20151231_global_asia-enhanced_c201607211230.bitmask,NCEI_NGA.union.nga_lead2.add_2015ntl.mask,timezone.shp,VBD_platforms-recurring_2015_r20170330.shp,0.435118,VBD_bridges_c20160811.shp,9.202956;7.293124;4.987635;0.117751;-4.766567;-9.662423;-14.566307;-12.781590;-10.252750;-5.421471;-0.565886;4.309883,106.389061;120.204430;133.795395;132.636734;131.583801;130.626740;129.763702;115.696312;101.762085;103.094223;104.302101;105.397919,npp_d20151003_t1731466_e1737270_b20378,158.228,83.9318,32.1113,97.5188,55.4457,72.5656
873,VBD_npp_d20151003_t1735542_x1129198E_y066607S_l2234_s1435_v23,2017-06-01 16:11:27,-6.660736,112.919754,242.925,2015-10-03 17:35:54,2015-10-04 00:35:54,2234,1435,0.236042,4,100845,1.26048,0.164184,0.819466,0.4,0.945382,0.75,0.0146256,0.0001,2.99813e-13,999999,-1.044427e-01,3,Indonesian Exclusive Economic Zone,WPP712,,SVDNB_npp_d20151003_t1731466_e1737270_b20378_c20151003233728467558_noaa_ops.h5,GDNBO_npp_d20151003_t1731466_e1737270_b20378_c20151003233728467298_noaa_ops.h5,SVI04_npp_d20151003_t1731466_e1737270_b20378_c20151003233728541959_noaa_ops.dspace_rad,VNFF_npp_d20151003_t1731466_e1737270_b20378_v21.csv,World_EEZ_v8_2014.shp,WPP_BFAR_merge.shp,KKP_IDN_merge_20161208.shp,VNF-VBD_npp_20120301-20151231_global_asia-enhanced_c201607211230.bitmask,NCEI_NGA.union.nga_lead2.add_2015ntl.mask,timezone.shp,VBD_platforms-recurring_2015_r20170330.shp,999999,VBD_bridges_c20160811.shp,9.202956;7.293124;4.987635;0.117751;-4.766567;-9.662423;-14.566307;-12.781590;-10.252750;-5.421471;-0.565886;4.309883,106.389061;120.204430;133.795395;132.636734;131.583801;130.626740;129.763702;115.696312;101.762085;103.094223;104.302101;105.397919,npp_d20151003_t1731466_e1737270_b20378,157.67,118.082,32.1158,99.0607,62.3398,65.1984
874,VBD_npp_d20151003_t1735489_x1130035E_y063227S_l2182_s1436_v23,2017-06-01 16:11:27,-6.322704,113.003540,429.381,2015-10-03 17:35:48,2015-10-04 00:35:48,2182,1436,0.302905,4,35309,1.29102,0.138214,0.82807,0.4,0.957071,0.75,0.01477,0.0001,3.83109e-13,999999,1.440654e-01,3,Indonesian Exclusive Economic Zone,WPP712,,SVDNB_npp_d20151003_t1731466_e1737270_b20378_c20151003233728467558_noaa_ops.h5,GDNBO_npp_d20151003_t1731466_e1737270_b20378_c20151003233728467298_noaa_ops.h5,SVI04_npp_d20151003_t1731466_e1737270_b20378_c20151003233728541959_noaa_ops.dspace_rad,VNFF_npp_d20151003_t1731466_e1737270_b20378_v21.csv,World_EEZ_v8_2014.shp,WPP_BFAR_merge.shp,KKP_IDN_merge_20161208.shp,VNF-VBD_npp_20120301-20151231_global_asia-enhanced_c201607211230.bitmask,NCEI_NGA.union.nga_lead2.add_2015ntl.mask,timezone.shp,VBD_platforms-recurring_2015_r20170330.shp,999999,VBD_bridges_c20160811.shp,9.202956;7.293124;4.987635;0.117751;-4.766567;-9.662423;-14.566307;-12.781590;-10.252750;-5.421471;-0.565886;4.309883,106.389061;120.204430;133.795395;132.636734;131.583801;130.626740;129.763702;115.696312;101.762085;103.094223;104.302101;105.397919,npp_d20151003_t1731466_e1737270_b20378,157.773,117.275,32.0755,99.4091,62.1406,65.3447
875,VBD_npp_d20151003_t1732065_x1159407E_y067121N_l0183_s1437_v23,2017-06-01 16:11:27,6.712052,115.940727,19.3649,2015-10-03 17:32:06,2015-10-04 01:32:06,183,1437,0.427669,1,2529,0.768042,0.196951,0.931326,0.4,0.951278,0.75,0.0190556,0.0001,4.26233e-11,999999,-1.430793e-01,3,Malaysian Exclusive Economic Zone,,,SVDNB_npp_d20151003_t1731466_e1737270_b20378_c20151003233728467558_noaa_ops.h5,GDNBO_npp_d20151003_t1731466_e1737270_b20378_c20151003233728467298_noaa_ops.h5,SVI04_npp_d20151003_t1731466_e1737270_b20378_c20151003233728541959_noaa_ops.dspace_rad,VNFF_npp_d20151003_t1731466_e1737270_b20378_v21.csv,World_EEZ_v8_2014.shp,WPP_BFAR_merge.shp,KKP_IDN_merge_20161208.shp,VNF-VBD_npp_20120301-20151231_global_asia-enhanced_c201607211230.bitmask,NCEI_NGA.union.nga_lead2.add_2015ntl.mask,timezone.shp,VBD_platforms-recurring_2015_r20170330.shp,999999,VBD_bridges_c20160811.shp,9.202956;7.293124;4.987635;0.117751;-4.766567;-9.662423;-14.566307;-12.781590;-10.252750;-5.421471;-0.565886;4.309883,106.389061;120.204430;133.795395;132.636734;131.583801;130.626740;129.763702;115.696312;101.762085;103.094223;104.302101;105.397919,npp_d20151003_t1731466_e1737270_b20378,158.225,84.0488,32.0153,98.389,55.4526,72.5338
876,VBD_npp_d20151003_t1732065_x1159444E_y066909N_l0186_s1438_v23,2017-06-01 16:11:27,6.690948,115.944412,19.7082,2015-10-03 17:32:06,2015-10-04 01:32:06,186,1438,0.42205,1,2529,0.769979,0.173548,0.931326,0.4,0.957171,0.75,0.0190533,0.0001,4.29616e-11,999999,4.820173e-02,3,Malaysian Exclusive Economic Zone,,,SVDNB_npp_d20151003_t1731466_e1737270_b20378_c20151003233728467558_noaa_ops.h5,GDNBO_npp_d20151003_t1731466_e1737270_b20378_c20151003233728467298_noaa_ops.h5,SVI04_npp_d20151003_t1731466_e1737270_b20378_c20151003233728541959_noaa_ops.dspace_rad,VNFF_npp_d20151003_t1731466_e1737270_b20378_v21.csv,World_EEZ_v8_2014.shp,WPP_BFAR_merge.shp,KKP_IDN_merge_20161208.shp,VNF-VBD_npp_20120301-20151231_global_asia-enhanced_c201607211230.bitmask,NCEI_NGA.union.nga_lead2.add_2015ntl.mask,timezone.shp,VBD_platforms-recurring_2015_r20170330.shp,999999,VBD_bridges_c20160811.shp,9.202956;7.293124;4.987635;0.117751;-4.766567;-9.662423;-14.566307;-12.781590;-10.252750;-5.421471;-0.565886;4.309883,106.389061;120.204430;133.795395;132.636734;131.583801;130.626740;129.763702;115.696312;101.762085;103.094223;104.302101;105.397919,npp_d20151003_t1731466_e1737270_b20378,158.224,84.1028,31.9712,98.1023,55.4554,72.5192
877,VBD_npp_d20151003_t1735240_x1133602E_y048943S_l1962_s1439_v23,2017-06-01 16:11:27,-4.894348,113.360168,6.2838,2015-10-03 17:35:24,2015-10-04 00:35:24,1962,1439,0.38058,8,18913,0.365322,0.15489,0.747893,0.4,0.84458,0.75,0.0153443,0.0001,7.88424e-13,999999,-1.550349e-02,3,Indonesian Exclusive Economic Zone,WPP712,,SVDNB_npp_d20151003_t1731466_e1737270_b20378_c20151003233728467558_noaa_ops.h5,GDNBO_npp_d20151003_t1731466_e1737270_b20378_c20151003233728467298_noaa_ops.h5,SVI04_npp_d20151003_t1731466_e1737270_b20378_c20151003233728541959_noaa_ops.dspace_rad,VNFF_npp_d20151003_t1731466_e1737270_b20378_v21.csv,World_EEZ_v8_2014.shp,WPP_BFAR_merge.shp,KKP_IDN_merge_20161208.shp,VNF-VBD_npp_20120301-20151231_global_asia-enhanced_c201607211230.bitmask,NCEI_NGA.union.nga_lead2.add_2015ntl.mask,timezone.shp,VBD_platforms-recurring_2015_r20170330.shp,0.306634,VBD_bridges_c20160811.shp,9.202956;7.293124;4.987635;0.117751;-4.766567;-9.662423;-14.566307;-12.781590;-10.252750;-5.421471;-0.565886;4.309883,106.389061;120.204430;133.795395;132.636734;131.583801;130.626740;129.763702;115.696312;101.762085;103.094223;104.302101;105.397919,npp_d20151003_t1731466_e1737270_b20378,158.162,113.796,31.9365,98.8986,61.3127,65.9859
878,VBD_npp_d20151003_t1732172_x1158455E_y060446N_l0284_s1444_v23,2017-06-01 16:11:27,6.044615,115.845474,6.53921,2015-10-03 17:32:17,2015-10-04 01:32:17,284,1444,0.344944,1,2529,0.332085,0.22754,0.64942,0.4,0.779906,0.75,0.0188691,0.0001,4.40716e-11,999999,-3.930980e-01,3,Malaysian Exclusive Economic Zone,,,SVDNB_npp_d20151003_t1731466_e1737270_b20378_c20151003233728467558_noaa_ops.h5,GDNBO_npp_d20151003_t1731466_e1737270_b20378_c20151003233728467298_noaa_ops.h5,SVI04_npp_d20151003_t1731466_e1737270_b20378_c20151003233728541959_noaa_ops.dspace_rad,VNFF_npp_d20151003_t1731466_e1737270_b20378_v21.csv,World_EEZ_v8_2014.shp,WPP_BFAR_merge.shp,KKP_IDN_merge_20161208.shp,VNF-VBD_npp_20120301-20151231_global_asia-enhanced_c201607211230.bitmask,NCEI_NGA.union.nga_lead2.add_2015ntl.mask,timezone.shp,VBD_platforms-recurring_2015_r20170330.shp,999999,VBD_bridges_c20160811.shp,9.202956;7.293124;4.987635;0.117751;-4.766567;-9.662423;-14.566307;-12.781590;-10.252750;-5.421471;-0.565886;4.309883,106.389061;120.204430;133.795395;132.636734;131.583801;130.626740;129.763702;115.696312;101.762085;103.094223;104.302101;105.397919,npp_d20151003_t1731466_e1737270_b20378,158.335,85.7008,31.707,97.9424,55.7074,72.0904
879,VBD_npp_d20151003_t1732047_x1160337E_y068332N_l0163_s1447_v23,2017-06-01 16:11:27,6.833169,116.033730,8.8846,2015-10-03 17:32:04,2015-10-04 01:32:04,163,1447,0.416644,1,2529,0.529287,0.196085,0.858867,0.4,0.927684,0.75,0.0191363,0.0001,6.55559e-11,999999,-1.360070e-01,3,Malaysian Exclusive Economic Zone,,,SVDNB_npp_d20151003_t1731466_e1737270_b20378_c20151003233728467558_noaa_ops.h5,GDNBO_npp_d20151003_t1731466_e1737270_b20378_c20151003233728467298_noaa_ops.h5,SVI04_npp_d20151003_t1731466_e1737270_b20378_c20151003233728541959_noaa_ops.dspace_rad,VNFF_npp_d20151003_t1731466_e1737270_b20378_v21.csv,World_EEZ_v8_2014.shp,WPP_BFAR_merge.shp,KKP_IDN_merge_20161208.shp,VNF-VBD_npp_20120301-20151231_global_asia-enhanced_c201607211230.bitmask,NCEI_NGA.union.nga_lead2.add_2015ntl.mask,timezone.shp,VBD_platforms-recurring_2015_r20170330.shp,999999,VBD_bridges_c20160811.shp,9.202956;7.293124;4.987635;0.117751;-4.766567;-9.662423;-14.566307;-12.781590;-10.252750;-5.421471;-0.565886;4.309883,106.389061;120.204430;133.795395;132.636734;131.583801;130.626740;129.763702;115.696312;101.762085;103.094223;104.302101;105.397919,npp_d20151003_t1731466_e1737270_b20378,158.128,83.7807,31.5706,98.7762,55.3338,72.6079
880,VBD_npp_d20151003_t1735187_x1135252E_y045554S_l1908_s1452_v23,2017-06-01 16:11:27,-4.555425,113.525192,3.22748,2015-10-03 17:35:18,2015-10-04 00:35:18,1908,1452,0.347647,2,2465,0.205952,0.162465,0.638877,0.4,0.74431,0.75,0.0154586,0.0001,1.71562e-12,999999,-8.799573e-02,3,Indonesian Exclusive Economic Zone,WPP712,,SVDNB_npp_d20151003_t1731466_e1737270_b20378_c20151003233728467558_noaa_ops.h5,GDNBO_npp_d20151003_t1731466_e1737270_b20378_c20151003233728467298_noaa_ops.h5,SVI04_npp_d20151003_t1731466_e1737270_b20378_c20151003233728541959_noaa_ops.dspace_rad,VNFF_npp_d20151003_t1731466_e1737270_b20378_v21.csv,World_EEZ_v8_2014.shp,WPP_BFAR_merge.shp,KKP_IDN_merge_20161208.shp,VNF-VBD_npp_20120301-20151231_global_asia-enhanced_c201607211230.bitmask,NCEI_NGA.union.nga_lead2.add_2015ntl.mask,timezone.shp,VBD_platforms-recurring_2015_r20170330.shp,999999,VBD_bridges_c20160811.shp,9.202956;7.293124;4.987635;0.117751;-4.766567;-9.662423;-14.566307;-12.781590;-10.252750;-5.421471;-0.565886;4.309883,106.389061;120.204430;133.795395;132.636734;131.583801;130.626740;129.763702;115.696312;101.762085;103.094223;104.302101;105.397919,npp_d20151003_t1731466_e1737270_b20378,158.165,112.867,31.3546,99.4483,61.0422,66.1174
881,VBD_npp_d20151003_t1732047_x1160744E_y068339N_l0162_s1453_v23,2017-06-01 16:11:27,6.833870,116.074448,7.64811,2015-10-03 17:32:04,2015-10-04 01:32:04,162,1453,0.424753,1,2529,0.4556,0.176527,0.879764,0.4,0.905469,0.75,0.0191616,0.0001,8.21418e-11,999999,2.385350e-02,3,Malaysian Exclusive Economic Zone,,,SVDNB_npp_d20151003_t1731466_e1737270_b20378_c20151003233728467558_noaa_ops.h5,GDNBO_npp_d20151003_t1731466_e1737270_b20378_c20151003233728467298_noaa_ops.h5,SVI04_npp_d20151003_t1731466_e1737270_b20378_c20151003233728541959_noaa_ops.dspace_rad,VNFF_npp_d20151003_t1731466_e1737270_b20378_v21.csv,World_EEZ_v8_2014.shp,WPP_BFAR_merge.shp,KKP_IDN_merge_20161208.shp,VNF-VBD_npp_20120301-20151231_global_asia-enhanced_c201607211230.bitmask,NCEI_NGA.union.nga_lead2.add_2015ntl.mask,timezone.shp,VBD_platforms-recurring_2015_r20170330.shp,999999,VBD_bridges_c20160811.shp,9.202956;7.293124;4.987635;0.117751;-4.766567;-9.662423;-14.566307;-12.781590;-10.252750;-5.421471;-0.565886;4.309883,106.389061;120.204430;133.795395;132.636734;131.583801;130.626740;129.763702;115.696312;101.762085;103.094223;104.302101;105.397919,npp_d20151003_t1731466_e1737270_b20378,158.088,83.7947,31.3027,98.8819,55.2946,72.6046
882,VBD_npp_d20151003_t1732047_x1161044E_y068090N_l0165_s1458_v23,2017-06-01 16:11:27,6.808962,116.104408,34.4342,2015-10-03 17:32:04,2015-10-04 01:32:04,165,1458,0.417426,1,2529,0.97801,0.202721,0.90848,0.4,0.968229,0.75,0.0191748,0.0001,9.54548e-11,999999,-1.902439e-01,3,Malaysian Exclusive Economic Zone,,,SVDNB_npp_d20151003_t1731466_e1737270_b20378_c20151003233728467558_noaa_ops.h5,GDNBO_npp_d20151003_t1731466_e1737270_b20378_c20151003233728467298_noaa_ops.h5,SVI04_npp_d20151003_t1731466_e1737270_b20378_c20151003233728541959_noaa_ops.dspace_rad,VNFF_npp_d20151003_t1731466_e1737270_b20378_v21.csv,World_EEZ_v8_2014.shp,WPP_BFAR_merge.shp,KKP_IDN_merge_20161208.shp,VNF-VBD_npp_20120301-20151231_global_asia-enhanced_c201607211230.bitmask,NCEI_NGA.union.nga_lead2.add_2015ntl.mask,timezone.shp,VBD_platforms-recurring_2015_r20170330.shp,999999,VBD_bridges_c20160811.shp,9.202956;7.293124;4.987635;0.117751;-4.766567;-9.662423;-14.566307;-12.781590;-10.252750;-5.421471;-0.565886;4.309883,106.389061;120.204430;133.795395;132.636734;131.583801;130.626740;129.763702;115.696312;101.762085;103.094223;104.302101;105.397919,npp_d20151003_t1731466_e1737270_b20378,158.061,83.8677,31.0788,98.5943,55.2735,72.5849
883,VBD_npp_d20151003_t1735187_x1135592E_y045951S_l1913_s1458_v23,2017-06-01 16:11:27,-4.595128,113.559166,2.5364,2015-10-03 17:35:18,2015-10-04 00:35:18,1913,1458,0.37681,2,2209,0.158119,0.146097,0.589353,0.4,0.707655,0.75,0.0154749,0.0001,2.05386e-12,999999,6.863048e-02,3,Indonesian Exclusive Economic Zone,WPP712,,SVDNB_npp_d20151003_t1731466_e1737270_b20378_c20151003233728467558_noaa_ops.h5,GDNBO_npp_d20151003_t1731466_e1737270_b20378_c20151003233728467298_noaa_ops.h5,SVI04_npp_d20151003_t1731466_e1737270_b20378_c20151003233728541959_noaa_ops.dspace_rad,VNFF_npp_d20151003_t1731466_e1737270_b20378_v21.csv,World_EEZ_v8_2014.shp,WPP_BFAR_merge.shp,KKP_IDN_merge_20161208.shp,VNF-VBD_npp_20120301-20151231_global_asia-enhanced_c201607211230.bitmask,NCEI_NGA.union.nga_lead2.add_2015ntl.mask,timezone.shp,VBD_platforms-recurring_2015_r20170330.shp,999999,VBD_bridges_c20160811.shp,9.202956;7.293124;4.987635;0.117751;-4.766567;-9.662423;-14.566307;-12.781590;-10.252750;-5.421471;-0.565886;4.309883,106.389061;120.204430;133.795395;132.636734;131.583801;130.626740;129.763702;115.696312;101.762085;103.094223;104.302101;105.397919,npp_d20151003_t1731466_e1737270_b20378,158.119,112.923,31.0868,98.9572,61.0272,66.086
884,VBD_npp_d20151003_t1735382_x1133225E_y057263S_l2086_s1462_v23,2017-06-01 16:11:27,-5.726259,113.322510,15.9735,2015-10-03 17:35:38,2015-10-04 00:35:38,2086,1462,0.402844,1,2529,0.694599,0.149699,0.797277,0.4,0.941041,0.75,0.0151247,0.0001,1.57143e-12,999999,3.416880e-02,3,Indonesian Exclusive Economic Zone,WPP712,,SVDNB_npp_d20151003_t1731466_e1737270_b20378_c20151003233728467558_noaa_ops.h5,GDNBO_npp_d20151003_t1731466_e1737270_b20378_c20151003233728467298_noaa_ops.h5,SVI04_npp_d20151003_t1731466_e1737270_b20378_c20151003233728541959_noaa_ops.dspace_rad,VNFF_npp_d20151003_t1731466_e1737270_b20378_v21.csv,World_EEZ_v8_2014.shp,WPP_BFAR_merge.shp,KKP_IDN_merge_20161208.shp,VNF-VBD_npp_20120301-20151231_global_asia-enhanced_c201607211230.bitmask,NCEI_NGA.union.nga_lead2.add_2015ntl.mask,timezone.shp,VBD_platforms-recurring_2015_r20170330.shp,999999,VBD_bridges_c20160811.shp,9.202956;7.293124;4.987635;0.117751;-4.766567;-9.662423;-14.566307;-12.781590;-10.252750;-5.421471;-0.565886;4.309883,106.389061;120.204430;133.795395;132.636734;131.583801;130.626740;129.763702;115.696312;101.762085;103.094223;104.302101;105.397919,npp_d20151003_t1731466_e1737270_b20378,157.794,115.641,30.9078,99.3397,61.639,65.5527
885,VBD_npp_d20151003_t1736547_x1122608E_y102239S_l2777_s1463_v23,2017-06-01 16:11:27,-10.223894,112.260811,7.29897,2015-10-03 17:36:54,2015-10-04 00:36:54,2777,1463,0.354333,1,2529,0.477524,0.180222,0.838017,0.4,0.943522,0.75,0.0133616,0.0001,1.98225e-13,999999,-2.579097e-01,3,Indonesian Exclusive Economic Zone,WPP573,,SVDNB_npp_d20151003_t1731466_e1737270_b20378_c20151003233728467558_noaa_ops.h5,GDNBO_npp_d20151003_t1731466_e1737270_b20378_c20151003233728467298_noaa_ops.h5,SVI04_npp_d20151003_t1731466_e1737270_b20378_c20151003233728541959_noaa_ops.dspace_rad,VNFF_npp_d20151003_t1731466_e1737270_b20378_v21.csv,World_EEZ_v8_2014.shp,WPP_BFAR_merge.shp,KKP_IDN_merge_20161208.shp,VNF-VBD_npp_20120301-20151231_global_asia-enhanced_c201607211230.bitmask,NCEI_NGA.union.nga_lead2.add_2015ntl.mask,timezone.shp,VBD_platforms-recurring_2015_r20170330.shp,999999,VBD_bridges_c20160811.shp,9.202956;7.293124;4.987635;0.117751;-4.766567;-9.662423;-14.566307;-12.781590;-10.252750;-5.421471;-0.565886;4.309883,106.389061;120.204430;133.795395;132.636734;131.583801;130.626740;129.763702;115.696312;101.762085;103.094223;104.302101;105.397919,npp_d20151003_t1731466_e1737270_b20378,156.124,125.738,30.8694,99.4575,64.2635,63.6745
886,VBD_npp_d20151003_t1735098_x1137281E_y040611S_l1830_s1465_v23,2017-06-01 16:11:27,-4.061072,113.728088,9.37998,2015-10-03 17:35:09,2015-10-04 00:35:09,1830,1465,0.315851,8,18913,0.437043,0.178632,0.713723,0.4,0.832077,0.75,0.0156772,0.0001,3.52677e-12,999999,-2.427015e-01,3,Indonesian Exclusive Economic Zone,WPP712,,SVDNB_npp_d20151003_t1731466_e1737270_b20378_c20151003233728467558_noaa_ops.h5,GDNBO_npp_d20151003_t1731466_e1737270_b20378_c20151003233728467298_noaa_ops.h5,SVI04_npp_d20151003_t1731466_e1737270_b20378_c20151003233728541959_noaa_ops.dspace_rad,VNFF_npp_d20151003_t1731466_e1737270_b20378_v21.csv,World_EEZ_v8_2014.shp,WPP_BFAR_merge.shp,KKP_IDN_merge_20161208.shp,VNF-VBD_npp_20120301-20151231_global_asia-enhanced_c201607211230.bitmask,NCEI_NGA.union.nga_lead2.add_2015ntl.mask,timezone.shp,VBD_platforms-recurring_2015_r20170330.shp,0.198852,VBD_bridges_c20160811.shp,9.202956;7.293124;4.987635;0.117751;-4.766567;-9.662423;-14.566307;-12.781590;-10.252750;-5.421471;-0.565886;4.309883,106.389061;120.204430;133.795395;132.636734;131.583801;130.626740;129.763702;115.696312;101.762085;103.094223;104.302101;105.397919,npp_d20151003_t1731466_e1737270_b20378,158.199,111.555,30.7756,99.2115,60.6874,66.3269
887,VBD_npp_d20151003_t1732065_x1161477E_y066398N_l0189_s1469_v23,2017-06-01 16:11:27,6.639838,116.147736,4.36547,2015-10-03 17:32:06,2015-10-04 01:32:06,189,1469,0.392246,4,100837,0.298226,0.192241,0.738275,0.4,0.85915,0.75,0.0191673,0.0001,1.2811e-10,999999,-1.045886e-01,3,Malaysian Exclusive Economic Zone,,,SVDNB_npp_d20151003_t1731466_e1737270_b20378_c20151003233728467558_noaa_ops.h5,GDNBO_npp_d20151003_t1731466_e1737270_b20378_c20151003233728467298_noaa_ops.h5,SVI04_npp_d20151003_t1731466_e1737270_b20378_c20151003233728541959_noaa_ops.dspace_rad,VNFF_npp_d20151003_t1731466_e1737270_b20378_v21.csv,World_EEZ_v8_2014.shp,WPP_BFAR_merge.shp,KKP_IDN_merge_20161208.shp,VNF-VBD_npp_20120301-20151231_global_asia-enhanced_c201607211230.bitmask,NCEI_NGA.union.nga_lead2.add_2015ntl.mask,timezone.shp,VBD_platforms-recurring_2015_r20170330.shp,999999,VBD_bridges_c20160811.shp,9.202956;7.293124;4.987635;0.117751;-4.766567;-9.662423;-14.566307;-12.781590;-10.252750;-5.421471;-0.565886;4.309883,106.389061;120.204430;133.795395;132.636734;131.583801;130.626740;129.763702;115.696312;101.762085;103.094223;104.302101;105.397919,npp_d20151003_t1731466_e1737270_b20378,158.028,84.3038,30.5754,97.8048,55.2765,72.4649
888,VBD_npp_d20151003_t1732065_x1161687E_y066854N_l0182_s1471_v23,2017-06-01 16:11:27,6.685405,116.168701,9.93062,2015-10-03 17:32:06,2015-10-04 01:32:06,182,1471,0.405476,9,100833,0.465315,0.209837,0.74645,0.4,0.85677,0.75,0.0191897,0.0001,1.47594e-10,999999,-2.484012e-01,3,,,,SVDNB_npp_d20151003_t1731466_e1737270_b20378_c20151003233728467558_noaa_ops.h5,GDNBO_npp_d20151003_t1731466_e1737270_b20378_c20151003233728467298_noaa_ops.h5,SVI04_npp_d20151003_t1731466_e1737270_b20378_c20151003233728541959_noaa_ops.dspace_rad,VNFF_npp_d20151003_t1731466_e1737270_b20378_v21.csv,World_EEZ_v8_2014.shp,WPP_BFAR_merge.shp,KKP_IDN_merge_20161208.shp,VNF-VBD_npp_20120301-20151231_global_asia-enhanced_c201607211230.bitmask,NCEI_NGA.union.nga_lead2.add_2015ntl.mask,timezone.shp,VBD_platforms-recurring_2015_r20170330.shp,999999,VBD_bridges_c20160811.shp,9.202956;7.293124;4.987635;0.117751;-4.766567;-9.662423;-14.566307;-12.781590;-10.252750;-5.421471;-0.565886;4.309883,106.389061;120.204430;133.795395;132.636734;131.583801;130.626740;129.763702;115.696312;101.762085;103.094223;104.302101;105.397919,npp_d20151003_t1731466_e1737270_b20378,158.003,84.1991,30.4786,98.5249,55.2426,72.4939
889,VBD_npp_d20151003_t1735187_x1136533E_y046104S_l1913_s1472_v23,2017-06-01 16:11:27,-4.610447,113.653313,3.07236,2015-10-03 17:35:18,2015-10-04 00:35:18,1913,1472,0.390823,8,18593,0.188965,0.156823,0.599537,0.4,0.743119,0.75,0.0155272,0.0001,3.7213e-12,999999,-3.400124e-02,3,Indonesian Exclusive Economic Zone,WPP712,,SVDNB_npp_d20151003_t1731466_e1737270_b20378_c20151003233728467558_noaa_ops.h5,GDNBO_npp_d20151003_t1731466_e1737270_b20378_c20151003233728467298_noaa_ops.h5,SVI04_npp_d20151003_t1731466_e1737270_b20378_c20151003233728541959_noaa_ops.dspace_rad,VNFF_npp_d20151003_t1731466_e1737270_b20378_v21.csv,World_EEZ_v8_2014.shp,WPP_BFAR_merge.shp,KKP_IDN_merge_20161208.shp,VNF-VBD_npp_20120301-20151231_global_asia-enhanced_c201607211230.bitmask,NCEI_NGA.union.nga_lead2.add_2015ntl.mask,timezone.shp,VBD_platforms-recurring_2015_r20170330.shp,0.892947,VBD_bridges_c20160811.shp,9.202956;7.293124;4.987635;0.117751;-4.766567;-9.662423;-14.566307;-12.781590;-10.252750;-5.421471;-0.565886;4.309883,106.389061;120.204430;133.795395;132.636734;131.583801;130.626740;129.763702;115.696312;101.762085;103.094223;104.302101;105.397919,npp_d20151003_t1731466_e1737270_b20378,158.026,112.86,30.4416,98.9455,60.9469,66.0486
890,VBD_npp_d20151003_t1735062_x1138365E_y039181S_l1806_s1475_v23,2017-06-01 16:11:27,-3.918104,113.836494,8.64462,2015-10-03 17:35:06,2015-10-04 00:35:06,1806,1475,0.383141,2,2465,0.338339,0.145617,0.638768,0.4,0.709909,0.75,0.0157773,0.0001,5.25056e-12,999999,7.323214e-02,3,Indonesian Exclusive Economic Zone,WPP712,,SVDNB_npp_d20151003_t1731466_e1737270_b20378_c20151003233728467558_noaa_ops.h5,GDNBO_npp_d20151003_t1731466_e1737270_b20378_c20151003233728467298_noaa_ops.h5,SVI04_npp_d20151003_t1731466_e1737270_b20378_c20151003233728541959_noaa_ops.dspace_rad,VNFF_npp_d20151003_t1731466_e1737270_b20378_v21.csv,World_EEZ_v8_2014.shp,WPP_BFAR_merge.shp,KKP_IDN_merge_20161208.shp,VNF-VBD_npp_20120301-20151231_global_asia-enhanced_c201607211230.bitmask,NCEI_NGA.union.nga_lead2.add_2015ntl.mask,timezone.shp,VBD_platforms-recurring_2015_r20170330.shp,999999,VBD_bridges_c20160811.shp,9.202956;7.293124;4.987635;0.117751;-4.766567;-9.662423;-14.566307;-12.781590;-10.252750;-5.421471;-0.565886;4.309883,106.389061;120.204430;133.795395;132.636734;131.583801;130.626740;129.763702;115.696312;101.762085;103.094223;104.302101;105.397919,npp_d20151003_t1731466_e1737270_b20378,158.164,111.131,30.3016,98.3661,60.5429,66.3747
891,VBD_npp_d20151003_t1735400_x1133967E_y058250S_l2099_s1476_v23,2017-06-01 16:11:27,-5.825045,113.396721,20.1748,2015-10-03 17:35:40,2015-10-04 00:35:40,2099,1476,0.398576,8,18913,0.778375,0.147924,0.875782,0.4,0.961032,0.75,0.0151417,0.0001,2.89277e-12,999999,5.114945e-02,3,Indonesian Exclusive Economic Zone,WPP712,,SVDNB_npp_d20151003_t1731466_e1737270_b20378_c20151003233728467558_noaa_ops.h5,GDNBO_npp_d20151003_t1731466_e1737270_b20378_c20151003233728467298_noaa_ops.h5,SVI04_npp_d20151003_t1731466_e1737270_b20378_c20151003233728541959_noaa_ops.dspace_rad,VNFF_npp_d20151003_t1731466_e1737270_b20378_v21.csv,World_EEZ_v8_2014.shp,WPP_BFAR_merge.shp,KKP_IDN_merge_20161208.shp,VNF-VBD_npp_20120301-20151231_global_asia-enhanced_c201607211230.bitmask,NCEI_NGA.union.nga_lead2.add_2015ntl.mask,timezone.shp,VBD_platforms-recurring_2015_r20170330.shp,0.0982862,VBD_bridges_c20160811.shp,9.202956;7.293124;4.987635;0.117751;-4.766567;-9.662423;-14.566307;-12.781590;-10.252750;-5.421471;-0.565886;4.309883,106.389061;120.204430;133.795395;132.636734;131.583801;130.626740;129.763702;115.696312;101.762085;103.094223;104.302101;105.397919,npp_d20151003_t1731466_e1737270_b20378,157.678,115.764,30.2561,99.6622,61.606,65.4755
892,VBD_npp_d20151003_t1732047_x1162313E_y067768N_l0167_s1477_v23,2017-06-01 16:11:27,6.776781,116.231323,3.72311,2015-10-03 17:32:04,2015-10-04 01:32:04,167,1477,0.387267,4,100837,0.268861,0.198469,0.606911,0.4,0.85707,0.75,0.0192444,0.0001,1.86467e-10,999999,-1.554874e-01,3,Malaysian Exclusive Economic Zone,,,SVDNB_npp_d20151003_t1731466_e1737270_b20378_c20151003233728467558_noaa_ops.h5,GDNBO_npp_d20151003_t1731466_e1737270_b20378_c20151003233728467298_noaa_ops.h5,SVI04_npp_d20151003_t1731466_e1737270_b20378_c20151003233728541959_noaa_ops.dspace_rad,VNFF_npp_d20151003_t1731466_e1737270_b20378_v21.csv,World_EEZ_v8_2014.shp,WPP_BFAR_merge.shp,KKP_IDN_merge_20161208.shp,VNF-VBD_npp_20120301-20151231_global_asia-enhanced_c201607211230.bitmask,NCEI_NGA.union.nga_lead2.add_2015ntl.mask,timezone.shp,VBD_platforms-recurring_2015_r20170330.shp,999999,VBD_bridges_c20160811.shp,9.202956;7.293124;4.987635;0.117751;-4.766567;-9.662423;-14.566307;-12.781590;-10.252750;-5.421471;-0.565886;4.309883,106.389061;120.204430;133.795395;132.636734;131.583801;130.626740;129.763702;115.696312;101.762085;103.094223;104.302101;105.397919,npp_d20151003_t1731466_e1737270_b20378,157.939,83.9949,30.1974,98.4184,55.1618,72.5509
893,VBD_npp_d20151003_t1735080_x1138455E_y039509S_l1811_s1478_v23,2017-06-01 16:11:27,-3.950947,113.845451,12.8575,2015-10-03 17:35:08,2015-10-04 00:35:08,1811,1478,0.373894,1,2529,0.444662,0.145811,0.674461,0.4,0.793465,0.75,0.0157755,0.0001,6.70232e-12,999999,7.137497e-02,3,Indonesian Exclusive Economic Zone,WPP712,,SVDNB_npp_d20151003_t1731466_e1737270_b20378_c20151003233728467558_noaa_ops.h5,GDNBO_npp_d20151003_t1731466_e1737270_b20378_c20151003233728467298_noaa_ops.h5,SVI04_npp_d20151003_t1731466_e1737270_b20378_c20151003233728541959_noaa_ops.dspace_rad,VNFF_npp_d20151003_t1731466_e1737270_b20378_v21.csv,World_EEZ_v8_2014.shp,WPP_BFAR_merge.shp,KKP_IDN_merge_20161208.shp,VNF-VBD_npp_20120301-20151231_global_asia-enhanced_c201607211230.bitmask,NCEI_NGA.union.nga_lead2.add_2015ntl.mask,timezone.shp,VBD_platforms-recurring_2015_r20170330.shp,999999,VBD_bridges_c20160811.shp,9.202956;7.293124;4.987635;0.117751;-4.766567;-9.662423;-14.566307;-12.781590;-10.252750;-5.421471;-0.565886;4.309883,106.389061;120.204430;133.795395;132.636734;131.583801;130.626740;129.763702;115.696312;101.762085;103.094223;104.302101;105.397919,npp_d20151003_t1731466_e1737270_b20378,158.137,111.192,30.1551,99.5131,60.5413,66.3523
894,VBD_npp_d20151003_t1735080_x1138591E_y039532S_l1811_s1480_v23,2017-06-01 16:11:27,-3.953173,113.859077,10.2437,2015-10-03 17:35:08,2015-10-04 00:35:08,1811,1480,0.37176,2,2465,0.357266,0.149577,0.662181,0.4,0.734747,0.75,0.015783,0.0001,7.28682e-12,999999,3.533486e-02,3,Indonesian Exclusive Economic Zone,WPP712,,SVDNB_npp_d20151003_t1731466_e1737270_b20378_c20151003233728467558_noaa_ops.h5,GDNBO_npp_d20151003_t1731466_e1737270_b20378_c20151003233728467298_noaa_ops.h5,SVI04_npp_d20151003_t1731466_e1737270_b20378_c20151003233728541959_noaa_ops.dspace_rad,VNFF_npp_d20151003_t1731466_e1737270_b20378_v21.csv,World_EEZ_v8_2014.shp,WPP_BFAR_merge.shp,KKP_IDN_merge_20161208.shp,VNF-VBD_npp_20120301-20151231_global_asia-enhanced_c201607211230.bitmask,NCEI_NGA.union.nga_lead2.add_2015ntl.mask,timezone.shp,VBD_platforms-recurring_2015_r20170330.shp,999999,VBD_bridges_c20160811.shp,9.202956;7.293124;4.987635;0.117751;-4.766567;-9.662423;-14.566307;-12.781590;-10.252750;-5.421471;-0.565886;4.309883,106.389061;120.204430;133.795395;132.636734;131.583801;130.626740;129.763702;115.696312;101.762085;103.094223;104.302101;105.397919,npp_d20151003_t1731466_e1737270_b20378,158.124,111.184,30.0606,99.5135,60.5296,66.3469
895,VBD_npp_d20151003_t1735525_x1133005E_y066155S_l2218_s1488_v23,2017-06-01 16:11:27,-6.615473,113.300529,1057.39,2015-10-03 17:35:52,2015-10-04 00:35:52,2218,1488,0.288892,4,100845,1.40884,0.150104,0.759551,0.4,0.958155,0.75,0.0148653,0.0001,3.22734e-12,999999,3.028981e-02,3,Indonesian Exclusive Economic Zone,WPP712,,SVDNB_npp_d20151003_t1731466_e1737270_b20378_c20151003233728467558_noaa_ops.h5,GDNBO_npp_d20151003_t1731466_e1737270_b20378_c20151003233728467298_noaa_ops.h5,SVI04_npp_d20151003_t1731466_e1737270_b20378_c20151003233728541959_noaa_ops.dspace_rad,VNFF_npp_d20151003_t1731466_e1737270_b20378_v21.csv,World_EEZ_v8_2014.shp,WPP_BFAR_merge.shp,KKP_IDN_merge_20161208.shp,VNF-VBD_npp_20120301-20151231_global_asia-enhanced_c201607211230.bitmask,NCEI_NGA.union.nga_lead2.add_2015ntl.mask,timezone.shp,VBD_platforms-recurring_2015_r20170330.shp,999999,VBD_bridges_c20160811.shp,9.202956;7.293124;4.987635;0.117751;-4.766567;-9.662423;-14.566307;-12.781590;-10.252750;-5.421471;-0.565886;4.309883,106.389061;120.204430;133.795395;132.636734;131.583801;130.626740;129.763702;115.696312;101.762085;103.094223;104.302101;105.397919,npp_d20151003_t1731466_e1737270_b20378,157.363,117.524,29.688,98.985,61.9812,65.0923
896,VBD_npp_d20151003_t1735329_x1136556E_y055244S_l2048_s1502_v23,2017-06-01 16:11:27,-5.524420,113.655632,3.43244,2015-10-03 17:35:32,2015-10-04 00:35:32,2048,1502,0.388974,8,18593,0.17842,0.16548,0.432035,0.4,0.671807,0.75,0.0153762,0.0001,8.45636e-12,999999,-1.168403e-01,3,Indonesian Exclusive Economic Zone,WPP712,,SVDNB_npp_d20151003_t1731466_e1737270_b20378_c20151003233728467558_noaa_ops.h5,GDNBO_npp_d20151003_t1731466_e1737270_b20378_c20151003233728467298_noaa_ops.h5,SVI04_npp_d20151003_t1731466_e1737270_b20378_c20151003233728541959_noaa_ops.dspace_rad,VNFF_npp_d20151003_t1731466_e1737270_b20378_v21.csv,World_EEZ_v8_2014.shp,WPP_BFAR_merge.shp,KKP_IDN_merge_20161208.shp,VNF-VBD_npp_20120301-20151231_global_asia-enhanced_c201607211230.bitmask,NCEI_NGA.union.nga_lead2.add_2015ntl.mask,timezone.shp,VBD_platforms-recurring_2015_r20170330.shp,0.174543,VBD_bridges_c20160811.shp,9.202956;7.293124;4.987635;0.117751;-4.766567;-9.662423;-14.566307;-12.781590;-10.252750;-5.421471;-0.565886;4.309883,106.389061;120.204430;133.795395;132.636734;131.583801;130.626740;129.763702;115.696312;101.762085;103.094223;104.302101;105.397919,npp_d20151003_t1731466_e1737270_b20378,157.6,114.843,29.0318,98.2353,61.2701,65.5533
897,VBD_npp_d20151003_t1736049_x1132762E_y073343S_l2325_s1509_v23,2017-06-01 16:11:27,-7.334346,113.276192,3.69478,2015-10-03 17:36:04,2015-10-04 00:36:04,2325,1509,0.279503,1,2529,0.238089,0.173064,0.644332,0.4,0.771906,0.75,0.0146512,0.0001,6.23479e-12,999999,-1.894194e-01,3,Indonesian Exclusive Economic Zone,WPP712,,SVDNB_npp_d20151003_t1731466_e1737270_b20378_c20151003233728467558_noaa_ops.h5,GDNBO_npp_d20151003_t1731466_e1737270_b20378_c20151003233728467298_noaa_ops.h5,SVI04_npp_d20151003_t1731466_e1737270_b20378_c20151003233728541959_noaa_ops.dspace_rad,VNFF_npp_d20151003_t1731466_e1737270_b20378_v21.csv,World_EEZ_v8_2014.shp,WPP_BFAR_merge.shp,KKP_IDN_merge_20161208.shp,VNF-VBD_npp_20120301-20151231_global_asia-enhanced_c201607211230.bitmask,NCEI_NGA.union.nga_lead2.add_2015ntl.mask,timezone.shp,VBD_platforms-recurring_2015_r20170330.shp,999999,VBD_bridges_c20160811.shp,9.202956;7.293124;4.987635;0.117751;-4.766567;-9.662423;-14.566307;-12.781590;-10.252750;-5.421471;-0.565886;4.309883,106.389061;120.204430;133.795395;132.636734;131.583801;130.626740;129.763702;115.696312;101.762085;103.094223;104.302101;105.397919,npp_d20151003_t1731466_e1737270_b20378,156.998,118.994,28.6984,99.5658,62.2651,64.7265
898,VBD_npp_d20151003_t1731594_x1165397E_y070752N_l0116_s1512_v23,2017-06-01 16:11:27,7.075169,116.539703,6.99301,2015-10-03 17:31:59,2015-10-04 01:31:59,116,1512,0.417284,1,2529,0.466915,0.173203,0.819329,0.4,0.903372,0.75,0.0194861,0.0001,7.0316e-10,999999,5.101707e-02,3,Malaysian Exclusive Economic Zone,,,SVDNB_npp_d20151003_t1731466_e1737270_b20378_c20151003233728467558_noaa_ops.h5,GDNBO_npp_d20151003_t1731466_e1737270_b20378_c20151003233728467298_noaa_ops.h5,SVI04_npp_d20151003_t1731466_e1737270_b20378_c20151003233728541959_noaa_ops.dspace_rad,VNFF_npp_d20151003_t1731466_e1737270_b20378_v21.csv,World_EEZ_v8_2014.shp,WPP_BFAR_merge.shp,KKP_IDN_merge_20161208.shp,VNF-VBD_npp_20120301-20151231_global_asia-enhanced_c201607211230.bitmask,NCEI_NGA.union.nga_lead2.add_2015ntl.mask,timezone.shp,VBD_platforms-recurring_2015_r20170330.shp,999999,VBD_bridges_c20160811.shp,9.202956;7.293124;4.987635;0.117751;-4.766567;-9.662423;-14.566307;-12.781590;-10.252750;-5.421471;-0.565886;4.309883,106.389061;120.204430;133.795395;132.636734;131.583801;130.626740;129.763702;115.696312;101.762085;103.094223;104.302101;105.397919,npp_d20151003_t1731466_e1737270_b20378,157.624,83.3798,28.5435,98.764,54.7974,72.7297
899,VBD_npp_d20151003_t1731594_x1165751E_y069948N_l0127_s1519_v23,2017-06-01 16:11:27,6.994820,116.575127,11.773,2015-10-03 17:31:59,2015-10-04 01:31:59,127,1519,0.412234,1,2529,0.576307,0.1759,0.836603,0.4,0.930582,0.75,0.0194899,0.0001,8.0322e-10,999999,2.897745e-02,3,Malaysian Exclusive Economic Zone,,,SVDNB_npp_d20151003_t1731466_e1737270_b20378_c20151003233728467558_noaa_ops.h5,GDNBO_npp_d20151003_t1731466_e1737270_b20378_c20151003233728467298_noaa_ops.h5,SVI04_npp_d20151003_t1731466_e1737270_b20378_c20151003233728541959_noaa_ops.dspace_rad,VNFF_npp_d20151003_t1731466_e1737270_b20378_v21.csv,World_EEZ_v8_2014.shp,WPP_BFAR_merge.shp,KKP_IDN_merge_20161208.shp,VNF-VBD_npp_20120301-20151231_global_asia-enhanced_c201607211230.bitmask,NCEI_NGA.union.nga_lead2.add_2015ntl.mask,timezone.shp,VBD_platforms-recurring_2015_r20170330.shp,999999,VBD_bridges_c20160811.shp,9.202956;7.293124;4.987635;0.117751;-4.766567;-9.662423;-14.566307;-12.781590;-10.252750;-5.421471;-0.565886;4.309883,106.389061;120.204430;133.795395;132.636734;131.583801;130.626740;129.763702;115.696312;101.762085;103.094223;104.302101;105.397919,npp_d20151003_t1731466_e1737270_b20378,157.598,83.5876,28.2178,97.5595,54.7876,72.6707
900,VBD_npp_d20151003_t1736031_x1133600E_y072882S_l2316_s1519_v23,2017-06-01 16:11:27,-7.288166,113.359978,5.27327,2015-10-03 17:36:03,2015-10-04 00:36:03,2316,1519,0.291524,4,100773,0.314248,0.150019,0.68498,0.4,0.58529,0.75,0.0147125,0.0001,8.841e-12,999999,3.110503e-02,3,Indonesian Exclusive Economic Zone,WPP712,,SVDNB_npp_d20151003_t1731466_e1737270_b20378_c20151003233728467558_noaa_ops.h5,GDNBO_npp_d20151003_t1731466_e1737270_b20378_c20151003233728467298_noaa_ops.h5,SVI04_npp_d20151003_t1731466_e1737270_b20378_c20151003233728541959_noaa_ops.dspace_rad,VNFF_npp_d20151003_t1731466_e1737270_b20378_v21.csv,World_EEZ_v8_2014.shp,WPP_BFAR_merge.shp,KKP_IDN_merge_20161208.shp,VNF-VBD_npp_20120301-20151231_global_asia-enhanced_c201607211230.bitmask,NCEI_NGA.union.nga_lead2.add_2015ntl.mask,timezone.shp,VBD_platforms-recurring_2015_r20170330.shp,999999,VBD_bridges_c20160811.shp,9.202956;7.293124;4.987635;0.117751;-4.766567;-9.662423;-14.566307;-12.781590;-10.252750;-5.421471;-0.565886;4.309883,106.389061;120.204430;133.795395;132.636734;131.583801;130.626740;129.763702;115.696312;101.762085;103.094223;104.302101;105.397919,npp_d20151003_t1731466_e1737270_b20378,156.954,118.803,28.2255,98.7788,62.1759,64.7218
901,VBD_npp_d20151003_t1735364_x1138433E_y057441S_l2076_s1537_v23,2017-06-01 16:11:27,-5.744078,113.843338,8.18487,2015-10-03 17:35:36,2015-10-04 00:35:36,2076,1537,0.36294,8,18913,0.441612,0.162843,0.772851,0.4,0.871346,0.75,0.0154291,0.0001,3.30322e-11,999999,-9.161334e-02,3,Indonesian Exclusive Economic Zone,WPP712,,SVDNB_npp_d20151003_t1731466_e1737270_b20378_c20151003233728467558_noaa_ops.h5,GDNBO_npp_d20151003_t1731466_e1737270_b20378_c20151003233728467298_noaa_ops.h5,SVI04_npp_d20151003_t1731466_e1737270_b20378_c20151003233728541959_noaa_ops.dspace_rad,VNFF_npp_d20151003_t1731466_e1737270_b20378_v21.csv,World_EEZ_v8_2014.shp,WPP_BFAR_merge.shp,KKP_IDN_merge_20161208.shp,VNF-VBD_npp_20120301-20151231_global_asia-enhanced_c201607211230.bitmask,NCEI_NGA.union.nga_lead2.add_2015ntl.mask,timezone.shp,VBD_platforms-recurring_2015_r20170330.shp,0.338139,VBD_bridges_c20160811.shp,9.202956;7.293124;4.987635;0.117751;-4.766567;-9.662423;-14.566307;-12.781590;-10.252750;-5.421471;-0.565886;4.309883,106.389061;120.204430;133.795395;132.636734;131.583801;130.626740;129.763702;115.696312;101.762085;103.094223;104.302101;105.397919,npp_d20151003_t1731466_e1737270_b20378,157.325,115.098,27.3787,98.6208,61.1777,65.3725
902,VBD_npp_d20151003_t1736103_x1134182E_y076685S_l2371_s1541_v23,2017-06-01 16:11:27,-7.668455,113.418159,3.69598,2015-10-03 17:36:10,2015-10-04 00:36:10,2371,1541,0.261578,2,2465,0.224114,0.169059,0.568728,0.4,0.739723,0.75,0.0146426,0.0001,2.07715e-11,999999,-1.510890e-01,3,Indonesian Exclusive Economic Zone,WPP712,,SVDNB_npp_d20151003_t1731466_e1737270_b20378_c20151003233728467558_noaa_ops.h5,GDNBO_npp_d20151003_t1731466_e1737270_b20378_c20151003233728467298_noaa_ops.h5,SVI04_npp_d20151003_t1731466_e1737270_b20378_c20151003233728541959_noaa_ops.dspace_rad,VNFF_npp_d20151003_t1731466_e1737270_b20378_v21.csv,World_EEZ_v8_2014.shp,WPP_BFAR_merge.shp,KKP_IDN_merge_20161208.shp,VNF-VBD_npp_20120301-20151231_global_asia-enhanced_c201607211230.bitmask,NCEI_NGA.union.nga_lead2.add_2015ntl.mask,timezone.shp,VBD_platforms-recurring_2015_r20170330.shp,999999,VBD_bridges_c20160811.shp,9.202956;7.293124;4.987635;0.117751;-4.766567;-9.662423;-14.566307;-12.781590;-10.252750;-5.421471;-0.565886;4.309883,106.389061;120.204430;133.795395;132.636734;131.583801;130.626740;129.763702;115.696312;101.762085;103.094223;104.302101;105.397919,npp_d20151003_t1731466_e1737270_b20378,156.693,119.469,27.18,99.8173,62.2619,64.5028
903,VBD_npp_d20151003_t1735222_x1140911E_y048767S_l1942_s1544_v23,2017-06-01 16:11:27,-4.876721,114.091072,8.56901,2015-10-03 17:35:22,2015-10-04 01:35:22,1942,1544,0.395233,1,2529,0.458463,0.14591,0.771613,0.4,0.878954,0.75,0.0157589,0.0001,6.44707e-11,999999,7.042464e-02,3,Indonesian Exclusive Economic Zone,WPP712,,SVDNB_npp_d20151003_t1731466_e1737270_b20378_c20151003233728467558_noaa_ops.h5,GDNBO_npp_d20151003_t1731466_e1737270_b20378_c20151003233728467298_noaa_ops.h5,SVI04_npp_d20151003_t1731466_e1737270_b20378_c20151003233728541959_noaa_ops.dspace_rad,VNFF_npp_d20151003_t1731466_e1737270_b20378_v21.csv,World_EEZ_v8_2014.shp,WPP_BFAR_merge.shp,KKP_IDN_merge_20161208.shp,VNF-VBD_npp_20120301-20151231_global_asia-enhanced_c201607211230.bitmask,NCEI_NGA.union.nga_lead2.add_2015ntl.mask,timezone.shp,VBD_platforms-recurring_2015_r20170330.shp,999999,VBD_bridges_c20160811.shp,9.202956;7.293124;4.987635;0.117751;-4.766567;-9.662423;-14.566307;-12.781590;-10.252750;-5.421471;-0.565886;4.309883,106.389061;120.204430;133.795395;132.636734;131.583801;130.626740;129.763702;115.696312;101.762085;103.094223;104.302101;105.397919,npp_d20151003_t1731466_e1737270_b20378,157.507,112.992,27.0283,99.2554,60.6418,65.7642
904,VBD_npp_d20151003_t1735009_x1144134E_y036651S_l1755_s1550_v23,2017-06-01 16:11:27,-3.665132,114.413376,3.01291,2015-10-03 17:35:00,2015-10-04 01:35:00,1755,1550,0.409246,8,18849,0.186918,0.137663,0.600494,0.4,0.728201,0.75,0.0161892,0.0001,1.16886e-10,999999,-4.974181e-03,3,Indonesian Exclusive Economic Zone,WPP712,,SVDNB_npp_d20151003_t1731466_e1737270_b20378_c20151003233728467558_noaa_ops.h5,GDNBO_npp_d20151003_t1731466_e1737270_b20378_c20151003233728467298_noaa_ops.h5,SVI04_npp_d20151003_t1731466_e1737270_b20378_c20151003233728541959_noaa_ops.dspace_rad,VNFF_npp_d20151003_t1731466_e1737270_b20378_v21.csv,World_EEZ_v8_2014.shp,WPP_BFAR_merge.shp,KKP_IDN_merge_20161208.shp,VNF-VBD_npp_20120301-20151231_global_asia-enhanced_c201607211230.bitmask,NCEI_NGA.union.nga_lead2.add_2015ntl.mask,timezone.shp,VBD_platforms-recurring_2015_r20170330.shp,0.196456,VBD_bridges_c20160811.shp,9.202956;7.293124;4.987635;0.117751;-4.766567;-9.662423;-14.566307;-12.781590;-10.252750;-5.421471;-0.565886;4.309883,106.389061;120.204430;133.795395;132.636734;131.583801;130.626740;129.763702;115.696312;101.762085;103.094223;104.302101;105.397919,npp_d20151003_t1731466_e1737270_b20378,157.735,110.03,26.7344,98.5718,59.9285,66.3436
905,VBD_npp_d20151003_t1735026_x1144275E_y037064S_l1761_s1554_v23,2017-06-01 16:11:27,-3.706394,114.427505,3.53396,2015-10-03 17:35:02,2015-10-04 01:35:02,1761,1554,0.405049,2,2465,0.187436,0.159594,0.646657,0.4,0.504946,0.75,0.0161886,0.0001,1.49807e-10,999999,-2.394302e-01,3,Indonesian Exclusive Economic Zone,WPP712,,SVDNB_npp_d20151003_t1731466_e1737270_b20378_c20151003233728467558_noaa_ops.h5,GDNBO_npp_d20151003_t1731466_e1737270_b20378_c20151003233728467298_noaa_ops.h5,SVI04_npp_d20151003_t1731466_e1737270_b20378_c20151003233728541959_noaa_ops.dspace_rad,VNFF_npp_d20151003_t1731466_e1737270_b20378_v21.csv,World_EEZ_v8_2014.shp,WPP_BFAR_merge.shp,KKP_IDN_merge_20161208.shp,VNF-VBD_npp_20120301-20151231_global_asia-enhanced_c201607211230.bitmask,NCEI_NGA.union.nga_lead2.add_2015ntl.mask,timezone.shp,VBD_platforms-recurring_2015_r20170330.shp,999999,VBD_bridges_c20160811.shp,9.202956;7.293124;4.987635;0.117751;-4.766567;-9.662423;-14.566307;-12.781590;-10.252750;-5.421471;-0.565886;4.309883,106.389061;120.204430;133.795395;132.636734;131.583801;130.626740;129.763702;115.696312;101.762085;103.094223;104.302101;105.397919,npp_d20151003_t1731466_e1737270_b20378,157.701,110.105,26.5362,99.7691,59.9256,66.3145
906,VBD_npp_d20151003_t1731540_x1169076E_y073306N_l0070_s1557_v23,2017-06-01 16:11:27,7.330565,116.907593,14.6254,2015-10-03 17:31:54,2015-10-04 01:31:54,70,1557,0.428167,8,18913,0.674676,0.165639,0.886015,0.4,0.936525,0.75,0.0197543,0.0001,3.24247e-09,999999,1.128407e-01,3,Malaysian Exclusive Economic Zone,,,SVDNB_npp_d20151003_t1731466_e1737270_b20378_c20151003233728467558_noaa_ops.h5,GDNBO_npp_d20151003_t1731466_e1737270_b20378_c20151003233728467298_noaa_ops.h5,SVI04_npp_d20151003_t1731466_e1737270_b20378_c20151003233728541959_noaa_ops.dspace_rad,VNFF_npp_d20151003_t1731466_e1737270_b20378_v21.csv,World_EEZ_v8_2014.shp,WPP_BFAR_merge.shp,KKP_IDN_merge_20161208.shp,VNF-VBD_npp_20120301-20151231_global_asia-enhanced_c201607211230.bitmask,NCEI_NGA.union.nga_lead2.add_2015ntl.mask,timezone.shp,VBD_platforms-recurring_2015_r20170330.shp,0.175723,VBD_bridges_c20160811.shp,9.202956;7.293124;4.987635;0.117751;-4.766567;-9.662423;-14.566307;-12.781590;-10.252750;-5.421471;-0.565886;4.309883,106.389061;120.204430;133.795395;132.636734;131.583801;130.626740;129.763702;115.696312;101.762085;103.094223;104.302101;105.397919,npp_d20151003_t1731466_e1737270_b20378,157.253,82.9113,26.38,98.5872,54.3895,72.8772
907,VBD_npp_d20151003_t1731540_x1169310E_y073477N_l0067_s1560_v23,2017-06-01 16:11:27,7.347732,116.931007,30.6965,2015-10-03 17:31:54,2015-10-04 01:31:54,67,1560,0.43777,1,2529,0.877494,0.174288,0.887538,0.4,0.947014,0.75,0.019772,0.0001,3.66563e-09,999999,4.215126e-02,3,Malaysian Exclusive Economic Zone,,,SVDNB_npp_d20151003_t1731466_e1737270_b20378_c20151003233728467558_noaa_ops.h5,GDNBO_npp_d20151003_t1731466_e1737270_b20378_c20151003233728467298_noaa_ops.h5,SVI04_npp_d20151003_t1731466_e1737270_b20378_c20151003233728541959_noaa_ops.dspace_rad,VNFF_npp_d20151003_t1731466_e1737270_b20378_v21.csv,World_EEZ_v8_2014.shp,WPP_BFAR_merge.shp,KKP_IDN_merge_20161208.shp,VNF-VBD_npp_20120301-20151231_global_asia-enhanced_c201607211230.bitmask,NCEI_NGA.union.nga_lead2.add_2015ntl.mask,timezone.shp,VBD_platforms-recurring_2015_r20170330.shp,999999,VBD_bridges_c20160811.shp,9.202956;7.293124;4.987635;0.117751;-4.766567;-9.662423;-14.566307;-12.781590;-10.252750;-5.421471;-0.565886;4.309883,106.389061;120.204430;133.795395;132.636734;131.583801;130.626740;129.763702;115.696312;101.762085;103.094223;104.302101;105.397919,npp_d20151003_t1731466_e1737270_b20378,157.227,82.8805,26.2319,98.9544,54.362,72.8873
908,VBD_npp_d20151003_t1735026_x1144748E_y037141S_l1761_s1561_v23,2017-06-01 16:11:27,-3.714100,114.474762,3.77153,2015-10-03 17:35:02,2015-10-04 01:35:02,1761,1561,0.401493,2,2209,0.171349,0.13587,0.584971,0.4,0.617461,0.75,0.0162146,0.0001,1.94379e-10,999999,1.419393e-02,3,Indonesian Exclusive Economic Zone,WPP712,,SVDNB_npp_d20151003_t1731466_e1737270_b20378_c20151003233728467558_noaa_ops.h5,GDNBO_npp_d20151003_t1731466_e1737270_b20378_c20151003233728467298_noaa_ops.h5,SVI04_npp_d20151003_t1731466_e1737270_b20378_c20151003233728541959_noaa_ops.dspace_rad,VNFF_npp_d20151003_t1731466_e1737270_b20378_v21.csv,World_EEZ_v8_2014.shp,WPP_BFAR_merge.shp,KKP_IDN_merge_20161208.shp,VNF-VBD_npp_20120301-20151231_global_asia-enhanced_c201607211230.bitmask,NCEI_NGA.union.nga_lead2.add_2015ntl.mask,timezone.shp,VBD_platforms-recurring_2015_r20170330.shp,999999,VBD_bridges_c20160811.shp,9.202956;7.293124;4.987635;0.117751;-4.766567;-9.662423;-14.566307;-12.781590;-10.252750;-5.421471;-0.565886;4.309883,106.389061;120.204430;133.795395;132.636734;131.583801;130.626740;129.763702;115.696312;101.762085;103.094223;104.302101;105.397919,npp_d20151003_t1731466_e1737270_b20378,157.654,110.08,26.1895,99.7757,59.8852,66.2958
909,VBD_npp_d20151003_t1731505_x1169931E_y074788N_l0046_s1564_v23,2017-06-01 16:11:27,7.478801,116.993080,3.41072,2015-10-03 17:31:50,2015-10-04 01:31:50,46,1564,0.422974,8,18913,0.238881,0.194226,0.795482,0.4,0.812527,0.75,0.0198305,0.0001,3.96459e-09,999999,-1.208060e-01,3,Malaysian Exclusive Economic Zone,,,SVDNB_npp_d20151003_t1731466_e1737270_b20378_c20151003233728467558_noaa_ops.h5,GDNBO_npp_d20151003_t1731466_e1737270_b20378_c20151003233728467298_noaa_ops.h5,SVI04_npp_d20151003_t1731466_e1737270_b20378_c20151003233728541959_noaa_ops.dspace_rad,VNFF_npp_d20151003_t1731466_e1737270_b20378_v21.csv,World_EEZ_v8_2014.shp,WPP_BFAR_merge.shp,KKP_IDN_merge_20161208.shp,VNF-VBD_npp_20120301-20151231_global_asia-enhanced_c201607211230.bitmask,NCEI_NGA.union.nga_lead2.add_2015ntl.mask,timezone.shp,VBD_platforms-recurring_2015_r20170330.shp,0.588323,VBD_bridges_c20160811.shp,9.202956;7.293124;4.987635;0.117751;-4.766567;-9.662423;-14.566307;-12.781590;-10.252750;-5.421471;-0.565886;4.309883,106.389061;120.204430;133.795395;132.636734;131.583801;130.626740;129.763702;115.696312;101.762085;103.094223;104.302101;105.397919,npp_d20151003_t1731466_e1737270_b20378,157.164,82.5915,26.0332,97.6135,54.2774,72.9757
910,VBD_npp_d20151003_t1731505_x1170019E_y074913N_l0044_s1565_v23,2017-06-01 16:11:27,7.491261,117.001892,13.3595,2015-10-03 17:31:50,2015-10-04 01:31:50,44,1565,0.439263,8,18913,0.557431,0.189922,0.795482,0.4,0.892931,0.75,0.0198385,0.0001,4.16592e-09,999999,-8.563183e-02,3,Malaysian Exclusive Economic Zone,,,SVDNB_npp_d20151003_t1731466_e1737270_b20378_c20151003233728467558_noaa_ops.h5,GDNBO_npp_d20151003_t1731466_e1737270_b20378_c20151003233728467298_noaa_ops.h5,SVI04_npp_d20151003_t1731466_e1737270_b20378_c20151003233728541959_noaa_ops.dspace_rad,VNFF_npp_d20151003_t1731466_e1737270_b20378_v21.csv,World_EEZ_v8_2014.shp,WPP_BFAR_merge.shp,KKP_IDN_merge_20161208.shp,VNF-VBD_npp_20120301-20151231_global_asia-enhanced_c201607211230.bitmask,NCEI_NGA.union.nga_lead2.add_2015ntl.mask,timezone.shp,VBD_platforms-recurring_2015_r20170330.shp,0.467364,VBD_bridges_c20160811.shp,9.202956;7.293124;4.987635;0.117751;-4.766567;-9.662423;-14.566307;-12.781590;-10.252750;-5.421471;-0.565886;4.309883,106.389061;120.204430;133.795395;132.636734;131.583801;130.626740;129.763702;115.696312;101.762085;103.094223;104.302101;105.397919,npp_d20151003_t1731466_e1737270_b20378,157.154,82.5659,25.9822,97.8575,54.2653,72.9838
911,VBD_npp_d20151003_t1731505_x1170066E_y074768N_l0046_s1566_v23,2017-06-01 16:11:27,7.476818,117.006607,12.0449,2015-10-03 17:31:50,2015-10-04 01:31:50,46,1566,0.440259,1,2529,0.499518,0.189675,0.795482,0.4,0.829243,0.75,0.0198382,0.0001,4.22435e-09,999999,-8.360956e-02,3,Malaysian Exclusive Economic Zone,,,SVDNB_npp_d20151003_t1731466_e1737270_b20378_c20151003233728467558_noaa_ops.h5,GDNBO_npp_d20151003_t1731466_e1737270_b20378_c20151003233728467298_noaa_ops.h5,SVI04_npp_d20151003_t1731466_e1737270_b20378_c20151003233728541959_noaa_ops.dspace_rad,VNFF_npp_d20151003_t1731466_e1737270_b20378_v21.csv,World_EEZ_v8_2014.shp,WPP_BFAR_merge.shp,KKP_IDN_merge_20161208.shp,VNF-VBD_npp_20120301-20151231_global_asia-enhanced_c201607211230.bitmask,NCEI_NGA.union.nga_lead2.add_2015ntl.mask,timezone.shp,VBD_platforms-recurring_2015_r20170330.shp,999999,VBD_bridges_c20160811.shp,9.202956;7.293124;4.987635;0.117751;-4.766567;-9.662423;-14.566307;-12.781590;-10.252750;-5.421471;-0.565886;4.309883,106.389061;120.204430;133.795395;132.636734;131.583801;130.626740;129.763702;115.696312;101.762085;103.094223;104.302101;105.397919,npp_d20151003_t1731466_e1737270_b20378,157.151,82.602,25.9342,97.6124,54.265,72.9732
912,VBD_npp_d20151003_t1736085_x1136032E_y076529S_l2364_s1566_v23,2017-06-01 16:11:27,-7.652920,113.603172,2.30271,2015-10-03 17:36:08,2015-10-04 00:36:08,2364,1566,0.340747,2,2209,0.157207,0.139229,0.550726,0.4,0.743967,0.75,0.0147534,0.0001,5.13929e-11,999999,1.343589e-01,3,Indonesian Exclusive Economic Zone,WPP712,,SVDNB_npp_d20151003_t1731466_e1737270_b20378_c20151003233728467558_noaa_ops.h5,GDNBO_npp_d20151003_t1731466_e1737270_b20378_c20151003233728467298_noaa_ops.h5,SVI04_npp_d20151003_t1731466_e1737270_b20378_c20151003233728541959_noaa_ops.dspace_rad,VNFF_npp_d20151003_t1731466_e1737270_b20378_v21.csv,World_EEZ_v8_2014.shp,WPP_BFAR_merge.shp,KKP_IDN_merge_20161208.shp,VNF-VBD_npp_20120301-20151231_global_asia-enhanced_c201607211230.bitmask,NCEI_NGA.union.nga_lead2.add_2015ntl.mask,timezone.shp,VBD_platforms-recurring_2015_r20170330.shp,999999,VBD_bridges_c20160811.shp,9.202956;7.293124;4.987635;0.117751;-4.766567;-9.662423;-14.566307;-12.781590;-10.252750;-5.421471;-0.565886;4.309883,106.389061;120.204430;133.795395;132.636734;131.583801;130.626740;129.763702;115.696312;101.762085;103.094223;104.302101;105.397919,npp_d20151003_t1731466_e1737270_b20378,156.547,119.214,25.9421,98.7138,62.0948,64.4453
913,VBD_npp_d20151003_t1731505_x1171206E_y074601N_l0046_s1583_v23,2017-06-01 16:11:27,7.460061,117.120628,21.3518,2015-10-03 17:31:50,2015-10-04 01:31:50,46,1583,0.43023,1,2529,0.77647,0.183785,0.875634,0.4,0.944414,0.75,0.0199036,0.0001,7.16937e-09,999999,-3.547530e-02,3,Malaysian Exclusive Economic Zone,,,SVDNB_npp_d20151003_t1731466_e1737270_b20378_c20151003233728467558_noaa_ops.h5,GDNBO_npp_d20151003_t1731466_e1737270_b20378_c20151003233728467298_noaa_ops.h5,SVI04_npp_d20151003_t1731466_e1737270_b20378_c20151003233728541959_noaa_ops.dspace_rad,VNFF_npp_d20151003_t1731466_e1737270_b20378_v21.csv,World_EEZ_v8_2014.shp,WPP_BFAR_merge.shp,KKP_IDN_merge_20161208.shp,VNF-VBD_npp_20120301-20151231_global_asia-enhanced_c201607211230.bitmask,NCEI_NGA.union.nga_lead2.add_2015ntl.mask,timezone.shp,VBD_platforms-recurring_2015_r20170330.shp,999999,VBD_bridges_c20160811.shp,9.202956;7.293124;4.987635;0.117751;-4.766567;-9.662423;-14.566307;-12.781590;-10.252750;-5.421471;-0.565886;4.309883,106.389061;120.204430;133.795395;132.636734;131.583801;130.626740;129.763702;115.696312;101.762085;103.094223;104.302101;105.397919,npp_d20151003_t1731466_e1737270_b20378,157.041,82.6904,25.094,97.6027,54.1608,72.9515
914,VBD_npp_d20151003_t1731505_x1171467E_y074972N_l0040_s1586_v23,2017-06-01 16:11:27,7.497179,117.146675,16.6205,2015-10-03 17:31:50,2015-10-04 01:31:50,40,1586,0.437272,1,2529,0.601342,0.172396,0.870607,0.4,0.889832,0.75,0.0199275,0.0001,8.27469e-09,999999,5.761284e-02,3,Malaysian Exclusive Economic Zone,,,SVDNB_npp_d20151003_t1731466_e1737270_b20378_c20151003233728467558_noaa_ops.h5,GDNBO_npp_d20151003_t1731466_e1737270_b20378_c20151003233728467298_noaa_ops.h5,SVI04_npp_d20151003_t1731466_e1737270_b20378_c20151003233728541959_noaa_ops.dspace_rad,VNFF_npp_d20151003_t1731466_e1737270_b20378_v21.csv,World_EEZ_v8_2014.shp,WPP_BFAR_merge.shp,KKP_IDN_merge_20161208.shp,VNF-VBD_npp_20120301-20151231_global_asia-enhanced_c201607211230.bitmask,NCEI_NGA.union.nga_lead2.add_2015ntl.mask,timezone.shp,VBD_platforms-recurring_2015_r20170330.shp,999999,VBD_bridges_c20160811.shp,9.202956;7.293124;4.987635;0.117751;-4.766567;-9.662423;-14.566307;-12.781590;-10.252750;-5.421471;-0.565886;4.309883,106.389061;120.204430;133.795395;132.636734;131.583801;130.626740;129.763702;115.696312;101.762085;103.094223;104.302101;105.397919,npp_d20151003_t1731466_e1737270_b20378,157.011,82.6148,24.9427,98.3631,54.1249,72.9757
915,VBD_npp_d20151003_t1731505_x1171620E_y075085N_l0038_s1588_v23,2017-06-01 16:11:27,7.508537,117.161980,19.4366,2015-10-03 17:31:50,2015-10-04 01:31:50,38,1588,0.423757,1,2529,0.676981,0.173886,0.852678,0.4,0.904307,0.75,0.0199394,0.0001,8.94227e-09,999999,4.543253e-02,3,Malaysian Exclusive Economic Zone,,,SVDNB_npp_d20151003_t1731466_e1737270_b20378_c20151003233728467558_noaa_ops.h5,GDNBO_npp_d20151003_t1731466_e1737270_b20378_c20151003233728467298_noaa_ops.h5,SVI04_npp_d20151003_t1731466_e1737270_b20378_c20151003233728541959_noaa_ops.dspace_rad,VNFF_npp_d20151003_t1731466_e1737270_b20378_v21.csv,World_EEZ_v8_2014.shp,WPP_BFAR_merge.shp,KKP_IDN_merge_20161208.shp,VNF-VBD_npp_20120301-20151231_global_asia-enhanced_c201607211230.bitmask,NCEI_NGA.union.nga_lead2.add_2015ntl.mask,timezone.shp,VBD_platforms-recurring_2015_r20170330.shp,999999,VBD_bridges_c20160811.shp,9.202956;7.293124;4.987635;0.117751;-4.766567;-9.662423;-14.566307;-12.781590;-10.252750;-5.421471;-0.565886;4.309883,106.389061;120.204430;133.795395;132.636734;131.583801;130.626740;129.763702;115.696312;101.762085;103.094223;104.302101;105.397919,npp_d20151003_t1731466_e1737270_b20378,156.995,82.5948,24.8438,98.6196,54.1069,72.9825
916,VBD_npp_d20151003_t1735222_x1144482E_y049210S_l1940_s1597_v23,2017-06-01 16:11:27,-4.920980,114.448181,9.44014,2015-10-03 17:35:22,2015-10-04 01:35:22,1940,1597,0.281424,10,2177,0.131797,0.108853,0.193821,0.4,0.310106,0.75,0.0159579,0.0001,4.68292e-10,999999,3.030062e-01,3,Indonesian Exclusive Economic Zone,WPP712,,SVDNB_npp_d20151003_t1731466_e1737270_b20378_c20151003233728467558_noaa_ops.h5,GDNBO_npp_d20151003_t1731466_e1737270_b20378_c20151003233728467298_noaa_ops.h5,SVI04_npp_d20151003_t1731466_e1737270_b20378_c20151003233728541959_noaa_ops.dspace_rad,VNFF_npp_d20151003_t1731466_e1737270_b20378_v21.csv,World_EEZ_v8_2014.shp,WPP_BFAR_merge.shp,KKP_IDN_merge_20161208.shp,VNF-VBD_npp_20120301-20151231_global_asia-enhanced_c201607211230.bitmask,NCEI_NGA.union.nga_lead2.add_2015ntl.mask,timezone.shp,VBD_platforms-recurring_2015_r20170330.shp,999999,VBD_bridges_c20160811.shp,9.202956;7.293124;4.987635;0.117751;-4.766567;-9.662423;-14.566307;-12.781590;-10.252750;-5.421471;-0.565886;4.309883,106.389061;120.204430;133.795395;132.636734;131.583801;130.626740;129.763702;115.696312;101.762085;103.094223;104.302101;105.397919,npp_d20151003_t1731466_e1737270_b20378,157.162,112.728,24.4068,99.5028,60.3332,65.6243
917,VBD_npp_d20151003_t1735418_x1142549E_y060807S_l2116_s1608_v23,2017-06-01 16:11:27,-6.080702,114.254936,8.83139,2015-10-03 17:35:41,2015-10-04 00:35:41,2116,1608,0.402986,1,2529,0.518876,0.162028,0.848011,0.4,0.927989,0.75,0.0155832,0.0001,4.69459e-10,999999,-8.381198e-02,3,Indonesian Exclusive Economic Zone,WPP712,,SVDNB_npp_d20151003_t1731466_e1737270_b20378_c20151003233728467558_noaa_ops.h5,GDNBO_npp_d20151003_t1731466_e1737270_b20378_c20151003233728467298_noaa_ops.h5,SVI04_npp_d20151003_t1731466_e1737270_b20378_c20151003233728541959_noaa_ops.dspace_rad,VNFF_npp_d20151003_t1731466_e1737270_b20378_v21.csv,World_EEZ_v8_2014.shp,WPP_BFAR_merge.shp,KKP_IDN_merge_20161208.shp,VNF-VBD_npp_20120301-20151231_global_asia-enhanced_c201607211230.bitmask,NCEI_NGA.union.nga_lead2.add_2015ntl.mask,timezone.shp,VBD_platforms-recurring_2015_r20170330.shp,999999,VBD_bridges_c20160811.shp,9.202956;7.293124;4.987635;0.117751;-4.766567;-9.662423;-14.566307;-12.781590;-10.252750;-5.421471;-0.565886;4.309883,106.389061;120.204430;133.795395;132.636734;131.583801;130.626740;129.763702;115.696312;101.762085;103.094223;104.302101;105.397919,npp_d20151003_t1731466_e1737270_b20378,156.791,115.339,23.8689,99.5772,60.9257,65.0495
918,VBD_npp_d20151003_t1735187_x1145637E_y047912S_l1918_s1609_v23,2017-06-01 16:11:27,-4.791207,114.563667,3.73193,2015-10-03 17:35:18,2015-10-04 01:35:18,1918,1609,0.385204,2,2465,0.204923,0.150158,0.558817,0.4,0.714348,0.75,0.01603,0.0001,6.62546e-10,999999,-1.385504e-01,3,Indonesian Exclusive Economic Zone,WPP712,,SVDNB_npp_d20151003_t1731466_e1737270_b20378_c20151003233728467558_noaa_ops.h5,GDNBO_npp_d20151003_t1731466_e1737270_b20378_c20151003233728467298_noaa_ops.h5,SVI04_npp_d20151003_t1731466_e1737270_b20378_c20151003233728541959_noaa_ops.dspace_rad,VNFF_npp_d20151003_t1731466_e1737270_b20378_v21.csv,World_EEZ_v8_2014.shp,WPP_BFAR_merge.shp,KKP_IDN_merge_20161208.shp,VNF-VBD_npp_20120301-20151231_global_asia-enhanced_c201607211230.bitmask,NCEI_NGA.union.nga_lead2.add_2015ntl.mask,timezone.shp,VBD_platforms-recurring_2015_r20170330.shp,999999,VBD_bridges_c20160811.shp,9.202956;7.293124;4.987635;0.117751;-4.766567;-9.662423;-14.566307;-12.781590;-10.252750;-5.421471;-0.565886;4.309883,106.389061;120.204430;133.795395;132.636734;131.583801;130.626740;129.763702;115.696312;101.762085;103.094223;104.302101;105.397919,npp_d20151003_t1731466_e1737270_b20378,157.119,112.344,23.8194,98.1692,60.1866,65.661
919,VBD_npp_d20151003_t1736014_x1140427E_y073126S_l2303_s1618_v23,2017-06-01 16:11:27,-7.312615,114.042725,2.14578,2015-10-03 17:36:01,2015-10-04 00:36:01,2303,1618,0.387267,8,18657,0.180609,0.148854,0.590479,0.4,0.84496,0.75,0.0151122,0.0001,3.8853e-10,999999,4.225027e-02,3,Indonesian Exclusive Economic Zone,WPP712,,SVDNB_npp_d20151003_t1731466_e1737270_b20378_c20151003233728467558_noaa_ops.h5,GDNBO_npp_d20151003_t1731466_e1737270_b20378_c20151003233728467298_noaa_ops.h5,SVI04_npp_d20151003_t1731466_e1737270_b20378_c20151003233728541959_noaa_ops.dspace_rad,VNFF_npp_d20151003_t1731466_e1737270_b20378_v21.csv,World_EEZ_v8_2014.shp,WPP_BFAR_merge.shp,KKP_IDN_merge_20161208.shp,VNF-VBD_npp_20120301-20151231_global_asia-enhanced_c201607211230.bitmask,NCEI_NGA.union.nga_lead2.add_2015ntl.mask,timezone.shp,VBD_platforms-recurring_2015_r20170330.shp,0.117352,VBD_bridges_c20160811.shp,9.202956;7.293124;4.987635;0.117751;-4.766567;-9.662423;-14.566307;-12.781590;-10.252750;-5.421471;-0.565886;4.309883,106.389061;120.204430;133.795395;132.636734;131.583801;130.626740;129.763702;115.696312;101.762085;103.094223;104.302101;105.397919,npp_d20151003_t1731466_e1737270_b20378,156.354,118.029,23.3712,98.1584,61.5763,64.4645
920,VBD_npp_d20151003_t1731540_x1174220E_y072399N_l0072_s1634_v23,2017-06-01 16:11:27,7.239854,117.422028,12.9988,2015-10-03 17:31:54,2015-10-04 01:31:54,72,1634,0.44474,1,2529,0.602762,0.169171,0.820538,0.4,0.927583,0.75,0.0200472,0.0001,3.2937e-08,999999,8.396962e-02,3,Malaysian Exclusive Economic Zone,,,SVDNB_npp_d20151003_t1731466_e1737270_b20378_c20151003233728467558_noaa_ops.h5,GDNBO_npp_d20151003_t1731466_e1737270_b20378_c20151003233728467298_noaa_ops.h5,SVI04_npp_d20151003_t1731466_e1737270_b20378_c20151003233728541959_noaa_ops.dspace_rad,VNFF_npp_d20151003_t1731466_e1737270_b20378_v21.csv,World_EEZ_v8_2014.shp,WPP_BFAR_merge.shp,KKP_IDN_merge_20161208.shp,VNF-VBD_npp_20120301-20151231_global_asia-enhanced_c201607211230.bitmask,NCEI_NGA.union.nga_lead2.add_2015ntl.mask,timezone.shp,VBD_platforms-recurring_2015_r20170330.shp,999999,VBD_bridges_c20160811.shp,9.202956;7.293124;4.987635;0.117751;-4.766567;-9.662423;-14.566307;-12.781590;-10.252750;-5.421471;-0.565886;4.309883,106.389061;120.204430;133.795395;132.636734;131.583801;130.626740;129.763702;115.696312;101.762085;103.094223;104.302101;105.397919,npp_d20151003_t1731466_e1737270_b20378,156.757,83.3328,22.5193,98.405,53.9241,72.766
921,VBD_npp_d20151003_t1731523_x1174506E_y072888N_l0064_s1636_v23,2017-06-01 16:11:27,7.288805,117.450569,4.26186,2015-10-03 17:31:52,2015-10-04 01:31:52,64,1636,0.440188,1,2529,0.297514,0.173034,0.787112,0.4,0.875681,0.75,0.0200714,0.0001,3.32907e-08,999999,5.239687e-02,3,Malaysian Exclusive Economic Zone,,,SVDNB_npp_d20151003_t1731466_e1737270_b20378_c20151003233728467558_noaa_ops.h5,GDNBO_npp_d20151003_t1731466_e1737270_b20378_c20151003233728467298_noaa_ops.h5,SVI04_npp_d20151003_t1731466_e1737270_b20378_c20151003233728541959_noaa_ops.dspace_rad,VNFF_npp_d20151003_t1731466_e1737270_b20378_v21.csv,World_EEZ_v8_2014.shp,WPP_BFAR_merge.shp,KKP_IDN_merge_20161208.shp,VNF-VBD_npp_20120301-20151231_global_asia-enhanced_c201607211230.bitmask,NCEI_NGA.union.nga_lead2.add_2015ntl.mask,timezone.shp,VBD_platforms-recurring_2015_r20170330.shp,999999,VBD_bridges_c20160811.shp,9.202956;7.293124;4.987635;0.117751;-4.766567;-9.662423;-14.566307;-12.781590;-10.252750;-5.421471;-0.565886;4.309883,106.389061;120.204430;133.795395;132.636734;131.583801;130.626740;129.763702;115.696312;101.762085;103.094223;104.302101;105.397919,npp_d20151003_t1731466_e1737270_b20378,156.73,83.228,22.4198,97.2566,53.889,72.7991
922,VBD_npp_d20151003_t1731540_x1174416E_y072300N_l0073_s1637_v23,2017-06-01 16:11:27,7.230024,117.441620,8.88753,2015-10-03 17:31:54,2015-10-04 01:31:54,73,1637,0.444598,1,2529,0.456577,0.175183,0.825477,0.4,0.895377,0.75,0.0200568,0.0001,3.5677e-08,999999,3.483408e-02,3,Malaysian Exclusive Economic Zone,,,SVDNB_npp_d20151003_t1731466_e1737270_b20378_c20151003233728467558_noaa_ops.h5,GDNBO_npp_d20151003_t1731466_e1737270_b20378_c20151003233728467298_noaa_ops.h5,SVI04_npp_d20151003_t1731466_e1737270_b20378_c20151003233728541959_noaa_ops.dspace_rad,VNFF_npp_d20151003_t1731466_e1737270_b20378_v21.csv,World_EEZ_v8_2014.shp,WPP_BFAR_merge.shp,KKP_IDN_merge_20161208.shp,VNF-VBD_npp_20120301-20151231_global_asia-enhanced_c201607211230.bitmask,NCEI_NGA.union.nga_lead2.add_2015ntl.mask,timezone.shp,VBD_platforms-recurring_2015_r20170330.shp,999999,VBD_bridges_c20160811.shp,9.202956;7.293124;4.987635;0.117751;-4.766567;-9.662423;-14.566307;-12.781590;-10.252750;-5.421471;-0.565886;4.309883,106.389061;120.204430;133.795395;132.636734;131.583801;130.626740;129.763702;115.696312;101.762085;103.094223;104.302101;105.397919,npp_d20151003_t1731466_e1737270_b20378,156.739,83.3632,22.3615,98.2628,53.9083,72.7571
923,VBD_npp_d20151003_t1731523_x1174653E_y072935N_l0063_s1638_v23,2017-06-01 16:11:27,7.293503,117.465332,4.35653,2015-10-03 17:31:52,2015-10-04 01:31:52,63,1638,0.435707,1,2529,0.28914,0.167206,0.787112,0.4,0.806544,0.75,0.0200812,0.0001,3.56155e-08,999999,1.000373e-01,3,Malaysian Exclusive Economic Zone,,,SVDNB_npp_d20151003_t1731466_e1737270_b20378_c20151003233728467558_noaa_ops.h5,GDNBO_npp_d20151003_t1731466_e1737270_b20378_c20151003233728467298_noaa_ops.h5,SVI04_npp_d20151003_t1731466_e1737270_b20378_c20151003233728541959_noaa_ops.dspace_rad,VNFF_npp_d20151003_t1731466_e1737270_b20378_v21.csv,World_EEZ_v8_2014.shp,WPP_BFAR_merge.shp,KKP_IDN_merge_20161208.shp,VNF-VBD_npp_20120301-20151231_global_asia-enhanced_c201607211230.bitmask,NCEI_NGA.union.nga_lead2.add_2015ntl.mask,timezone.shp,VBD_platforms-recurring_2015_r20170330.shp,999999,VBD_bridges_c20160811.shp,9.202956;7.293124;4.987635;0.117751;-4.766567;-9.662423;-14.566307;-12.781590;-10.252750;-5.421471;-0.565886;4.309883,106.389061;120.204430;133.795395;132.636734;131.583801;130.626740;129.763702;115.696312;101.762085;103.094223;104.302101;105.397919,npp_d20151003_t1731466_e1737270_b20378,156.715,83.2231,22.3133,97.3977,53.8735,72.8011
924,VBD_npp_d20151003_t1731469_x1175553E_y076521N_l0008_s1640_v23,2017-06-01 16:11:27,7.652122,117.555298,232.552,2015-10-03 17:31:46,2015-10-04 01:31:46,8,1640,0.443745,1,2529,1.3649,0.173759,0.850876,0.4,0.968764,0.75,0.0202022,0.0001,4.25668e-08,999999,4.647025e-02,3,Philippines Exclusive Economic Zone,Region IV-B,,SVDNB_npp_d20151003_t1731466_e1737270_b20378_c20151003233728467558_noaa_ops.h5,GDNBO_npp_d20151003_t1731466_e1737270_b20378_c20151003233728467298_noaa_ops.h5,SVI04_npp_d20151003_t1731466_e1737270_b20378_c20151003233728541959_noaa_ops.dspace_rad,VNFF_npp_d20151003_t1731466_e1737270_b20378_v21.csv,World_EEZ_v8_2014.shp,WPP_BFAR_merge.shp,KKP_IDN_merge_20161208.shp,VNF-VBD_npp_20120301-20151231_global_asia-enhanced_c201607211230.bitmask,NCEI_NGA.union.nga_lead2.add_2015ntl.mask,timezone.shp,VBD_platforms-recurring_2015_r20170330.shp,999999,VBD_bridges_c20160811.shp,9.202956;7.293124;4.987635;0.117751;-4.766567;-9.662423;-14.566307;-12.781590;-10.252750;-5.421471;-0.565886;4.309883,106.389061;120.204430;133.795395;132.636734;131.583801;130.626740;129.763702;115.696312;101.762085;103.094223;104.302101;105.397919,npp_d20151003_t1731466_e1737270_b20378,156.604,82.4267,22.2017,98.4001,53.7015,73.0531
925,VBD_npp_d20151003_t1735276_x1146777E_y053308S_l1995_s1643_v23,2017-06-01 16:11:27,-5.330772,114.677658,9.31002,2015-10-03 17:35:27,2015-10-04 00:35:27,1995,1643,0.398719,1,2529,0.472548,0.129977,0.853749,0.4,0.884068,0.75,0.0160429,0.0001,1.90056e-09,999999,7.718469e-02,3,Indonesian Exclusive Economic Zone,WPP712,,SVDNB_npp_d20151003_t1731466_e1737270_b20378_c20151003233728467558_noaa_ops.h5,GDNBO_npp_d20151003_t1731466_e1737270_b20378_c20151003233728467298_noaa_ops.h5,SVI04_npp_d20151003_t1731466_e1737270_b20378_c20151003233728541959_noaa_ops.dspace_rad,VNFF_npp_d20151003_t1731466_e1737270_b20378_v21.csv,World_EEZ_v8_2014.shp,WPP_BFAR_merge.shp,KKP_IDN_merge_20161208.shp,VNF-VBD_npp_20120301-20151231_global_asia-enhanced_c201607211230.bitmask,NCEI_NGA.union.nga_lead2.add_2015ntl.mask,timezone.shp,VBD_platforms-recurring_2015_r20170330.shp,999999,VBD_bridges_c20160811.shp,9.202956;7.293124;4.987635;0.117751;-4.766567;-9.662423;-14.566307;-12.781590;-10.252750;-5.421471;-0.565886;4.309883,106.389061;120.204430;133.795395;132.636734;131.583801;130.626740;129.763702;115.696312;101.762085;103.094223;104.302101;105.397919,npp_d20151003_t1731466_e1737270_b20378,156.771,113.362,22.0529,98.5312,60.2754,65.3209
926,VBD_npp_d20151003_t1731487_x1175706E_y075214N_l0027_s1646_v23,2017-06-01 16:11:27,7.521358,117.570641,40.1345,2015-10-03 17:31:48,2015-10-04 01:31:48,27,1646,0.451284,1,2529,0.985895,0.164624,0.898809,0.4,0.94558,0.75,0.0201863,0.0001,4.84825e-08,999999,1.211403e-01,3,Philippines Exclusive Economic Zone,Region IV-B,,SVDNB_npp_d20151003_t1731466_e1737270_b20378_c20151003233728467558_noaa_ops.h5,GDNBO_npp_d20151003_t1731466_e1737270_b20378_c20151003233728467298_noaa_ops.h5,SVI04_npp_d20151003_t1731466_e1737270_b20378_c20151003233728541959_noaa_ops.dspace_rad,VNFF_npp_d20151003_t1731466_e1737270_b20378_v21.csv,World_EEZ_v8_2014.shp,WPP_BFAR_merge.shp,KKP_IDN_merge_20161208.shp,VNF-VBD_npp_20120301-20151231_global_asia-enhanced_c201607211230.bitmask,NCEI_NGA.union.nga_lead2.add_2015ntl.mask,timezone.shp,VBD_platforms-recurring_2015_r20170330.shp,999999,VBD_bridges_c20160811.shp,9.202956;7.293124;4.987635;0.117751;-4.766567;-9.662423;-14.566307;-12.781590;-10.252750;-5.421471;-0.565886;4.309883,106.389061;120.204430;133.795395;132.636734;131.583801;130.626740;129.763702;115.696312;101.762085;103.094223;104.302101;105.397919,npp_d20151003_t1731466_e1737270_b20378,156.598,82.7361,21.8847,97.9691,53.7186,72.9568
927,VBD_npp_d20151003_t1731487_x1175655E_y074878N_l0032_s1646_v23,2017-06-01 16:11:27,7.487813,117.565521,62.5007,2015-10-03 17:31:48,2015-10-04 01:31:48,32,1646,0.450715,8,18913,1.01802,0.169034,0.880214,0.4,0.943924,0.75,0.020176,0.0001,4.64678e-08,999999,8.509458e-02,3,Philippines Exclusive Economic Zone,Region IV-B,,SVDNB_npp_d20151003_t1731466_e1737270_b20378_c20151003233728467558_noaa_ops.h5,GDNBO_npp_d20151003_t1731466_e1737270_b20378_c20151003233728467298_noaa_ops.h5,SVI04_npp_d20151003_t1731466_e1737270_b20378_c20151003233728541959_noaa_ops.dspace_rad,VNFF_npp_d20151003_t1731466_e1737270_b20378_v21.csv,World_EEZ_v8_2014.shp,WPP_BFAR_merge.shp,KKP_IDN_merge_20161208.shp,VNF-VBD_npp_20120301-20151231_global_asia-enhanced_c201607211230.bitmask,NCEI_NGA.union.nga_lead2.add_2015ntl.mask,timezone.shp,VBD_platforms-recurring_2015_r20170330.shp,0.33488,VBD_bridges_c20160811.shp,9.202956;7.293124;4.987635;0.117751;-4.766567;-9.662423;-14.566307;-12.781590;-10.252750;-5.421471;-0.565886;4.309883,106.389061;120.204430;133.795395;132.636734;131.583801;130.626740;129.763702;115.696312;101.762085;103.094223;104.302101;105.397919,npp_d20151003_t1731466_e1737270_b20378,156.608,82.8109,21.8894,97.2321,53.7334,72.933
928,VBD_npp_d20151003_t1735276_x1146948E_y053542S_l1998_s1646_v23,2017-06-01 16:11:27,-5.354185,114.694832,9.73525,2015-10-03 17:35:27,2015-10-04 00:35:27,1998,1646,0.401777,1,2529,0.423431,0.125362,0.853749,0.4,0.825345,0.75,0.0160459,0.0001,2.02153e-09,999999,1.265197e-01,3,Indonesian Exclusive Economic Zone,WPP712,,SVDNB_npp_d20151003_t1731466_e1737270_b20378_c20151003233728467558_noaa_ops.h5,GDNBO_npp_d20151003_t1731466_e1737270_b20378_c20151003233728467298_noaa_ops.h5,SVI04_npp_d20151003_t1731466_e1737270_b20378_c20151003233728541959_noaa_ops.dspace_rad,VNFF_npp_d20151003_t1731466_e1737270_b20378_v21.csv,World_EEZ_v8_2014.shp,WPP_BFAR_merge.shp,KKP_IDN_merge_20161208.shp,VNF-VBD_npp_20120301-20151231_global_asia-enhanced_c201607211230.bitmask,NCEI_NGA.union.nga_lead2.add_2015ntl.mask,timezone.shp,VBD_platforms-recurring_2015_r20170330.shp,999999,VBD_bridges_c20160811.shp,9.202956;7.293124;4.987635;0.117751;-4.766567;-9.662423;-14.566307;-12.781590;-10.252750;-5.421471;-0.565886;4.309883,106.389061;120.204430;133.795395;132.636734;131.583801;130.626740;129.763702;115.696312;101.762085;103.094223;104.302101;105.397919,npp_d20151003_t1731466_e1737270_b20378,156.746,113.395,21.8973,98.0844,60.2696,65.3025
929,VBD_npp_d20151003_t1731505_x1175646E_y074826N_l0033_s1647_v23,2017-06-01 16:11:27,7.482644,117.564629,7.75812,2015-10-03 17:31:50,2015-10-04 01:31:50,33,1647,0.450217,7,18849,0.284532,0.167793,0.875572,0.4,0.626202,0.75,0.0201778,0.0001,5.3125e-08,999999,9.524025e-02,3,,,,SVDNB_npp_d20151003_t1731466_e1737270_b20378_c20151003233728467558_noaa_ops.h5,GDNBO_npp_d20151003_t1731466_e1737270_b20378_c20151003233728467298_noaa_ops.h5,SVI04_npp_d20151003_t1731466_e1737270_b20378_c20151003233728541959_noaa_ops.dspace_rad,VNFF_npp_d20151003_t1731466_e1737270_b20378_v21.csv,World_EEZ_v8_2014.shp,WPP_BFAR_merge.shp,KKP_IDN_merge_20161208.shp,VNF-VBD_npp_20120301-20151231_global_asia-enhanced_c201607211230.bitmask,NCEI_NGA.union.nga_lead2.add_2015ntl.mask,timezone.shp,VBD_platforms-recurring_2015_r20170330.shp,0.588701,VBD_bridges_c20160811.shp,9.202956;7.293124;4.987635;0.117751;-4.766567;-9.662423;-14.566307;-12.781590;-10.252750;-5.421471;-0.565886;4.309883,106.389061;120.204430;133.795395;132.636734;131.583801;130.626740;129.763702;115.696312;101.762085;103.094223;104.302101;105.397919,npp_d20151003_t1731466_e1737270_b20378,156.602,82.8255,21.833,99.4456,53.729,72.9287
930,VBD_npp_d20151003_t1735276_x1147006E_y053620S_l1999_s1647_v23,2017-06-01 16:11:27,-5.361979,114.700554,9.82243,2015-10-03 17:35:27,2015-10-04 00:35:27,1999,1647,0.396585,1,2529,0.414259,0.128872,0.849045,0.4,0.836727,0.75,0.0160468,0.0001,2.06316e-09,999999,8.899450e-02,3,Indonesian Exclusive Economic Zone,WPP712,,SVDNB_npp_d20151003_t1731466_e1737270_b20378_c20151003233728467558_noaa_ops.h5,GDNBO_npp_d20151003_t1731466_e1737270_b20378_c20151003233728467298_noaa_ops.h5,SVI04_npp_d20151003_t1731466_e1737270_b20378_c20151003233728541959_noaa_ops.dspace_rad,VNFF_npp_d20151003_t1731466_e1737270_b20378_v21.csv,World_EEZ_v8_2014.shp,WPP_BFAR_merge.shp,KKP_IDN_merge_20161208.shp,VNF-VBD_npp_20120301-20151231_global_asia-enhanced_c201607211230.bitmask,NCEI_NGA.union.nga_lead2.add_2015ntl.mask,timezone.shp,VBD_platforms-recurring_2015_r20170330.shp,999999,VBD_bridges_c20160811.shp,9.202956;7.293124;4.987635;0.117751;-4.766567;-9.662423;-14.566307;-12.781590;-10.252750;-5.421471;-0.565886;4.309883,106.389061;120.204430;133.795395;132.636734;131.583801;130.626740;129.763702;115.696312;101.762085;103.094223;104.302101;105.397919,npp_d20151003_t1731466_e1737270_b20378,156.737,113.406,21.8457,97.9342,60.2676,65.2964
931,VBD_npp_d20151003_t1731487_x1175884E_y075461N_l0023_s1648_v23,2017-06-01 16:11:27,7.546139,117.588371,30.7491,2015-10-03 17:31:48,2015-10-04 01:31:48,23,1648,0.451,1,2529,0.910056,0.165488,0.903937,0.4,0.954402,0.75,0.0202023,0.0001,5.30848e-08,999999,1.140800e-01,3,Philippines Exclusive Economic Zone,Region IV-B,,SVDNB_npp_d20151003_t1731466_e1737270_b20378_c20151003233728467558_noaa_ops.h5,GDNBO_npp_d20151003_t1731466_e1737270_b20378_c20151003233728467298_noaa_ops.h5,SVI04_npp_d20151003_t1731466_e1737270_b20378_c20151003233728541959_noaa_ops.dspace_rad,VNFF_npp_d20151003_t1731466_e1737270_b20378_v21.csv,World_EEZ_v8_2014.shp,WPP_BFAR_merge.shp,KKP_IDN_merge_20161208.shp,VNF-VBD_npp_20120301-20151231_global_asia-enhanced_c201607211230.bitmask,NCEI_NGA.union.nga_lead2.add_2015ntl.mask,timezone.shp,VBD_platforms-recurring_2015_r20170330.shp,999999,VBD_bridges_c20160811.shp,9.202956;7.293124;4.987635;0.117751;-4.766567;-9.662423;-14.566307;-12.781590;-10.252750;-5.421471;-0.565886;4.309883,106.389061;120.204430;133.795395;132.636734;131.583801;130.626740;129.763702;115.696312;101.762085;103.094223;104.302101;105.397919,npp_d20151003_t1731466_e1737270_b20378,156.578,82.6868,21.7781,98.561,53.6943,72.9731
932,VBD_npp_d20151003_t1735276_x1147117E_y053362S_l1995_s1648_v23,2017-06-01 16:11:27,-5.336218,114.711700,20.5657,2015-10-03 17:35:27,2015-10-04 00:35:27,1995,1648,0.398363,1,2529,0.652906,0.138871,0.866243,0.4,0.894461,0.75,0.0160615,0.0001,2.25163e-09,999999,-1.789074e-02,3,Indonesian Exclusive Economic Zone,WPP712,,SVDNB_npp_d20151003_t1731466_e1737270_b20378_c20151003233728467558_noaa_ops.h5,GDNBO_npp_d20151003_t1731466_e1737270_b20378_c20151003233728467298_noaa_ops.h5,SVI04_npp_d20151003_t1731466_e1737270_b20378_c20151003233728541959_noaa_ops.dspace_rad,VNFF_npp_d20151003_t1731466_e1737270_b20378_v21.csv,World_EEZ_v8_2014.shp,WPP_BFAR_merge.shp,KKP_IDN_merge_20161208.shp,VNF-VBD_npp_20120301-20151231_global_asia-enhanced_c201607211230.bitmask,NCEI_NGA.union.nga_lead2.add_2015ntl.mask,timezone.shp,VBD_platforms-recurring_2015_r20170330.shp,999999,VBD_bridges_c20160811.shp,9.202956;7.293124;4.987635;0.117751;-4.766567;-9.662423;-14.566307;-12.781590;-10.252750;-5.421471;-0.565886;4.309883,106.389061;120.204430;133.795395;132.636734;131.583801;130.626740;129.763702;115.696312;101.762085;103.094223;104.302101;105.397919,npp_d20151003_t1731466_e1737270_b20378,156.737,113.339,21.7895,98.5223,60.2466,65.3064
933,VBD_npp_d20151003_t1735276_x1147163E_y053507S_l1997_s1649_v23,2017-06-01 16:11:27,-5.350721,114.716316,11.5559,2015-10-03 17:35:27,2015-10-04 00:35:27,1997,1649,0.381363,7,2465,0.335162,0.126837,0.866243,0.4,0.709575,0.75,0.0160598,0.0001,2.2674e-09,999999,1.107534e-01,3,,,,SVDNB_npp_d20151003_t1731466_e1737270_b20378_c20151003233728467558_noaa_ops.h5,GDNBO_npp_d20151003_t1731466_e1737270_b20378_c20151003233728467298_noaa_ops.h5,SVI04_npp_d20151003_t1731466_e1737270_b20378_c20151003233728541959_noaa_ops.dspace_rad,VNFF_npp_d20151003_t1731466_e1737270_b20378_v21.csv,World_EEZ_v8_2014.shp,WPP_BFAR_merge.shp,KKP_IDN_merge_20161208.shp,VNF-VBD_npp_20120301-20151231_global_asia-enhanced_c201607211230.bitmask,NCEI_NGA.union.nga_lead2.add_2015ntl.mask,timezone.shp,VBD_platforms-recurring_2015_r20170330.shp,999999,VBD_bridges_c20160811.shp,9.202956;7.293124;4.987635;0.117751;-4.766567;-9.662423;-14.566307;-12.781590;-10.252750;-5.421471;-0.565886;4.309883,106.389061;120.204430;133.795395;132.636734;131.583801;130.626740;129.763702;115.696312;101.762085;103.094223;104.302101;105.397919,npp_d20151003_t1731466_e1737270_b20378,156.727,113.366,21.7384,98.2242,60.2485,65.2971
934,VBD_npp_d20151003_t1735276_x1147264E_y053317S_l1994_s1650_v23,2017-06-01 16:11:27,-5.331686,114.726357,29.7332,2015-10-03 17:35:27,2015-10-04 00:35:27,1994,1650,0.400924,1,2529,0.783072,0.145124,0.860369,0.4,0.927964,0.75,0.0160717,0.0001,2.44053e-09,999999,-8.473664e-02,3,Indonesian Exclusive Economic Zone,WPP712,,SVDNB_npp_d20151003_t1731466_e1737270_b20378_c20151003233728467558_noaa_ops.h5,GDNBO_npp_d20151003_t1731466_e1737270_b20378_c20151003233728467298_noaa_ops.h5,SVI04_npp_d20151003_t1731466_e1737270_b20378_c20151003233728541959_noaa_ops.dspace_rad,VNFF_npp_d20151003_t1731466_e1737270_b20378_v21.csv,World_EEZ_v8_2014.shp,WPP_BFAR_merge.shp,KKP_IDN_merge_20161208.shp,VNF-VBD_npp_20120301-20151231_global_asia-enhanced_c201607211230.bitmask,NCEI_NGA.union.nga_lead2.add_2015ntl.mask,timezone.shp,VBD_platforms-recurring_2015_r20170330.shp,999999,VBD_bridges_c20160811.shp,9.202956;7.293124;4.987635;0.117751;-4.766567;-9.662423;-14.566307;-12.781590;-10.252750;-5.421471;-0.565886;4.309883,106.389061;120.204430;133.795395;132.636734;131.583801;130.626740;129.763702;115.696312;101.762085;103.094223;104.302101;105.397919,npp_d20151003_t1731466_e1737270_b20378,156.726,113.315,21.6837,98.6672,60.2313,65.3039
935,VBD_npp_d20151003_t1735276_x1147220E_y053585S_l1998_s1650_v23,2017-06-01 16:11:27,-5.358509,114.722031,22.8843,2015-10-03 17:35:27,2015-10-04 00:35:27,1998,1650,0.394593,1,2529,0.617068,0.12593,0.866243,0.4,0.872507,0.75,0.0160607,0.0001,2.31371e-09,999999,1.204488e-01,3,Indonesian Exclusive Economic Zone,WPP712,,SVDNB_npp_d20151003_t1731466_e1737270_b20378_c20151003233728467558_noaa_ops.h5,GDNBO_npp_d20151003_t1731466_e1737270_b20378_c20151003233728467298_noaa_ops.h5,SVI04_npp_d20151003_t1731466_e1737270_b20378_c20151003233728541959_noaa_ops.dspace_rad,VNFF_npp_d20151003_t1731466_e1737270_b20378_v21.csv,World_EEZ_v8_2014.shp,WPP_BFAR_merge.shp,KKP_IDN_merge_20161208.shp,VNF-VBD_npp_20120301-20151231_global_asia-enhanced_c201607211230.bitmask,NCEI_NGA.union.nga_lead2.add_2015ntl.mask,timezone.shp,VBD_platforms-recurring_2015_r20170330.shp,999999,VBD_bridges_c20160811.shp,9.202956;7.293124;4.987635;0.117751;-4.766567;-9.662423;-14.566307;-12.781590;-10.252750;-5.421471;-0.565886;4.309883,106.389061;120.204430;133.795395;132.636734;131.583801;130.626740;129.763702;115.696312;101.762085;103.094223;104.302101;105.397919,npp_d20151003_t1731466_e1737270_b20378,156.719,113.376,21.6867,98.0732,60.2466,65.291
936,VBD_npp_d20151003_t1731540_x1175352E_y072023N_l0075_s1651_v23,2017-06-01 16:11:27,7.202262,117.535233,17.3122,2015-10-03 17:31:54,2015-10-04 01:31:54,75,1651,0.433928,1,2529,0.70255,0.198505,0.839283,0.4,0.932537,0.75,0.0201068,0.0001,5.26137e-08,999999,-1.557819e-01,3,Malaysian Exclusive Economic Zone,,,SVDNB_npp_d20151003_t1731466_e1737270_b20378_c20151003233728467558_noaa_ops.h5,GDNBO_npp_d20151003_t1731466_e1737270_b20378_c20151003233728467298_noaa_ops.h5,SVI04_npp_d20151003_t1731466_e1737270_b20378_c20151003233728541959_noaa_ops.dspace_rad,VNFF_npp_d20151003_t1731466_e1737270_b20378_v21.csv,World_EEZ_v8_2014.shp,WPP_BFAR_merge.shp,KKP_IDN_merge_20161208.shp,VNF-VBD_npp_20120301-20151231_global_asia-enhanced_c201607211230.bitmask,NCEI_NGA.union.nga_lead2.add_2015ntl.mask,timezone.shp,VBD_platforms-recurring_2015_r20170330.shp,999999,VBD_bridges_c20160811.shp,9.202956;7.293124;4.987635;0.117751;-4.766567;-9.662423;-14.566307;-12.781590;-10.252750;-5.421471;-0.565886;4.309883,106.389061;120.204430;133.795395;132.636734;131.583801;130.626740;129.763702;115.696312;101.762085;103.094223;104.302101;105.397919,npp_d20151003_t1731466_e1737270_b20378,156.65,83.4637,21.6252,97.9701,53.827,72.7283
937,VBD_npp_d20151003_t1735276_x1147310E_y053462S_l1996_s1651_v23,2017-06-01 16:11:27,-5.346180,114.730980,26.32,2015-10-03 17:35:27,2015-10-04 00:35:27,1996,1651,0.401635,1,2529,0.718327,0.12884,0.855583,0.4,0.898516,0.75,0.0160699,0.0001,2.45753e-09,999999,8.934523e-02,3,Indonesian Exclusive Economic Zone,WPP712,,SVDNB_npp_d20151003_t1731466_e1737270_b20378_c20151003233728467558_noaa_ops.h5,GDNBO_npp_d20151003_t1731466_e1737270_b20378_c20151003233728467298_noaa_ops.h5,SVI04_npp_d20151003_t1731466_e1737270_b20378_c20151003233728541959_noaa_ops.dspace_rad,VNFF_npp_d20151003_t1731466_e1737270_b20378_v21.csv,World_EEZ_v8_2014.shp,WPP_BFAR_merge.shp,KKP_IDN_merge_20161208.shp,VNF-VBD_npp_20120301-20151231_global_asia-enhanced_c201607211230.bitmask,NCEI_NGA.union.nga_lead2.add_2015ntl.mask,timezone.shp,VBD_platforms-recurring_2015_r20170330.shp,999999,VBD_bridges_c20160811.shp,9.202956;7.293124;4.987635;0.117751;-4.766567;-9.662423;-14.566307;-12.781590;-10.252750;-5.421471;-0.565886;4.309883,106.389061;120.204430;133.795395;132.636734;131.583801;130.626740;129.763702;115.696312;101.762085;103.094223;104.302101;105.397919,npp_d20151003_t1731466_e1737270_b20378,156.716,113.341,21.6323,98.3681,60.2332,65.2946
938,VBD_npp_d20151003_t1735276_x1147356E_y053607S_l1998_s1652_v23,2017-06-01 16:11:27,-5.360665,114.735580,8.04929,2015-10-03 17:35:27,2015-10-04 00:35:27,1998,1652,0.367279,7,2465,0.29918,0.128217,0.855583,0.4,0.678844,0.75,0.0160682,0.0001,2.47417e-09,999999,9.599848e-02,3,,,,SVDNB_npp_d20151003_t1731466_e1737270_b20378_c20151003233728467558_noaa_ops.h5,GDNBO_npp_d20151003_t1731466_e1737270_b20378_c20151003233728467298_noaa_ops.h5,SVI04_npp_d20151003_t1731466_e1737270_b20378_c20151003233728541959_noaa_ops.dspace_rad,VNFF_npp_d20151003_t1731466_e1737270_b20378_v21.csv,World_EEZ_v8_2014.shp,WPP_BFAR_merge.shp,KKP_IDN_merge_20161208.shp,VNF-VBD_npp_20120301-20151231_global_asia-enhanced_c201607211230.bitmask,NCEI_NGA.union.nga_lead2.add_2015ntl.mask,timezone.shp,VBD_platforms-recurring_2015_r20170330.shp,999999,VBD_bridges_c20160811.shp,9.202956;7.293124;4.987635;0.117751;-4.766567;-9.662423;-14.566307;-12.781590;-10.252750;-5.421471;-0.565886;4.309883,106.389061;120.204430;133.795395;132.636734;131.583801;130.626740;129.763702;115.696312;101.762085;103.094223;104.302101;105.397919,npp_d20151003_t1731466_e1737270_b20378,156.706,113.367,21.5814,98.0675,60.2351,65.2852
939,VBD_npp_d20151003_t1731540_x1175468E_y071868N_l0077_s1653_v23,2017-06-01 16:11:27,7.186840,117.546791,10.016,2015-10-03 17:31:54,2015-10-04 01:31:54,77,1653,0.400141,1,2529,0.491258,0.200475,0.839283,0.4,0.877442,0.75,0.0201104,0.0001,5.47597e-08,999999,-1.718849e-01,3,Malaysian Exclusive Economic Zone,,,SVDNB_npp_d20151003_t1731466_e1737270_b20378_c20151003233728467558_noaa_ops.h5,GDNBO_npp_d20151003_t1731466_e1737270_b20378_c20151003233728467298_noaa_ops.h5,SVI04_npp_d20151003_t1731466_e1737270_b20378_c20151003233728541959_noaa_ops.dspace_rad,VNFF_npp_d20151003_t1731466_e1737270_b20378_v21.csv,World_EEZ_v8_2014.shp,WPP_BFAR_merge.shp,KKP_IDN_merge_20161208.shp,VNF-VBD_npp_20120301-20151231_global_asia-enhanced_c201607211230.bitmask,NCEI_NGA.union.nga_lead2.add_2015ntl.mask,timezone.shp,VBD_platforms-recurring_2015_r20170330.shp,999999,VBD_bridges_c20160811.shp,9.202956;7.293124;4.987635;0.117751;-4.766567;-9.662423;-14.566307;-12.781590;-10.252750;-5.421471;-0.565886;4.309883,106.389061;120.204430;133.795395;132.636734;131.583801;130.626740;129.763702;115.696312;101.762085;103.094223;104.302101;105.397919,npp_d20151003_t1731466_e1737270_b20378,156.64,83.5037,21.5214,97.6699,53.8206,72.7161
940,VBD_npp_d20151003_t1731558_x1175844E_y071144N_l0087_s1661_v23,2017-06-01 16:11:27,7.114414,117.584381,5.41443,2015-10-03 17:31:55,2015-10-04 01:31:55,87,1661,0.439761,1,2529,0.311206,0.173573,0.842,0.4,0.841901,0.75,0.0201207,0.0001,7.08759e-08,999999,4.799537e-02,3,Malaysian Exclusive Economic Zone,,,SVDNB_npp_d20151003_t1731466_e1737270_b20378_c20151003233728467558_noaa_ops.h5,GDNBO_npp_d20151003_t1731466_e1737270_b20378_c20151003233728467298_noaa_ops.h5,SVI04_npp_d20151003_t1731466_e1737270_b20378_c20151003233728541959_noaa_ops.dspace_rad,VNFF_npp_d20151003_t1731466_e1737270_b20378_v21.csv,World_EEZ_v8_2014.shp,WPP_BFAR_merge.shp,KKP_IDN_merge_20161208.shp,VNF-VBD_npp_20120301-20151231_global_asia-enhanced_c201607211230.bitmask,NCEI_NGA.union.nga_lead2.add_2015ntl.mask,timezone.shp,VBD_platforms-recurring_2015_r20170330.shp,999999,VBD_bridges_c20160811.shp,9.202956;7.293124;4.987635;0.117751;-4.766567;-9.662423;-14.566307;-12.781590;-10.252750;-5.421471;-0.565886;4.309883,106.389061;120.204430;133.795395;132.636734;131.583801;130.626740;129.763702;115.696312;101.762085;103.094223;104.302101;105.397919,npp_d20151003_t1731466_e1737270_b20378,156.604,83.6873,21.0957,98.5852,53.7996,72.6597
941,VBD_npp_d20151003_t1731558_x1175881E_y070934N_l0090_s1662_v23,2017-06-01 16:11:27,7.093368,117.588074,16.9229,2015-10-03 17:31:55,2015-10-04 01:31:55,90,1662,0.449933,1,2529,0.632918,0.175266,0.842,0.4,0.896444,0.75,0.0201184,0.0001,7.10782e-08,999999,3.416044e-02,3,Malaysian Exclusive Economic Zone,,,SVDNB_npp_d20151003_t1731466_e1737270_b20378_c20151003233728467558_noaa_ops.h5,GDNBO_npp_d20151003_t1731466_e1737270_b20378_c20151003233728467298_noaa_ops.h5,SVI04_npp_d20151003_t1731466_e1737270_b20378_c20151003233728541959_noaa_ops.dspace_rad,VNFF_npp_d20151003_t1731466_e1737270_b20378_v21.csv,World_EEZ_v8_2014.shp,WPP_BFAR_merge.shp,KKP_IDN_merge_20161208.shp,VNF-VBD_npp_20120301-20151231_global_asia-enhanced_c201607211230.bitmask,NCEI_NGA.union.nga_lead2.add_2015ntl.mask,timezone.shp,VBD_platforms-recurring_2015_r20170330.shp,999999,VBD_bridges_c20160811.shp,9.202956;7.293124;4.987635;0.117751;-4.766567;-9.662423;-14.566307;-12.781590;-10.252750;-5.421471;-0.565886;4.309883,106.389061;120.204430;133.795395;132.636734;131.583801;130.626740;129.763702;115.696312;101.762085;103.094223;104.302101;105.397919,npp_d20151003_t1731466_e1737270_b20378,156.602,83.737,21.0439,98.1272,53.8024,72.6442
942,VBD_npp_d20151003_t1731558_x1175999E_y071257N_l0085_s1663_v23,2017-06-01 16:11:27,7.125720,117.599915,6.72347,2015-10-03 17:31:55,2015-10-04 01:31:55,85,1663,0.448297,1,2529,0.396953,0.174328,0.824426,0.4,0.858431,0.75,0.0201326,0.0001,7.61932e-08,999999,4.182302e-02,3,Malaysian Exclusive Economic Zone,,,SVDNB_npp_d20151003_t1731466_e1737270_b20378_c20151003233728467558_noaa_ops.h5,GDNBO_npp_d20151003_t1731466_e1737270_b20378_c20151003233728467298_noaa_ops.h5,SVI04_npp_d20151003_t1731466_e1737270_b20378_c20151003233728541959_noaa_ops.dspace_rad,VNFF_npp_d20151003_t1731466_e1737270_b20378_v21.csv,World_EEZ_v8_2014.shp,WPP_BFAR_merge.shp,KKP_IDN_merge_20161208.shp,VNF-VBD_npp_20120301-20151231_global_asia-enhanced_c201607211230.bitmask,NCEI_NGA.union.nga_lead2.add_2015ntl.mask,timezone.shp,VBD_platforms-recurring_2015_r20170330.shp,999999,VBD_bridges_c20160811.shp,9.202956;7.293124;4.987635;0.117751;-4.766567;-9.662423;-14.566307;-12.781590;-10.252750;-5.421471;-0.565886;4.309883,106.389061;120.204430;133.795395;132.636734;131.583801;130.626740;129.763702;115.696312;101.762085;103.094223;104.302101;105.397919,npp_d20151003_t1731466_e1737270_b20378,156.587,83.6672,20.9907,98.8941,53.7813,72.6663
943,VBD_npp_d20151003_t1731558_x1175969E_y071057N_l0088_s1663_v23,2017-06-01 16:11:27,7.105700,117.596855,8.07385,2015-10-03 17:31:55,2015-10-04 01:31:55,88,1663,0.449648,1,2529,0.416739,0.176562,0.83666,0.4,0.85256,0.75,0.0201264,0.0001,7.4322e-08,999999,2.356045e-02,3,Malaysian Exclusive Economic Zone,,,SVDNB_npp_d20151003_t1731466_e1737270_b20378_c20151003233728467558_noaa_ops.h5,GDNBO_npp_d20151003_t1731466_e1737270_b20378_c20151003233728467298_noaa_ops.h5,SVI04_npp_d20151003_t1731466_e1737270_b20378_c20151003233728541959_noaa_ops.dspace_rad,VNFF_npp_d20151003_t1731466_e1737270_b20378_v21.csv,World_EEZ_v8_2014.shp,WPP_BFAR_merge.shp,KKP_IDN_merge_20161208.shp,VNF-VBD_npp_20120301-20151231_global_asia-enhanced_c201607211230.bitmask,NCEI_NGA.union.nga_lead2.add_2015ntl.mask,timezone.shp,VBD_platforms-recurring_2015_r20170330.shp,999999,VBD_bridges_c20160811.shp,9.202956;7.293124;4.987635;0.117751;-4.766567;-9.662423;-14.566307;-12.781590;-10.252750;-5.421471;-0.565886;4.309883,106.389061;120.204430;133.795395;132.636734;131.583801;130.626740;129.763702;115.696312;101.762085;103.094223;104.302101;105.397919,npp_d20151003_t1731466_e1737270_b20378,156.592,83.712,20.9907,98.434,53.7903,72.6522
944,VBD_npp_d20151003_t1731558_x1176016E_y070913N_l0090_s1664_v23,2017-06-01 16:11:27,7.091341,117.601570,3.97451,2015-10-03 17:31:55,2015-10-04 01:31:55,90,1664,0.445807,7,2209,0.19509,0.181324,0.83666,0.4,0.696503,0.75,0.0201261,0.0001,7.51512e-08,999999,-1.535729e-02,3,,,,SVDNB_npp_d20151003_t1731466_e1737270_b20378_c20151003233728467558_noaa_ops.h5,GDNBO_npp_d20151003_t1731466_e1737270_b20378_c20151003233728467298_noaa_ops.h5,SVI04_npp_d20151003_t1731466_e1737270_b20378_c20151003233728541959_noaa_ops.dspace_rad,VNFF_npp_d20151003_t1731466_e1737270_b20378_v21.csv,World_EEZ_v8_2014.shp,WPP_BFAR_merge.shp,KKP_IDN_merge_20161208.shp,VNF-VBD_npp_20120301-20151231_global_asia-enhanced_c201607211230.bitmask,NCEI_NGA.union.nga_lead2.add_2015ntl.mask,timezone.shp,VBD_platforms-recurring_2015_r20170330.shp,999999,VBD_bridges_c20160811.shp,9.202956;7.293124;4.987635;0.117751;-4.766567;-9.662423;-14.566307;-12.781590;-10.252750;-5.421471;-0.565886;4.309883,106.389061;120.204430;133.795395;132.636734;131.583801;130.626740;129.763702;115.696312;101.762085;103.094223;104.302101;105.397919,npp_d20151003_t1731466_e1737270_b20378,156.589,83.7467,20.9388,98.1271,53.7901,72.6414
945,VBD_npp_d20151003_t1735525_x1145002E_y068382S_l2222_s1667_v23,2017-06-01 16:11:27,-6.838183,114.500175,8.64284,2015-10-03 17:35:52,2015-10-04 00:35:52,2222,1667,0.401848,1,2529,0.475572,0.160742,0.802093,0.4,0.900528,0.75,0.0155145,0.0001,2.60571e-09,999999,-7.151021e-02,3,Indonesian Exclusive Economic Zone,WPP712,,SVDNB_npp_d20151003_t1731466_e1737270_b20378_c20151003233728467558_noaa_ops.h5,GDNBO_npp_d20151003_t1731466_e1737270_b20378_c20151003233728467298_noaa_ops.h5,SVI04_npp_d20151003_t1731466_e1737270_b20378_c20151003233728541959_noaa_ops.dspace_rad,VNFF_npp_d20151003_t1731466_e1737270_b20378_v21.csv,World_EEZ_v8_2014.shp,WPP_BFAR_merge.shp,KKP_IDN_merge_20161208.shp,VNF-VBD_npp_20120301-20151231_global_asia-enhanced_c201607211230.bitmask,NCEI_NGA.union.nga_lead2.add_2015ntl.mask,timezone.shp,VBD_platforms-recurring_2015_r20170330.shp,999999,VBD_bridges_c20160811.shp,9.202956;7.293124;4.987635;0.117751;-4.766567;-9.662423;-14.566307;-12.781590;-10.252750;-5.421471;-0.565886;4.309883,106.389061;120.204430;133.795395;132.636734;131.583801;130.626740;129.763702;115.696312;101.762085;103.094223;104.302101;105.397919,npp_d20151003_t1731466_e1737270_b20378,156.2,116.582,20.7913,98.1119,60.9896,64.5533
946,VBD_npp_d20151003_t1731576_x1176210E_y069938N_l0104_s1670_v23,2017-06-01 16:11:27,6.993795,117.620995,3.80443,2015-10-03 17:31:57,2015-10-04 01:31:57,104,1670,0.444669,1,2529,0.285054,0.171264,0.719009,0.4,0.87218,0.75,0.0201203,0.0001,8.84917e-08,999999,6.686575e-02,3,Malaysian Exclusive Economic Zone,,,SVDNB_npp_d20151003_t1731466_e1737270_b20378_c20151003233728467558_noaa_ops.h5,GDNBO_npp_d20151003_t1731466_e1737270_b20378_c20151003233728467298_noaa_ops.h5,SVI04_npp_d20151003_t1731466_e1737270_b20378_c20151003233728541959_noaa_ops.dspace_rad,VNFF_npp_d20151003_t1731466_e1737270_b20378_v21.csv,World_EEZ_v8_2014.shp,WPP_BFAR_merge.shp,KKP_IDN_merge_20161208.shp,VNF-VBD_npp_20120301-20151231_global_asia-enhanced_c201607211230.bitmask,NCEI_NGA.union.nga_lead2.add_2015ntl.mask,timezone.shp,VBD_platforms-recurring_2015_r20170330.shp,999999,VBD_bridges_c20160811.shp,9.202956;7.293124;4.987635;0.117751;-4.766567;-9.662423;-14.566307;-12.781590;-10.252750;-5.421471;-0.565886;4.309883,106.389061;120.204430;133.795395;132.636734;131.583801;130.626740;129.763702;115.696312;101.762085;103.094223;104.302101;105.397919,npp_d20151003_t1731466_e1737270_b20378,156.573,83.9805,20.622,98.4373,53.7941,72.5686
947,VBD_npp_d20151003_t1731576_x1176267E_y069861N_l0105_s1671_v23,2017-06-01 16:11:27,6.986124,117.626694,6.1943,2015-10-03 17:31:57,2015-10-04 01:31:57,105,1671,0.45036,8,18913,0.415004,0.170843,0.703904,0.4,0.915845,0.75,0.0201221,0.0001,9.01998e-08,999999,7.030453e-02,3,Malaysian Exclusive Economic Zone,,,SVDNB_npp_d20151003_t1731466_e1737270_b20378_c20151003233728467558_noaa_ops.h5,GDNBO_npp_d20151003_t1731466_e1737270_b20378_c20151003233728467298_noaa_ops.h5,SVI04_npp_d20151003_t1731466_e1737270_b20378_c20151003233728541959_noaa_ops.dspace_rad,VNFF_npp_d20151003_t1731466_e1737270_b20378_v21.csv,World_EEZ_v8_2014.shp,WPP_BFAR_merge.shp,KKP_IDN_merge_20161208.shp,VNF-VBD_npp_20120301-20151231_global_asia-enhanced_c201607211230.bitmask,NCEI_NGA.union.nga_lead2.add_2015ntl.mask,timezone.shp,VBD_platforms-recurring_2015_r20170330.shp,0.312924,VBD_bridges_c20160811.shp,9.202956;7.293124;4.987635;0.117751;-4.766567;-9.662423;-14.566307;-12.781590;-10.252750;-5.421471;-0.565886;4.309883,106.389061;120.204430;133.795395;132.636734;131.583801;130.626740;129.763702;115.696312;101.762085;103.094223;104.302101;105.397919,npp_d20151003_t1731466_e1737270_b20378,156.568,84.0002,20.5697,98.2816,53.791,72.5625
948,VBD_npp_d20151003_t1736085_x1143369E_y076972S_l2353_s1673_v23,2017-06-01 16:11:27,-7.697190,114.336876,3.96816,2015-10-03 17:36:08,2015-10-04 00:36:08,2353,1673,0.403129,8,18913,0.319563,0.152722,0.733268,0.4,0.926336,0.75,0.015178,0.0001,2.84006e-09,999999,5.242743e-03,3,Indonesian Exclusive Economic Zone,WPP712,,SVDNB_npp_d20151003_t1731466_e1737270_b20378_c20151003233728467558_noaa_ops.h5,GDNBO_npp_d20151003_t1731466_e1737270_b20378_c20151003233728467298_noaa_ops.h5,SVI04_npp_d20151003_t1731466_e1737270_b20378_c20151003233728541959_noaa_ops.dspace_rad,VNFF_npp_d20151003_t1731466_e1737270_b20378_v21.csv,World_EEZ_v8_2014.shp,WPP_BFAR_merge.shp,KKP_IDN_merge_20161208.shp,VNF-VBD_npp_20120301-20151231_global_asia-enhanced_c201607211230.bitmask,NCEI_NGA.union.nga_lead2.add_2015ntl.mask,timezone.shp,VBD_platforms-recurring_2015_r20170330.shp,0.31996,VBD_bridges_c20160811.shp,9.202956;7.293124;4.987635;0.117751;-4.766567;-9.662423;-14.566307;-12.781590;-10.252750;-5.421471;-0.565886;4.309883,106.389061;120.204430;133.795395;132.636734;131.583801;130.626740;129.763702;115.696312;101.762085;103.094223;104.302101;105.397919,npp_d20151003_t1731466_e1737270_b20378,155.889,118.409,20.4733,100.194,61.4537,64.1497
949,VBD_npp_d20151003_t1735062_x1151826E_y041399S_l1807_s1676_v23,2017-06-01 16:11:27,-4.139900,115.182602,5.17799,2015-10-03 17:35:06,2015-10-04 01:35:06,1807,1676,0.327588,1,2529,0.282362,0.175199,0.651581,0.4,0.758233,0.75,0.0165246,0.0001,7.65057e-09,999999,-4.062410e-01,3,Indonesian Exclusive Economic Zone,WPP712,,SVDNB_npp_d20151003_t1731466_e1737270_b20378_c20151003233728467558_noaa_ops.h5,GDNBO_npp_d20151003_t1731466_e1737270_b20378_c20151003233728467298_noaa_ops.h5,SVI04_npp_d20151003_t1731466_e1737270_b20378_c20151003233728541959_noaa_ops.dspace_rad,VNFF_npp_d20151003_t1731466_e1737270_b20378_v21.csv,World_EEZ_v8_2014.shp,WPP_BFAR_merge.shp,KKP_IDN_merge_20161208.shp,VNF-VBD_npp_20120301-20151231_global_asia-enhanced_c201607211230.bitmask,NCEI_NGA.union.nga_lead2.add_2015ntl.mask,timezone.shp,VBD_platforms-recurring_2015_r20170330.shp,999999,VBD_bridges_c20160811.shp,9.202956;7.293124;4.987635;0.117751;-4.766567;-9.662423;-14.566307;-12.781590;-10.252750;-5.421471;-0.565886;4.309883,106.389061;120.204430;133.795395;132.636734;131.583801;130.626740;129.763702;115.696312;101.762085;103.094223;104.302101;105.397919,npp_d20151003_t1731466_e1737270_b20378,156.83,110.388,20.3174,97.7678,59.3952,65.8338
950,VBD_npp_d20151003_t1735525_x1145693E_y067946S_l2214_s1676_v23,2017-06-01 16:11:27,-6.794621,114.569260,11.6968,2015-10-03 17:35:52,2015-10-04 00:35:52,2214,1676,0.405974,1,2529,0.43785,0.189154,0.869027,0.4,0.807057,0.75,0.0155696,0.0001,3.90252e-09,999999,-3.433907e-01,3,Indonesian Exclusive Economic Zone,WPP712,,SVDNB_npp_d20151003_t1731466_e1737270_b20378_c20151003233728467558_noaa_ops.h5,GDNBO_npp_d20151003_t1731466_e1737270_b20378_c20151003233728467298_noaa_ops.h5,SVI04_npp_d20151003_t1731466_e1737270_b20378_c20151003233728541959_noaa_ops.dspace_rad,VNFF_npp_d20151003_t1731466_e1737270_b20378_v21.csv,World_EEZ_v8_2014.shp,WPP_BFAR_merge.shp,KKP_IDN_merge_20161208.shp,VNF-VBD_npp_20120301-20151231_global_asia-enhanced_c201607211230.bitmask,NCEI_NGA.union.nga_lead2.add_2015ntl.mask,timezone.shp,VBD_platforms-recurring_2015_r20170330.shp,999999,VBD_bridges_c20160811.shp,9.202956;7.293124;4.987635;0.117751;-4.766567;-9.662423;-14.566307;-12.781590;-10.252750;-5.421471;-0.565886;4.309883,106.389061;120.204430;133.795395;132.636734;131.583801;130.626740;129.763702;115.696312;101.762085;103.094223;104.302101;105.397919,npp_d20151003_t1731466_e1737270_b20378,156.158,116.416,20.3144,99.3472,60.9082,64.5507
951,VBD_npp_d20151003_t1735525_x1145660E_y068146S_l2217_s1676_v23,2017-06-01 16:11:27,-6.814581,114.566002,28.7679,2015-10-03 17:35:52,2015-10-04 00:35:52,2217,1676,0.409104,1,2529,0.711991,0.140703,0.876022,0.4,0.909998,0.75,0.0155615,0.0001,3.74765e-09,999999,1.202522e-01,3,Indonesian Exclusive Economic Zone,WPP712,,SVDNB_npp_d20151003_t1731466_e1737270_b20378_c20151003233728467558_noaa_ops.h5,GDNBO_npp_d20151003_t1731466_e1737270_b20378_c20151003233728467298_noaa_ops.h5,SVI04_npp_d20151003_t1731466_e1737270_b20378_c20151003233728541959_noaa_ops.dspace_rad,VNFF_npp_d20151003_t1731466_e1737270_b20378_v21.csv,World_EEZ_v8_2014.shp,WPP_BFAR_merge.shp,KKP_IDN_merge_20161208.shp,VNF-VBD_npp_20120301-20151231_global_asia-enhanced_c201607211230.bitmask,NCEI_NGA.union.nga_lead2.add_2015ntl.mask,timezone.shp,VBD_platforms-recurring_2015_r20170330.shp,999999,VBD_bridges_c20160811.shp,9.202956;7.293124;4.987635;0.117751;-4.766567;-9.662423;-14.566307;-12.781590;-10.252750;-5.421471;-0.565886;4.309883,106.389061;120.204430;133.795395;132.636734;131.583801;130.626740;129.763702;115.696312;101.762085;103.094223;104.302101;105.397919,npp_d20151003_t1731466_e1737270_b20378,156.152,116.46,20.3148,98.873,60.9198,64.5415
952,VBD_npp_d20151003_t1735525_x1145772E_y068300S_l2219_s1678_v23,2017-06-01 16:11:27,-6.830039,114.577202,8.7588,2015-10-03 17:35:52,2015-10-04 00:35:52,2219,1678,0.405903,7,2465,0.267853,0.155014,0.866738,0.4,0.639447,0.75,0.0155634,0.0001,3.89098e-09,999999,-1.669453e-02,3,,,,SVDNB_npp_d20151003_t1731466_e1737270_b20378_c20151003233728467558_noaa_ops.h5,GDNBO_npp_d20151003_t1731466_e1737270_b20378_c20151003233728467298_noaa_ops.h5,SVI04_npp_d20151003_t1731466_e1737270_b20378_c20151003233728541959_noaa_ops.dspace_rad,VNFF_npp_d20151003_t1731466_e1737270_b20378_v21.csv,World_EEZ_v8_2014.shp,WPP_BFAR_merge.shp,KKP_IDN_merge_20161208.shp,VNF-VBD_npp_20120301-20151231_global_asia-enhanced_c201607211230.bitmask,NCEI_NGA.union.nga_lead2.add_2015ntl.mask,timezone.shp,VBD_platforms-recurring_2015_r20170330.shp,999999,VBD_bridges_c20160811.shp,9.202956;7.293124;4.987635;0.117751;-4.766567;-9.662423;-14.566307;-12.781590;-10.252750;-5.421471;-0.565886;4.309883,106.389061;120.204430;133.795395;132.636734;131.583801;130.626740;129.763702;115.696312;101.762085;103.094223;104.302101;105.397919,npp_d20151003_t1731466_e1737270_b20378,156.136,116.479,20.2107,98.5526,60.9164,64.5294
953,VBD_npp_d20151003_t1735525_x1145739E_y068500S_l2222_s1678_v23,2017-06-01 16:11:27,-6.849988,114.573944,20.809,2015-10-03 17:35:52,2015-10-04 00:35:52,2222,1678,0.403698,1,2529,0.674643,0.176731,0.866738,0.4,0.895738,0.75,0.0155552,0.0001,3.73452e-09,999999,-2.245039e-01,3,Indonesian Exclusive Economic Zone,WPP712,,SVDNB_npp_d20151003_t1731466_e1737270_b20378_c20151003233728467558_noaa_ops.h5,GDNBO_npp_d20151003_t1731466_e1737270_b20378_c20151003233728467298_noaa_ops.h5,SVI04_npp_d20151003_t1731466_e1737270_b20378_c20151003233728541959_noaa_ops.dspace_rad,VNFF_npp_d20151003_t1731466_e1737270_b20378_v21.csv,World_EEZ_v8_2014.shp,WPP_BFAR_merge.shp,KKP_IDN_merge_20161208.shp,VNF-VBD_npp_20120301-20151231_global_asia-enhanced_c201607211230.bitmask,NCEI_NGA.union.nga_lead2.add_2015ntl.mask,timezone.shp,VBD_platforms-recurring_2015_r20170330.shp,999999,VBD_bridges_c20160811.shp,9.202956;7.293124;4.987635;0.117751;-4.766567;-9.662423;-14.566307;-12.781590;-10.252750;-5.421471;-0.565886;4.309883,106.389061;120.204430;133.795395;132.636734;131.583801;130.626740;129.763702;115.696312;101.762085;103.094223;104.302101;105.397919,npp_d20151003_t1731466_e1737270_b20378,156.13,116.523,20.2133,98.0761,60.928,64.5202
954,VBD_npp_d20151003_t1735525_x1145915E_y067846S_l2212_s1679_v23,2017-06-01 16:11:27,-6.784581,114.591476,18.7931,2015-10-03 17:35:52,2015-10-04 00:35:52,2212,1679,0.391677,1,2529,0.512573,0.179508,0.86724,0.4,0.816804,0.75,0.0155862,0.0001,4.41575e-09,999999,-2.510858e-01,3,Indonesian Exclusive Economic Zone,WPP712,,SVDNB_npp_d20151003_t1731466_e1737270_b20378_c20151003233728467558_noaa_ops.h5,GDNBO_npp_d20151003_t1731466_e1737270_b20378_c20151003233728467298_noaa_ops.h5,SVI04_npp_d20151003_t1731466_e1737270_b20378_c20151003233728541959_noaa_ops.dspace_rad,VNFF_npp_d20151003_t1731466_e1737270_b20378_v21.csv,World_EEZ_v8_2014.shp,WPP_BFAR_merge.shp,KKP_IDN_merge_20161208.shp,VNF-VBD_npp_20120301-20151231_global_asia-enhanced_c201607211230.bitmask,NCEI_NGA.union.nga_lead2.add_2015ntl.mask,timezone.shp,VBD_platforms-recurring_2015_r20170330.shp,999999,VBD_bridges_c20160811.shp,9.202956;7.293124;4.987635;0.117751;-4.766567;-9.662423;-14.566307;-12.781590;-10.252750;-5.421471;-0.565886;4.309883,106.389061;120.204430;133.795395;132.636734;131.583801;130.626740;129.763702;115.696312;101.762085;103.094223;104.302101;105.397919,npp_d20151003_t1731466_e1737270_b20378,156.143,116.371,20.1573,99.6652,60.8838,64.5479
955,VBD_npp_d20151003_t1735525_x1146014E_y067657S_l2209_s1680_v23,2017-06-01 16:11:27,-6.765730,114.601395,12.7224,2015-10-03 17:35:52,2015-10-04 00:35:52,2209,1680,0.408464,1,2529,0.4996,0.194186,0.845923,0.4,0.815268,0.75,0.0155981,0.0001,4.74483e-09,999999,-3.915399e-01,3,Indonesian Exclusive Economic Zone,WPP712,,SVDNB_npp_d20151003_t1731466_e1737270_b20378_c20151003233728467558_noaa_ops.h5,GDNBO_npp_d20151003_t1731466_e1737270_b20378_c20151003233728467298_noaa_ops.h5,SVI04_npp_d20151003_t1731466_e1737270_b20378_c20151003233728541959_noaa_ops.dspace_rad,VNFF_npp_d20151003_t1731466_e1737270_b20378_v21.csv,World_EEZ_v8_2014.shp,WPP_BFAR_merge.shp,KKP_IDN_merge_20161208.shp,VNF-VBD_npp_20120301-20151231_global_asia-enhanced_c201607211230.bitmask,NCEI_NGA.union.nga_lead2.add_2015ntl.mask,timezone.shp,VBD_platforms-recurring_2015_r20170330.shp,999999,VBD_bridges_c20160811.shp,9.202956;7.293124;4.987635;0.117751;-4.766567;-9.662423;-14.566307;-12.781590;-10.252750;-5.421471;-0.565886;4.309883,106.389061;120.204430;133.795395;132.636734;131.583801;130.626740;129.763702;115.696312;101.762085;103.094223;104.302101;105.397919,npp_d20151003_t1731466_e1737270_b20378,156.143,116.322,20.1066,100.145,60.8667,64.5541
956,VBD_npp_d20151003_t1735525_x1145927E_y068189S_l2217_s1680_v23,2017-06-01 16:11:27,-6.818895,114.592735,27.5065,2015-10-03 17:35:52,2015-10-04 00:35:52,2217,1680,0.40761,1,2529,0.586676,0.138731,0.873118,0.4,0.830658,0.75,0.0155763,0.0001,4.26405e-09,999999,1.391227e-01,3,Indonesian Exclusive Economic Zone,WPP712,,SVDNB_npp_d20151003_t1731466_e1737270_b20378_c20151003233728467558_noaa_ops.h5,GDNBO_npp_d20151003_t1731466_e1737270_b20378_c20151003233728467298_noaa_ops.h5,SVI04_npp_d20151003_t1731466_e1737270_b20378_c20151003233728541959_noaa_ops.dspace_rad,VNFF_npp_d20151003_t1731466_e1737270_b20378_v21.csv,World_EEZ_v8_2014.shp,WPP_BFAR_merge.shp,KKP_IDN_merge_20161208.shp,VNF-VBD_npp_20120301-20151231_global_asia-enhanced_c201607211230.bitmask,NCEI_NGA.union.nga_lead2.add_2015ntl.mask,timezone.shp,VBD_platforms-recurring_2015_r20170330.shp,999999,VBD_bridges_c20160811.shp,9.202956;7.293124;4.987635;0.117751;-4.766567;-9.662423;-14.566307;-12.781590;-10.252750;-5.421471;-0.565886;4.309883,106.389061;120.204430;133.795395;132.636734;131.583801;130.626740;129.763702;115.696312;101.762085;103.094223;104.302101;105.397919,npp_d20151003_t1731466_e1737270_b20378,156.127,116.439,20.1047,98.8676,60.8975,64.5295
957,VBD_npp_d20151003_t1735525_x1145906E_y068322S_l2219_s1680_v23,2017-06-01 16:11:27,-6.832187,114.590553,18.228,2015-10-03 17:35:52,2015-10-04 00:35:52,2219,1680,0.409744,1,2529,0.463585,0.158204,0.865067,0.4,0.793146,0.75,0.0155708,0.0001,4.15e-09,999999,-4.721642e-02,3,Indonesian Exclusive Economic Zone,WPP712,,SVDNB_npp_d20151003_t1731466_e1737270_b20378_c20151003233728467558_noaa_ops.h5,GDNBO_npp_d20151003_t1731466_e1737270_b20378_c20151003233728467298_noaa_ops.h5,SVI04_npp_d20151003_t1731466_e1737270_b20378_c20151003233728541959_noaa_ops.dspace_rad,VNFF_npp_d20151003_t1731466_e1737270_b20378_v21.csv,World_EEZ_v8_2014.shp,WPP_BFAR_merge.shp,KKP_IDN_merge_20161208.shp,VNF-VBD_npp_20120301-20151231_global_asia-enhanced_c201607211230.bitmask,NCEI_NGA.union.nga_lead2.add_2015ntl.mask,timezone.shp,VBD_platforms-recurring_2015_r20170330.shp,999999,VBD_bridges_c20160811.shp,9.202956;7.293124;4.987635;0.117751;-4.766567;-9.662423;-14.566307;-12.781590;-10.252750;-5.421471;-0.565886;4.309883,106.389061;120.204430;133.795395;132.636734;131.583801;130.626740;129.763702;115.696312;101.762085;103.094223;104.302101;105.397919,npp_d20151003_t1731466_e1737270_b20378,156.123,116.469,20.1057,98.5483,60.9053,64.5234
958,VBD_npp_d20151003_t1735525_x1146037E_y067934S_l2213_s1681_v23,2017-06-01 16:11:27,-6.793397,114.603729,25.5681,2015-10-03 17:35:52,2015-10-04 00:35:52,2213,1681,0.408606,1,2529,0.551836,0.170715,0.86724,0.4,0.82899,0.75,0.0155909,0.0001,4.64602e-09,999999,-1.669356e-01,3,Indonesian Exclusive Economic Zone,WPP712,,SVDNB_npp_d20151003_t1731466_e1737270_b20378_c20151003233728467558_noaa_ops.h5,GDNBO_npp_d20151003_t1731466_e1737270_b20378_c20151003233728467298_noaa_ops.h5,SVI04_npp_d20151003_t1731466_e1737270_b20378_c20151003233728541959_noaa_ops.dspace_rad,VNFF_npp_d20151003_t1731466_e1737270_b20378_v21.csv,World_EEZ_v8_2014.shp,WPP_BFAR_merge.shp,KKP_IDN_merge_20161208.shp,VNF-VBD_npp_20120301-20151231_global_asia-enhanced_c201607211230.bitmask,NCEI_NGA.union.nga_lead2.add_2015ntl.mask,timezone.shp,VBD_platforms-recurring_2015_r20170330.shp,999999,VBD_bridges_c20160811.shp,9.202956;7.293124;4.987635;0.117751;-4.766567;-9.662423;-14.566307;-12.781590;-10.252750;-5.421471;-0.565886;4.309883,106.389061;120.204430;133.795395;132.636734;131.583801;130.626740;129.763702;115.696312;101.762085;103.094223;104.302101;105.397919,npp_d20151003_t1731466_e1737270_b20378,156.128,116.375,20.052,99.5065,60.8765,64.5388
959,VBD_npp_d20151003_t1735525_x1146016E_y068067S_l2215_s1681_v23,2017-06-01 16:11:27,-6.806684,114.601570,26.9716,2015-10-03 17:35:52,2015-10-04 00:35:52,2215,1681,0.410313,1,2529,0.572794,0.165433,0.873118,0.4,0.836985,0.75,0.0155854,0.0001,4.52331e-09,999999,-1.163962e-01,3,Indonesian Exclusive Economic Zone,WPP712,,SVDNB_npp_d20151003_t1731466_e1737270_b20378_c20151003233728467558_noaa_ops.h5,GDNBO_npp_d20151003_t1731466_e1737270_b20378_c20151003233728467298_noaa_ops.h5,SVI04_npp_d20151003_t1731466_e1737270_b20378_c20151003233728541959_noaa_ops.dspace_rad,VNFF_npp_d20151003_t1731466_e1737270_b20378_v21.csv,World_EEZ_v8_2014.shp,WPP_BFAR_merge.shp,KKP_IDN_merge_20161208.shp,VNF-VBD_npp_20120301-20151231_global_asia-enhanced_c201607211230.bitmask,NCEI_NGA.union.nga_lead2.add_2015ntl.mask,timezone.shp,VBD_platforms-recurring_2015_r20170330.shp,999999,VBD_bridges_c20160811.shp,9.202956;7.293124;4.987635;0.117751;-4.766567;-9.662423;-14.566307;-12.781590;-10.252750;-5.421471;-0.565886;4.309883,106.389061;120.204430;133.795395;132.636734;131.583801;130.626740;129.763702;115.696312;101.762085;103.094223;104.302101;105.397919,npp_d20151003_t1731466_e1737270_b20378,156.124,116.405,20.0518,99.1864,60.8843,64.5327
960,VBD_npp_d20151003_t1735525_x1145951E_y068465S_l2221_s1681_v23,2017-06-01 16:11:27,-6.846547,114.595055,21.6179,2015-10-03 17:35:52,2015-10-04 00:35:52,2221,1681,0.405832,1,2529,0.592041,0.1523,0.865067,0.4,0.848367,0.75,0.0155691,0.0001,4.17024e-09,999999,9.281336e-03,3,Indonesian Exclusive Economic Zone,WPP712,,SVDNB_npp_d20151003_t1731466_e1737270_b20378_c20151003233728467558_noaa_ops.h5,GDNBO_npp_d20151003_t1731466_e1737270_b20378_c20151003233728467298_noaa_ops.h5,SVI04_npp_d20151003_t1731466_e1737270_b20378_c20151003233728541959_noaa_ops.dspace_rad,VNFF_npp_d20151003_t1731466_e1737270_b20378_v21.csv,World_EEZ_v8_2014.shp,WPP_BFAR_merge.shp,KKP_IDN_merge_20161208.shp,VNF-VBD_npp_20120301-20151231_global_asia-enhanced_c201607211230.bitmask,NCEI_NGA.union.nga_lead2.add_2015ntl.mask,timezone.shp,VBD_platforms-recurring_2015_r20170330.shp,999999,VBD_bridges_c20160811.shp,9.202956;7.293124;4.987635;0.117751;-4.766567;-9.662423;-14.566307;-12.781590;-10.252750;-5.421471;-0.565886;4.309883,106.389061;120.204430;133.795395;132.636734;131.583801;130.626740;129.763702;115.696312;101.762085;103.094223;104.302101;105.397919,npp_d20151003_t1731466_e1737270_b20378,156.112,116.493,20.0548,98.2261,60.9074,64.5143
961,VBD_npp_d20151003_t1735525_x1146050E_y068277S_l2218_s1682_v23,2017-06-01 16:11:27,-6.827691,114.604988,15.7363,2015-10-03 17:35:52,2015-10-04 00:35:52,2218,1682,0.410526,7,2465,0.374291,0.136591,0.873118,0.4,0.741134,0.75,0.015581,0.0001,4.48551e-09,999999,1.595951e-01,3,,,,SVDNB_npp_d20151003_t1731466_e1737270_b20378_c20151003233728467558_noaa_ops.h5,GDNBO_npp_d20151003_t1731466_e1737270_b20378_c20151003233728467298_noaa_ops.h5,SVI04_npp_d20151003_t1731466_e1737270_b20378_c20151003233728541959_noaa_ops.dspace_rad,VNFF_npp_d20151003_t1731466_e1737270_b20378_v21.csv,World_EEZ_v8_2014.shp,WPP_BFAR_merge.shp,KKP_IDN_merge_20161208.shp,VNF-VBD_npp_20120301-20151231_global_asia-enhanced_c201607211230.bitmask,NCEI_NGA.union.nga_lead2.add_2015ntl.mask,timezone.shp,VBD_platforms-recurring_2015_r20170330.shp,999999,VBD_bridges_c20160811.shp,9.202956;7.293124;4.987635;0.117751;-4.766567;-9.662423;-14.566307;-12.781590;-10.252750;-5.421471;-0.565886;4.309883,106.389061;120.204430;133.795395;132.636734;131.583801;130.626740;129.763702;115.696312;101.762085;103.094223;104.302101;105.397919,npp_d20151003_t1731466_e1737270_b20378,156.112,116.443,20.0001,98.7044,60.8903,64.5205
962,VBD_npp_d20151003_t1735525_x1146028E_y068410S_l2220_s1682_v23,2017-06-01 16:11:27,-6.840974,114.602814,24.6434,2015-10-03 17:35:52,2015-10-04 00:35:52,2220,1682,0.408677,1,2529,0.518273,0.144574,0.865067,0.4,0.81261,0.75,0.0155755,0.0001,4.36536e-09,999999,8.321016e-02,3,Indonesian Exclusive Economic Zone,WPP712,,SVDNB_npp_d20151003_t1731466_e1737270_b20378_c20151003233728467558_noaa_ops.h5,GDNBO_npp_d20151003_t1731466_e1737270_b20378_c20151003233728467298_noaa_ops.h5,SVI04_npp_d20151003_t1731466_e1737270_b20378_c20151003233728541959_noaa_ops.dspace_rad,VNFF_npp_d20151003_t1731466_e1737270_b20378_v21.csv,World_EEZ_v8_2014.shp,WPP_BFAR_merge.shp,KKP_IDN_merge_20161208.shp,VNF-VBD_npp_20120301-20151231_global_asia-enhanced_c201607211230.bitmask,NCEI_NGA.union.nga_lead2.add_2015ntl.mask,timezone.shp,VBD_platforms-recurring_2015_r20170330.shp,999999,VBD_bridges_c20160811.shp,9.202956;7.293124;4.987635;0.117751;-4.766567;-9.662423;-14.566307;-12.781590;-10.252750;-5.421471;-0.565886;4.309883,106.389061;120.204430;133.795395;132.636734;131.583801;130.626740;129.763702;115.696312;101.762085;103.094223;104.302101;105.397919,npp_d20151003_t1731466_e1737270_b20378,156.108,116.473,20.0014,98.3835,60.898,64.5144
963,VBD_npp_d20151003_t1735525_x1146181E_y067889S_l2212_s1683_v23,2017-06-01 16:11:27,-6.788925,114.618141,26.9426,2015-10-03 17:35:52,2015-10-04 00:35:52,2212,1683,0.409104,1,2529,0.669704,0.136307,0.849656,0.4,0.863061,0.75,0.015601,0.0001,5.01908e-09,999999,1.623209e-01,3,Indonesian Exclusive Economic Zone,WPP712,,SVDNB_npp_d20151003_t1731466_e1737270_b20378_c20151003233728467558_noaa_ops.h5,GDNBO_npp_d20151003_t1731466_e1737270_b20378_c20151003233728467298_noaa_ops.h5,SVI04_npp_d20151003_t1731466_e1737270_b20378_c20151003233728541959_noaa_ops.dspace_rad,VNFF_npp_d20151003_t1731466_e1737270_b20378_v21.csv,World_EEZ_v8_2014.shp,WPP_BFAR_merge.shp,KKP_IDN_merge_20161208.shp,VNF-VBD_npp_20120301-20151231_global_asia-enhanced_c201607211230.bitmask,NCEI_NGA.union.nga_lead2.add_2015ntl.mask,timezone.shp,VBD_platforms-recurring_2015_r20170330.shp,999999,VBD_bridges_c20160811.shp,9.202956;7.293124;4.987635;0.117751;-4.766567;-9.662423;-14.566307;-12.781590;-10.252750;-5.421471;-0.565886;4.309883,106.389061;120.204430;133.795395;132.636734;131.583801;130.626740;129.763702;115.696312;101.762085;103.094223;104.302101;105.397919,npp_d20151003_t1731466_e1737270_b20378,156.117,116.35,19.9472,99.6679,60.8616,64.5359
964,VBD_npp_d20151003_t1735525_x1146160E_y068022S_l2214_s1683_v23,2017-06-01 16:11:27,-6.802205,114.615982,16.7822,2015-10-03 17:35:52,2015-10-04 00:35:52,2214,1683,0.409531,2,2465,0.429127,0.1396,0.849656,0.4,0.746038,0.75,0.0155956,0.0001,4.88713e-09,999999,1.308054e-01,3,Indonesian Exclusive Economic Zone,WPP712,,SVDNB_npp_d20151003_t1731466_e1737270_b20378_c20151003233728467558_noaa_ops.h5,GDNBO_npp_d20151003_t1731466_e1737270_b20378_c20151003233728467298_noaa_ops.h5,SVI04_npp_d20151003_t1731466_e1737270_b20378_c20151003233728541959_noaa_ops.dspace_rad,VNFF_npp_d20151003_t1731466_e1737270_b20378_v21.csv,World_EEZ_v8_2014.shp,WPP_BFAR_merge.shp,KKP_IDN_merge_20161208.shp,VNF-VBD_npp_20120301-20151231_global_asia-enhanced_c201607211230.bitmask,NCEI_NGA.union.nga_lead2.add_2015ntl.mask,timezone.shp,VBD_platforms-recurring_2015_r20170330.shp,999999,VBD_bridges_c20160811.shp,9.202956;7.293124;4.987635;0.117751;-4.766567;-9.662423;-14.566307;-12.781590;-10.252750;-5.421471;-0.565886;4.309883,106.389061;120.204430;133.795395;132.636734;131.583801;130.626740;129.763702;115.696312;101.762085;103.094223;104.302101;105.397919,npp_d20151003_t1731466_e1737270_b20378,156.114,116.38,19.9467,99.3461,60.8693,64.5298
965,VBD_npp_d20151003_t1735542_x1145846E_y069529S_l2237_s1683_v23,2017-06-01 16:11:27,-6.952878,114.584602,9.98369,2015-10-03 17:35:54,2015-10-04 00:35:54,2237,1683,0.406472,1,2529,0.491292,0.129603,0.856356,0.4,0.893814,0.75,0.0155329,0.0001,4.31679e-09,999999,2.264738e-01,3,Indonesian Exclusive Economic Zone,WPP712,,SVDNB_npp_d20151003_t1731466_e1737270_b20378_c20151003233728467558_noaa_ops.h5,GDNBO_npp_d20151003_t1731466_e1737270_b20378_c20151003233728467298_noaa_ops.h5,SVI04_npp_d20151003_t1731466_e1737270_b20378_c20151003233728541959_noaa_ops.dspace_rad,VNFF_npp_d20151003_t1731466_e1737270_b20378_v21.csv,World_EEZ_v8_2014.shp,WPP_BFAR_merge.shp,KKP_IDN_merge_20161208.shp,VNF-VBD_npp_20120301-20151231_global_asia-enhanced_c201607211230.bitmask,NCEI_NGA.union.nga_lead2.add_2015ntl.mask,timezone.shp,VBD_platforms-recurring_2015_r20170330.shp,999999,VBD_bridges_c20160811.shp,9.202956;7.293124;4.987635;0.117751;-4.766567;-9.662423;-14.566307;-12.781590;-10.252750;-5.421471;-0.565886;4.309883,106.389061;120.204430;133.795395;132.636734;131.583801;130.626740;129.763702;115.696312;101.762085;103.094223;104.302101;105.397919,npp_d20151003_t1731466_e1737270_b20378,156.067,116.71,19.9472,98.232,60.9566,64.4604
966,VBD_npp_d20151003_t1735525_x1146161E_y068431S_l2220_s1684_v23,2017-06-01 16:11:27,-6.843113,114.616150,13.0522,2015-10-03 17:35:52,2015-10-04 00:35:52,2220,1684,0.409388,1,2529,0.471074,0.145726,0.850957,0.4,0.818833,0.75,0.0155829,0.0001,4.65362e-09,999999,7.218553e-02,3,Indonesian Exclusive Economic Zone,WPP712,,SVDNB_npp_d20151003_t1731466_e1737270_b20378_c20151003233728467558_noaa_ops.h5,GDNBO_npp_d20151003_t1731466_e1737270_b20378_c20151003233728467298_noaa_ops.h5,SVI04_npp_d20151003_t1731466_e1737270_b20378_c20151003233728541959_noaa_ops.dspace_rad,VNFF_npp_d20151003_t1731466_e1737270_b20378_v21.csv,World_EEZ_v8_2014.shp,WPP_BFAR_merge.shp,KKP_IDN_merge_20161208.shp,VNF-VBD_npp_20120301-20151231_global_asia-enhanced_c201607211230.bitmask,NCEI_NGA.union.nga_lead2.add_2015ntl.mask,timezone.shp,VBD_platforms-recurring_2015_r20170330.shp,999999,VBD_bridges_c20160811.shp,9.202956;7.293124;4.987635;0.117751;-4.766567;-9.662423;-14.566307;-12.781590;-10.252750;-5.421471;-0.565886;4.309883,106.389061;120.204430;133.795395;132.636734;131.583801;130.626740;129.763702;115.696312;101.762085;103.094223;104.302101;105.397919,npp_d20151003_t1731466_e1737270_b20378,156.095,116.462,19.8964,98.3784,60.8869,64.5084
967,VBD_npp_d20151003_t1735542_x1146012E_y069351S_l2234_s1685_v23,2017-06-01 16:11:27,-6.935105,114.601173,16.7132,2015-10-03 17:35:54,2015-10-04 00:35:54,2234,1685,0.411736,1,2529,0.57816,0.162681,0.859832,0.4,0.871614,0.75,0.0155485,0.0001,4.79335e-09,999999,-9.006245e-02,3,Indonesian Exclusive Economic Zone,WPP712,,SVDNB_npp_d20151003_t1731466_e1737270_b20378_c20151003233728467558_noaa_ops.h5,GDNBO_npp_d20151003_t1731466_e1737270_b20378_c20151003233728467298_noaa_ops.h5,SVI04_npp_d20151003_t1731466_e1737270_b20378_c20151003233728541959_noaa_ops.dspace_rad,VNFF_npp_d20151003_t1731466_e1737270_b20378_v21.csv,World_EEZ_v8_2014.shp,WPP_BFAR_merge.shp,KKP_IDN_merge_20161208.shp,VNF-VBD_npp_20120301-20151231_global_asia-enhanced_c201607211230.bitmask,NCEI_NGA.union.nga_lead2.add_2015ntl.mask,timezone.shp,VBD_platforms-recurring_2015_r20170330.shp,999999,VBD_bridges_c20160811.shp,9.202956;7.293124;4.987635;0.117751;-4.766567;-9.662423;-14.566307;-12.781590;-10.252750;-5.421471;-0.565886;4.309883,106.389061;120.204430;133.795395;132.636734;131.583801;130.626740;129.763702;115.696312;101.762085;103.094223;104.302101;105.397919,npp_d20151003_t1731466_e1737270_b20378,156.061,116.656,19.8401,98.7111,60.9339,64.4635
968,VBD_npp_d20151003_t1735525_x1146370E_y067988S_l2213_s1686_v23,2017-06-01 16:11:27,-6.798810,114.637024,13.6531,2015-10-03 17:35:52,2015-10-04 00:35:52,2213,1686,0.408819,1,2529,0.473412,0.121648,0.849656,0.4,0.791196,0.75,0.0156094,0.0001,5.44832e-09,999999,3.025947e-01,3,Indonesian Exclusive Economic Zone,WPP712,,SVDNB_npp_d20151003_t1731466_e1737270_b20378_c20151003233728467558_noaa_ops.h5,GDNBO_npp_d20151003_t1731466_e1737270_b20378_c20151003233728467298_noaa_ops.h5,SVI04_npp_d20151003_t1731466_e1737270_b20378_c20151003233728541959_noaa_ops.dspace_rad,VNFF_npp_d20151003_t1731466_e1737270_b20378_v21.csv,World_EEZ_v8_2014.shp,WPP_BFAR_merge.shp,KKP_IDN_merge_20161208.shp,VNF-VBD_npp_20120301-20151231_global_asia-enhanced_c201607211230.bitmask,NCEI_NGA.union.nga_lead2.add_2015ntl.mask,timezone.shp,VBD_platforms-recurring_2015_r20170330.shp,999999,VBD_bridges_c20160811.shp,9.202956;7.293124;4.987635;0.117751;-4.766567;-9.662423;-14.566307;-12.781590;-10.252750;-5.421471;-0.565886;4.309883,106.389061;120.204430;133.795395;132.636734;131.583801;130.626740;129.763702;115.696312;101.762085;103.094223;104.302101;105.397919,npp_d20151003_t1731466_e1737270_b20378,156.096,116.349,19.7894,99.5079,60.8488,64.5238
969,VBD_npp_d20151003_t1735525_x1146349E_y068121S_l2215_s1686_v23,2017-06-01 16:11:27,-6.812078,114.634865,9.43514,2015-10-03 17:35:52,2015-10-04 00:35:52,2215,1686,0.407681,2,2465,0.372859,0.115838,0.855822,0.4,0.680368,0.75,0.0156039,0.0001,5.30499e-09,999999,3.581897e-01,3,Indonesian Exclusive Economic Zone,WPP712,,SVDNB_npp_d20151003_t1731466_e1737270_b20378_c20151003233728467558_noaa_ops.h5,GDNBO_npp_d20151003_t1731466_e1737270_b20378_c20151003233728467298_noaa_ops.h5,SVI04_npp_d20151003_t1731466_e1737270_b20378_c20151003233728541959_noaa_ops.dspace_rad,VNFF_npp_d20151003_t1731466_e1737270_b20378_v21.csv,World_EEZ_v8_2014.shp,WPP_BFAR_merge.shp,KKP_IDN_merge_20161208.shp,VNF-VBD_npp_20120301-20151231_global_asia-enhanced_c201607211230.bitmask,NCEI_NGA.union.nga_lead2.add_2015ntl.mask,timezone.shp,VBD_platforms-recurring_2015_r20170330.shp,999999,VBD_bridges_c20160811.shp,9.202956;7.293124;4.987635;0.117751;-4.766567;-9.662423;-14.566307;-12.781590;-10.252750;-5.421471;-0.565886;4.309883,106.389061;120.204430;133.795395;132.636734;131.583801;130.626740;129.763702;115.696312;101.762085;103.094223;104.302101;105.397919,npp_d20151003_t1731466_e1737270_b20378,156.092,116.378,19.7892,99.1836,60.8565,64.5177
970,VBD_npp_d20151003_t1735542_x1146145E_y069372S_l2234_s1687_v23,2017-06-01 16:11:27,-6.937248,114.614464,40.6987,2015-10-03 17:35:54,2015-10-04 00:35:54,2234,1687,0.403627,1,2529,0.877612,0.160559,0.874055,0.4,0.923454,0.75,0.0155558,0.0001,5.10798e-09,999999,-6.975205e-02,3,Indonesian Exclusive Economic Zone,WPP712,,SVDNB_npp_d20151003_t1731466_e1737270_b20378_c20151003233728467558_noaa_ops.h5,GDNBO_npp_d20151003_t1731466_e1737270_b20378_c20151003233728467298_noaa_ops.h5,SVI04_npp_d20151003_t1731466_e1737270_b20378_c20151003233728541959_noaa_ops.dspace_rad,VNFF_npp_d20151003_t1731466_e1737270_b20378_v21.csv,World_EEZ_v8_2014.shp,WPP_BFAR_merge.shp,KKP_IDN_merge_20161208.shp,VNF-VBD_npp_20120301-20151231_global_asia-enhanced_c201607211230.bitmask,NCEI_NGA.union.nga_lead2.add_2015ntl.mask,timezone.shp,VBD_platforms-recurring_2015_r20170330.shp,999999,VBD_bridges_c20160811.shp,9.202956;7.293124;4.987635;0.117751;-4.766567;-9.662423;-14.566307;-12.781590;-10.252750;-5.421471;-0.565886;4.309883,106.389061;120.204430;133.795395;132.636734;131.583801;130.626740;129.763702;115.696312;101.762085;103.094223;104.302101;105.397919,npp_d20151003_t1731466_e1737270_b20378,156.048,116.645,19.7351,98.7075,60.9228,64.4575
971,VBD_npp_d20151003_t1735525_x1146395E_y068673S_l2223_s1688_v23,2017-06-01 16:11:27,-6.867271,114.639481,10.4751,2015-10-03 17:35:52,2015-10-04 00:35:52,2223,1688,0.40825,8,18913,0.466189,0.139477,0.844931,0.4,0.840219,0.75,0.0155895,0.0001,5.07242e-09,999999,1.319817e-01,3,Indonesian Exclusive Economic Zone,WPP712,,SVDNB_npp_d20151003_t1731466_e1737270_b20378_c20151003233728467558_noaa_ops.h5,GDNBO_npp_d20151003_t1731466_e1737270_b20378_c20151003233728467298_noaa_ops.h5,SVI04_npp_d20151003_t1731466_e1737270_b20378_c20151003233728541959_noaa_ops.dspace_rad,VNFF_npp_d20151003_t1731466_e1737270_b20378_v21.csv,World_EEZ_v8_2014.shp,WPP_BFAR_merge.shp,KKP_IDN_merge_20161208.shp,VNF-VBD_npp_20120301-20151231_global_asia-enhanced_c201607211230.bitmask,NCEI_NGA.union.nga_lead2.add_2015ntl.mask,timezone.shp,VBD_platforms-recurring_2015_r20170330.shp,0.573792,VBD_bridges_c20160811.shp,9.202956;7.293124;4.987635;0.117751;-4.766567;-9.662423;-14.566307;-12.781590;-10.252750;-5.421471;-0.565886;4.309883,106.389061;120.204430;133.795395;132.636734;131.583801;130.626740;129.763702;115.696312;101.762085;103.094223;104.302101;105.397919,npp_d20151003_t1731466_e1737270_b20378,156.064,116.485,19.6896,97.8792,60.8763,64.4873
972,VBD_npp_d20151003_t1735542_x1146233E_y069251S_l2232_s1688_v23,2017-06-01 16:11:27,-6.925058,114.623276,15.3391,2015-10-03 17:35:54,2015-10-04 00:35:54,2232,1688,0.404267,1,2529,0.575867,0.165639,0.874055,0.4,0.877887,0.75,0.015565,0.0001,5.41639e-09,999999,-1.183686e-01,3,Indonesian Exclusive Economic Zone,WPP712,,SVDNB_npp_d20151003_t1731466_e1737270_b20378_c20151003233728467558_noaa_ops.h5,GDNBO_npp_d20151003_t1731466_e1737270_b20378_c20151003233728467298_noaa_ops.h5,SVI04_npp_d20151003_t1731466_e1737270_b20378_c20151003233728541959_noaa_ops.dspace_rad,VNFF_npp_d20151003_t1731466_e1737270_b20378_v21.csv,World_EEZ_v8_2014.shp,WPP_BFAR_merge.shp,KKP_IDN_merge_20161208.shp,VNF-VBD_npp_20120301-20151231_global_asia-enhanced_c201607211230.bitmask,NCEI_NGA.union.nga_lead2.add_2015ntl.mask,timezone.shp,VBD_platforms-recurring_2015_r20170330.shp,999999,VBD_bridges_c20160811.shp,9.202956;7.293124;4.987635;0.117751;-4.766567;-9.662423;-14.566307;-12.781590;-10.252750;-5.421471;-0.565886;4.309883,106.389061;120.204430;133.795395;132.636734;131.583801;130.626740;129.763702;115.696312;101.762085;103.094223;104.302101;105.397919,npp_d20151003_t1731466_e1737270_b20378,156.046,116.611,19.6819,99.0316,60.9096,64.4606
973,VBD_npp_d20151003_t1735453_x1147535E_y063840S_l2149_s1689_v23,2017-06-01 16:11:27,-6.383961,114.753540,48.5953,2015-10-03 17:35:45,2015-10-04 00:35:45,2149,1689,0.4032,1,2529,1.06747,0.142241,0.906506,0.4,0.938239,0.75,0.0157943,0.0001,6.78397e-09,999999,1.055298e-01,3,Indonesian Exclusive Economic Zone,WPP712,,SVDNB_npp_d20151003_t1731466_e1737270_b20378_c20151003233728467558_noaa_ops.h5,GDNBO_npp_d20151003_t1731466_e1737270_b20378_c20151003233728467298_noaa_ops.h5,SVI04_npp_d20151003_t1731466_e1737270_b20378_c20151003233728541959_noaa_ops.dspace_rad,VNFF_npp_d20151003_t1731466_e1737270_b20378_v21.csv,World_EEZ_v8_2014.shp,WPP_BFAR_merge.shp,KKP_IDN_merge_20161208.shp,VNF-VBD_npp_20120301-20151231_global_asia-enhanced_c201607211230.bitmask,NCEI_NGA.union.nga_lead2.add_2015ntl.mask,timezone.shp,VBD_platforms-recurring_2015_r20170330.shp,999999,VBD_bridges_c20160811.shp,9.202956;7.293124;4.987635;0.117751;-4.766567;-9.662423;-14.566307;-12.781590;-10.252750;-5.421471;-0.565886;4.309883,106.389061;120.204430;133.795395;132.636734;131.583801;130.626740;129.763702;115.696312;101.762085;103.094223;104.302101;105.397919,npp_d20151003_t1731466_e1737270_b20378,156.2,115.41,19.6306,99.4978,60.5899,64.7094
974,VBD_npp_d20151003_t1735542_x1146367E_y068853S_l2226_s1689_v23,2017-06-01 16:11:27,-6.885319,114.636734,11.3557,2015-10-03 17:35:54,2015-10-04 00:35:54,2226,1689,0.406899,1,2529,0.509284,0.135973,0.844931,0.4,0.866517,0.75,0.015585,0.0001,6.07234e-09,999999,1.655166e-01,3,Indonesian Exclusive Economic Zone,WPP712,,SVDNB_npp_d20151003_t1731466_e1737270_b20378_c20151003233728467558_noaa_ops.h5,GDNBO_npp_d20151003_t1731466_e1737270_b20378_c20151003233728467298_noaa_ops.h5,SVI04_npp_d20151003_t1731466_e1737270_b20378_c20151003233728541959_noaa_ops.dspace_rad,VNFF_npp_d20151003_t1731466_e1737270_b20378_v21.csv,World_EEZ_v8_2014.shp,WPP_BFAR_merge.shp,KKP_IDN_merge_20161208.shp,VNF-VBD_npp_20120301-20151231_global_asia-enhanced_c201607211230.bitmask,NCEI_NGA.union.nga_lead2.add_2015ntl.mask,timezone.shp,VBD_platforms-recurring_2015_r20170330.shp,999999,VBD_bridges_c20160811.shp,9.202956;7.293124;4.987635;0.117751;-4.766567;-9.662423;-14.566307;-12.781590;-10.252750;-5.421471;-0.565886;4.309883,106.389061;120.204430;133.795395;132.636734;131.583801;130.626740;129.763702;115.696312;101.762085;103.094223;104.302101;105.397919,npp_d20151003_t1731466_e1737270_b20378,156.051,116.516,19.6297,100.037,60.8801,64.4763
975,VBD_npp_d20151003_t1735436_x1147802E_y063077S_l2137_s1690_v23,2017-06-01 16:11:27,-6.307695,114.780212,18.1704,2015-10-03 17:35:43,2015-10-04 00:35:43,2137,1690,0.401848,1,2529,0.747681,0.142646,0.906544,0.4,0.945316,0.75,0.0158305,0.0001,6.85133e-09,999999,-5.824313e-02,3,Indonesian Exclusive Economic Zone,WPP712,,SVDNB_npp_d20151003_t1731466_e1737270_b20378_c20151003233728467558_noaa_ops.h5,GDNBO_npp_d20151003_t1731466_e1737270_b20378_c20151003233728467298_noaa_ops.h5,SVI04_npp_d20151003_t1731466_e1737270_b20378_c20151003233728541959_noaa_ops.dspace_rad,VNFF_npp_d20151003_t1731466_e1737270_b20378_v21.csv,World_EEZ_v8_2014.shp,WPP_BFAR_merge.shp,KKP_IDN_merge_20161208.shp,VNF-VBD_npp_20120301-20151231_global_asia-enhanced_c201607211230.bitmask,NCEI_NGA.union.nga_lead2.add_2015ntl.mask,timezone.shp,VBD_platforms-recurring_2015_r20170330.shp,999999,VBD_bridges_c20160811.shp,9.202956;7.293124;4.987635;0.117751;-4.766567;-9.662423;-14.566307;-12.781590;-10.252750;-5.421471;-0.565886;4.309883,106.389061;120.204430;133.795395;132.636734;131.583801;130.626740;129.763702;115.696312;101.762085;103.094223;104.302101;105.397919,npp_d20151003_t1731466_e1737270_b20378,156.215,115.233,19.5754,98.8247,60.5394,64.7427
976,VBD_npp_d20151003_t1735453_x1147506E_y064462S_l2158_s1690_v23,2017-06-01 16:11:27,-6.446206,114.750580,29.5763,2015-10-03 17:35:45,2015-10-04 00:35:45,2158,1690,0.402702,1,2529,0.864609,0.152387,0.898109,0.4,0.947012,0.75,0.0157736,0.0001,6.2039e-09,999999,8.445932e-03,3,Indonesian Exclusive Economic Zone,WPP712,,SVDNB_npp_d20151003_t1731466_e1737270_b20378_c20151003233728467558_noaa_ops.h5,GDNBO_npp_d20151003_t1731466_e1737270_b20378_c20151003233728467298_noaa_ops.h5,SVI04_npp_d20151003_t1731466_e1737270_b20378_c20151003233728541959_noaa_ops.dspace_rad,VNFF_npp_d20151003_t1731466_e1737270_b20378_v21.csv,World_EEZ_v8_2014.shp,WPP_BFAR_merge.shp,KKP_IDN_merge_20161208.shp,VNF-VBD_npp_20120301-20151231_global_asia-enhanced_c201607211230.bitmask,NCEI_NGA.union.nga_lead2.add_2015ntl.mask,timezone.shp,VBD_platforms-recurring_2015_r20170330.shp,999999,VBD_bridges_c20160811.shp,9.202956;7.293124;4.987635;0.117751;-4.766567;-9.662423;-14.566307;-12.781590;-10.252750;-5.421471;-0.565886;4.309883,106.389061;120.204430;133.795395;132.636734;131.583801;130.626740;129.763702;115.696312;101.762085;103.094223;104.302101;105.397919,npp_d20151003_t1731466_e1737270_b20378,156.176,115.54,19.5795,97.9874,60.6194,64.6777
977,VBD_npp_d20151003_t1735098_x1152369E_y043520S_l1837_s1691_v23,2017-06-01 16:11:27,-4.351994,115.236862,6.37022,2015-10-03 17:35:09,2015-10-04 01:35:09,1837,1691,0.295223,8,18913,0.359825,0.189918,0.737418,0.4,0.813727,0.75,0.0165018,0.0001,1.17475e-08,999999,-5.635929e-01,3,Indonesian Exclusive Economic Zone,WPP712,,SVDNB_npp_d20151003_t1731466_e1737270_b20378_c20151003233728467558_noaa_ops.h5,GDNBO_npp_d20151003_t1731466_e1737270_b20378_c20151003233728467298_noaa_ops.h5,SVI04_npp_d20151003_t1731466_e1737270_b20378_c20151003233728541959_noaa_ops.dspace_rad,VNFF_npp_d20151003_t1731466_e1737270_b20378_v21.csv,World_EEZ_v8_2014.shp,WPP_BFAR_merge.shp,KKP_IDN_merge_20161208.shp,VNF-VBD_npp_20120301-20151231_global_asia-enhanced_c201607211230.bitmask,NCEI_NGA.union.nga_lead2.add_2015ntl.mask,timezone.shp,VBD_platforms-recurring_2015_r20170330.shp,0.251827,VBD_bridges_c20160811.shp,9.202956;7.293124;4.987635;0.117751;-4.766567;-9.662423;-14.566307;-12.781590;-10.252750;-5.421471;-0.565886;4.309883,106.389061;120.204430;133.795395;132.636734;131.583801;130.626740;129.763702;115.696312;101.762085;103.094223;104.302101;105.397919,npp_d20151003_t1731466_e1737270_b20378,156.691,110.789,19.5248,98.0371,59.4201,65.6935
978,VBD_npp_d20151003_t1735436_x1147817E_y063428S_l2142_s1691_v23,2017-06-01 16:11:27,-6.342758,114.781654,23.0583,2015-10-03 17:35:43,2015-10-04 00:35:43,2142,1691,0.404338,1,2529,0.78072,0.13293,0.931586,0.4,0.93691,0.75,0.0158207,0.0001,6.6139e-09,999999,4.561919e-02,3,Indonesian Exclusive Economic Zone,WPP712,,SVDNB_npp_d20151003_t1731466_e1737270_b20378_c20151003233728467558_noaa_ops.h5,GDNBO_npp_d20151003_t1731466_e1737270_b20378_c20151003233728467298_noaa_ops.h5,SVI04_npp_d20151003_t1731466_e1737270_b20378_c20151003233728541959_noaa_ops.dspace_rad,VNFF_npp_d20151003_t1731466_e1737270_b20378_v21.csv,World_EEZ_v8_2014.shp,WPP_BFAR_merge.shp,KKP_IDN_merge_20161208.shp,VNF-VBD_npp_20120301-20151231_global_asia-enhanced_c201607211230.bitmask,NCEI_NGA.union.nga_lead2.add_2015ntl.mask,timezone.shp,VBD_platforms-recurring_2015_r20170330.shp,999999,VBD_bridges_c20160811.shp,9.202956;7.293124;4.987635;0.117751;-4.766567;-9.662423;-14.566307;-12.781590;-10.252750;-5.421471;-0.565886;4.309883,106.389061;120.204430;133.795395;132.636734;131.583801;130.626740;129.763702;115.696312;101.762085;103.094223;104.302101;105.397919,npp_d20151003_t1731466_e1737270_b20378,156.199,115.303,19.5241,97.9817,60.5532,64.7236
979,VBD_npp_d20151003_t1735542_x1146418E_y069419S_l2234_s1691_v23,2017-06-01 16:11:27,-6.941908,114.641830,15.876,2015-10-03 17:35:54,2015-10-04 00:35:54,2234,1691,0.403484,1,2529,0.622766,0.172566,0.872697,0.4,0.90792,0.75,0.0155706,0.0001,5.81605e-09,999999,-1.846498e-01,3,Indonesian Exclusive Economic Zone,WPP712,,SVDNB_npp_d20151003_t1731466_e1737270_b20378_c20151003233728467558_noaa_ops.h5,GDNBO_npp_d20151003_t1731466_e1737270_b20378_c20151003233728467298_noaa_ops.h5,SVI04_npp_d20151003_t1731466_e1737270_b20378_c20151003233728541959_noaa_ops.dspace_rad,VNFF_npp_d20151003_t1731466_e1737270_b20378_v21.csv,World_EEZ_v8_2014.shp,WPP_BFAR_merge.shp,KKP_IDN_merge_20161208.shp,VNF-VBD_npp_20120301-20151231_global_asia-enhanced_c201607211230.bitmask,NCEI_NGA.union.nga_lead2.add_2015ntl.mask,timezone.shp,VBD_platforms-recurring_2015_r20170330.shp,999999,VBD_bridges_c20160811.shp,9.202956;7.293124;4.987635;0.117751;-4.766567;-9.662423;-14.566307;-12.781590;-10.252750;-5.421471;-0.565886;4.309883,106.389061;120.204430;133.795395;132.636734;131.583801;130.626740;129.763702;115.696312;101.762085;103.094223;104.302101;105.397919,npp_d20151003_t1731466_e1737270_b20378,156.022,116.624,19.5185,98.694,60.9001,64.445
980,VBD_npp_d20151003_t1735542_x1146535E_y069577S_l2236_s1693_v23,2017-06-01 16:11:27,-6.957721,114.653534,6.43723,2015-10-03 17:35:54,2015-10-04 00:35:54,2236,1693,0.406685,1,2529,0.355372,0.167775,0.863318,0.4,0.824793,0.75,0.0155725,0.0001,6.04289e-09,999999,-1.388028e-01,3,Indonesian Exclusive Economic Zone,WPP712,,SVDNB_npp_d20151003_t1731466_e1737270_b20378_c20151003233728467558_noaa_ops.h5,GDNBO_npp_d20151003_t1731466_e1737270_b20378_c20151003233728467298_noaa_ops.h5,SVI04_npp_d20151003_t1731466_e1737270_b20378_c20151003233728541959_noaa_ops.dspace_rad,VNFF_npp_d20151003_t1731466_e1737270_b20378_v21.csv,World_EEZ_v8_2014.shp,WPP_BFAR_merge.shp,KKP_IDN_merge_20161208.shp,VNF-VBD_npp_20120301-20151231_global_asia-enhanced_c201607211230.bitmask,NCEI_NGA.union.nga_lead2.add_2015ntl.mask,timezone.shp,VBD_platforms-recurring_2015_r20170330.shp,999999,VBD_bridges_c20160811.shp,9.202956;7.293124;4.987635;0.117751;-4.766567;-9.662423;-14.566307;-12.781590;-10.252750;-5.421471;-0.565886;4.309883,106.389061;120.204430;133.795395;132.636734;131.583801;130.626740;129.763702;115.696312;101.762085;103.094223;104.302101;105.397919,npp_d20151003_t1731466_e1737270_b20378,156.004,116.643,19.4096,98.3517,60.8964,64.4325
981,VBD_npp_d20151003_t1735453_x1147905E_y063760S_l2147_s1694_v23,2017-06-01 16:11:27,-6.376033,114.790512,23.3655,2015-10-03 17:35:45,2015-10-04 00:35:45,2147,1694,0.401564,1,2529,0.758958,0.147782,0.918179,0.4,0.924277,0.75,0.0158182,0.0001,8.20367e-09,999999,-1.131539e-01,3,Indonesian Exclusive Economic Zone,WPP712,,SVDNB_npp_d20151003_t1731466_e1737270_b20378_c20151003233728467558_noaa_ops.h5,GDNBO_npp_d20151003_t1731466_e1737270_b20378_c20151003233728467298_noaa_ops.h5,SVI04_npp_d20151003_t1731466_e1737270_b20378_c20151003233728541959_noaa_ops.dspace_rad,VNFF_npp_d20151003_t1731466_e1737270_b20378_v21.csv,World_EEZ_v8_2014.shp,WPP_BFAR_merge.shp,KKP_IDN_merge_20161208.shp,VNF-VBD_npp_20120301-20151231_global_asia-enhanced_c201607211230.bitmask,NCEI_NGA.union.nga_lead2.add_2015ntl.mask,timezone.shp,VBD_platforms-recurring_2015_r20170330.shp,999999,VBD_bridges_c20160811.shp,9.202956;7.293124;4.987635;0.117751;-4.766567;-9.662423;-14.566307;-12.781590;-10.252750;-5.421471;-0.565886;4.309883,106.389061;120.204430;133.795395;132.636734;131.583801;130.626740;129.763702;115.696312;101.762085;103.094223;104.302101;105.397919,npp_d20151003_t1731466_e1737270_b20378,156.17,115.354,19.3558,99.8394,60.553,64.7003
982,VBD_npp_d20151003_t1735542_x1146638E_y069385S_l2233_s1694_v23,2017-06-01 16:11:27,-6.938488,114.663811,4.17959,2015-10-03 17:35:54,2015-10-04 00:35:54,2233,1694,0.407681,1,2529,0.248602,0.182575,0.872697,0.4,0.761749,0.75,0.0155843,0.0001,6.50884e-09,999999,-2.804344e-01,3,Indonesian Exclusive Economic Zone,WPP712,,SVDNB_npp_d20151003_t1731466_e1737270_b20378_c20151003233728467558_noaa_ops.h5,GDNBO_npp_d20151003_t1731466_e1737270_b20378_c20151003233728467298_noaa_ops.h5,SVI04_npp_d20151003_t1731466_e1737270_b20378_c20151003233728541959_noaa_ops.dspace_rad,VNFF_npp_d20151003_t1731466_e1737270_b20378_v21.csv,World_EEZ_v8_2014.shp,WPP_BFAR_merge.shp,KKP_IDN_merge_20161208.shp,VNF-VBD_npp_20120301-20151231_global_asia-enhanced_c201607211230.bitmask,NCEI_NGA.union.nga_lead2.add_2015ntl.mask,timezone.shp,VBD_platforms-recurring_2015_r20170330.shp,999999,VBD_bridges_c20160811.shp,9.202956;7.293124;4.987635;0.117751;-4.766567;-9.662423;-14.566307;-12.781590;-10.252750;-5.421471;-0.565886;4.309883,106.389061;120.204430;133.795395;132.636734;131.583801;130.626740;129.763702;115.696312;101.762085;103.094223;104.302101;105.397919,npp_d20151003_t1731466_e1737270_b20378,156.004,116.593,19.3527,98.858,60.8788,64.4387
983,VBD_npp_d20151003_t1735436_x1148161E_y063065S_l2136_s1695_v23,2017-06-01 16:11:27,-6.306505,114.816055,19.4985,2015-10-03 17:35:43,2015-10-04 00:35:43,2136,1695,0.406187,1,2529,0.686722,0.121792,0.915837,0.4,0.913916,0.75,0.0158517,0.0001,8.17346e-09,999999,1.646898e-01,3,Indonesian Exclusive Economic Zone,WPP712,,SVDNB_npp_d20151003_t1731466_e1737270_b20378_c20151003233728467558_noaa_ops.h5,GDNBO_npp_d20151003_t1731466_e1737270_b20378_c20151003233728467298_noaa_ops.h5,SVI04_npp_d20151003_t1731466_e1737270_b20378_c20151003233728541959_noaa_ops.dspace_rad,VNFF_npp_d20151003_t1731466_e1737270_b20378_v21.csv,World_EEZ_v8_2014.shp,WPP_BFAR_merge.shp,KKP_IDN_merge_20161208.shp,VNF-VBD_npp_20120301-20151231_global_asia-enhanced_c201607211230.bitmask,NCEI_NGA.union.nga_lead2.add_2015ntl.mask,timezone.shp,VBD_platforms-recurring_2015_r20170330.shp,999999,VBD_bridges_c20160811.shp,9.202956;7.293124;4.987635;0.117751;-4.766567;-9.662423;-14.566307;-12.781590;-10.252750;-5.421471;-0.565886;4.309883,106.389061;120.204430;133.795395;132.636734;131.583801;130.626740;129.763702;115.696312;101.762085;103.094223;104.302101;105.397919,npp_d20151003_t1731466_e1737270_b20378,156.183,115.192,19.2995,98.988,60.5064,64.7305
984,VBD_npp_d20151003_t1735436_x1148127E_y063268S_l2139_s1695_v23,2017-06-01 16:11:27,-6.326848,114.812744,13.1157,2015-10-03 17:35:43,2015-10-04 00:35:43,2139,1695,0.403484,1,2529,0.594992,0.121544,0.929988,0.4,0.895944,0.75,0.0158436,0.0001,7.84966e-09,999999,1.673345e-01,3,Indonesian Exclusive Economic Zone,WPP712,,SVDNB_npp_d20151003_t1731466_e1737270_b20378_c20151003233728467558_noaa_ops.h5,GDNBO_npp_d20151003_t1731466_e1737270_b20378_c20151003233728467298_noaa_ops.h5,SVI04_npp_d20151003_t1731466_e1737270_b20378_c20151003233728541959_noaa_ops.dspace_rad,VNFF_npp_d20151003_t1731466_e1737270_b20378_v21.csv,World_EEZ_v8_2014.shp,WPP_BFAR_merge.shp,KKP_IDN_merge_20161208.shp,VNF-VBD_npp_20120301-20151231_global_asia-enhanced_c201607211230.bitmask,NCEI_NGA.union.nga_lead2.add_2015ntl.mask,timezone.shp,VBD_platforms-recurring_2015_r20170330.shp,999999,VBD_bridges_c20160811.shp,9.202956;7.293124;4.987635;0.117751;-4.766567;-9.662423;-14.566307;-12.781590;-10.252750;-5.421471;-0.565886;4.309883,106.389061;120.204430;133.795395;132.636734;131.583801;130.626740;129.763702;115.696312;101.762085;103.094223;104.302101;105.397919,npp_d20151003_t1731466_e1737270_b20378,156.178,115.237,19.3009,98.4774,60.5181,64.7209
985,VBD_npp_d20151003_t1735436_x1148164E_y063483S_l2142_s1696_v23,2017-06-01 16:11:27,-6.348295,114.816399,8.3064,2015-10-03 17:35:43,2015-10-04 00:35:43,2142,1696,0.406401,1,2529,0.434828,0.12633,0.929988,0.4,0.856033,0.75,0.0158391,0.0001,7.78426e-09,999999,1.161739e-01,3,Indonesian Exclusive Economic Zone,WPP712,,SVDNB_npp_d20151003_t1731466_e1737270_b20378_c20151003233728467558_noaa_ops.h5,GDNBO_npp_d20151003_t1731466_e1737270_b20378_c20151003233728467298_noaa_ops.h5,SVI04_npp_d20151003_t1731466_e1737270_b20378_c20151003233728541959_noaa_ops.dspace_rad,VNFF_npp_d20151003_t1731466_e1737270_b20378_v21.csv,World_EEZ_v8_2014.shp,WPP_BFAR_merge.shp,KKP_IDN_merge_20161208.shp,VNF-VBD_npp_20120301-20151231_global_asia-enhanced_c201607211230.bitmask,NCEI_NGA.union.nga_lead2.add_2015ntl.mask,timezone.shp,VBD_platforms-recurring_2015_r20170330.shp,999999,VBD_bridges_c20160811.shp,9.202956;7.293124;4.987635;0.117751;-4.766567;-9.662423;-14.566307;-12.781590;-10.252750;-5.421471;-0.565886;4.309883,106.389061;120.204430;133.795395;132.636734;131.583801;130.626740;129.763702;115.696312;101.762085;103.094223;104.302101;105.397919,npp_d20151003_t1731466_e1737270_b20378,156.165,115.277,19.2485,97.9632,60.5241,64.7083
986,VBD_npp_d20151003_t1735542_x1146865E_y068865S_l2225_s1696_v23,2017-06-01 16:11:27,-6.886499,114.686539,21.2519,2015-10-03 17:35:54,2015-10-04 00:35:54,2225,1696,0.40384,1,2529,0.743497,0.185237,0.866834,0.4,0.939144,0.75,0.0156135,0.0001,7.74481e-09,999999,-3.059074e-01,3,Indonesian Exclusive Economic Zone,WPP712,,SVDNB_npp_d20151003_t1731466_e1737270_b20378_c20151003233728467558_noaa_ops.h5,GDNBO_npp_d20151003_t1731466_e1737270_b20378_c20151003233728467298_noaa_ops.h5,SVI04_npp_d20151003_t1731466_e1737270_b20378_c20151003233728541959_noaa_ops.dspace_rad,VNFF_npp_d20151003_t1731466_e1737270_b20378_v21.csv,World_EEZ_v8_2014.shp,WPP_BFAR_merge.shp,KKP_IDN_merge_20161208.shp,VNF-VBD_npp_20120301-20151231_global_asia-enhanced_c201607211230.bitmask,NCEI_NGA.union.nga_lead2.add_2015ntl.mask,timezone.shp,VBD_platforms-recurring_2015_r20170330.shp,999999,VBD_bridges_c20160811.shp,9.202956;7.293124;4.987635;0.117751;-4.766567;-9.662423;-14.566307;-12.781590;-10.252750;-5.421471;-0.565886;4.309883,106.389061;120.204430;133.795395;132.636734;131.583801;130.626740;129.763702;115.696312;101.762085;103.094223;104.302101;105.397919,npp_d20151003_t1731466_e1737270_b20378,156.007,116.463,19.2447,100.22,60.8357,64.4574
987,VBD_npp_d20151003_t1735453_x1147992E_y064540S_l2158_s1697_v23,2017-06-01 16:11:27,-6.453962,114.799225,18.6315,2015-10-03 17:35:45,2015-10-04 00:35:45,2158,1697,0.399786,1,2529,0.682278,0.159669,0.892954,0.4,0.912696,0.75,0.0157995,0.0001,7.7961e-09,999999,-6.123773e-02,3,Indonesian Exclusive Economic Zone,WPP712,,SVDNB_npp_d20151003_t1731466_e1737270_b20378_c20151003233728467558_noaa_ops.h5,GDNBO_npp_d20151003_t1731466_e1737270_b20378_c20151003233728467298_noaa_ops.h5,SVI04_npp_d20151003_t1731466_e1737270_b20378_c20151003233728541959_noaa_ops.dspace_rad,VNFF_npp_d20151003_t1731466_e1737270_b20378_v21.csv,World_EEZ_v8_2014.shp,WPP_BFAR_merge.shp,KKP_IDN_merge_20161208.shp,VNF-VBD_npp_20120301-20151231_global_asia-enhanced_c201607211230.bitmask,NCEI_NGA.union.nga_lead2.add_2015ntl.mask,timezone.shp,VBD_platforms-recurring_2015_r20170330.shp,999999,VBD_bridges_c20160811.shp,9.202956;7.293124;4.987635;0.117751;-4.766567;-9.662423;-14.566307;-12.781590;-10.252750;-5.421471;-0.565886;4.309883,106.389061;120.204430;133.795395;132.636734;131.583801;130.626740;129.763702;115.696312;101.762085;103.094223;104.302101;105.397919,npp_d20151003_t1731466_e1737270_b20378,156.129,115.504,19.1937,97.9613,60.5787,64.6561
988,VBD_npp_d20151003_t1735453_x1148204E_y063670S_l2145_s1698_v23,2017-06-01 16:11:27,-6.366994,114.820442,13.0107,2015-10-03 17:35:45,2015-10-04 00:35:45,2145,1698,0.405476,1,2529,0.537603,0.105354,0.931196,0.4,0.847774,0.75,0.0158384,0.0001,9.58581e-09,999999,3.404065e-01,3,Indonesian Exclusive Economic Zone,WPP712,,SVDNB_npp_d20151003_t1731466_e1737270_b20378_c20151003233728467558_noaa_ops.h5,GDNBO_npp_d20151003_t1731466_e1737270_b20378_c20151003233728467298_noaa_ops.h5,SVI04_npp_d20151003_t1731466_e1737270_b20378_c20151003233728541959_noaa_ops.dspace_rad,VNFF_npp_d20151003_t1731466_e1737270_b20378_v21.csv,World_EEZ_v8_2014.shp,WPP_BFAR_merge.shp,KKP_IDN_merge_20161208.shp,VNF-VBD_npp_20120301-20151231_global_asia-enhanced_c201607211230.bitmask,NCEI_NGA.union.nga_lead2.add_2015ntl.mask,timezone.shp,VBD_platforms-recurring_2015_r20170330.shp,999999,VBD_bridges_c20160811.shp,9.202956;7.293124;4.987635;0.117751;-4.766567;-9.662423;-14.566307;-12.781590;-10.252750;-5.421471;-0.565886;4.309883,106.389061;120.204430;133.795395;132.636734;131.583801;130.626740;129.763702;115.696312;101.762085;103.094223;104.302101;105.397919,npp_d20151003_t1731466_e1737270_b20378,156.147,115.303,19.137,100.188,60.522,64.6944
989,VBD_npp_d20151003_t1735453_x1148139E_y064076S_l2151_s1698_v23,2017-06-01 16:11:27,-6.407643,114.813858,17.5171,2015-10-03 17:35:45,2015-10-04 00:35:45,2151,1698,0.398434,1,2529,0.64779,0.133902,0.901841,0.4,0.891291,0.75,0.0158221,0.0001,8.85247e-09,999999,3.522692e-02,3,Indonesian Exclusive Economic Zone,WPP712,,SVDNB_npp_d20151003_t1731466_e1737270_b20378_c20151003233728467558_noaa_ops.h5,GDNBO_npp_d20151003_t1731466_e1737270_b20378_c20151003233728467298_noaa_ops.h5,SVI04_npp_d20151003_t1731466_e1737270_b20378_c20151003233728541959_noaa_ops.dspace_rad,VNFF_npp_d20151003_t1731466_e1737270_b20378_v21.csv,World_EEZ_v8_2014.shp,WPP_BFAR_merge.shp,KKP_IDN_merge_20161208.shp,VNF-VBD_npp_20120301-20151231_global_asia-enhanced_c201607211230.bitmask,NCEI_NGA.union.nga_lead2.add_2015ntl.mask,timezone.shp,VBD_platforms-recurring_2015_r20170330.shp,999999,VBD_bridges_c20160811.shp,9.202956;7.293124;4.987635;0.117751;-4.766567;-9.662423;-14.566307;-12.781590;-10.252750;-5.421471;-0.565886;4.309883,106.389061;120.204430;133.795395;132.636734;131.583801;130.626740;129.763702;115.696312;101.762085;103.094223;104.302101;105.397919,npp_d20151003_t1731466_e1737270_b20378,156.135,115.393,19.1343,99.1586,60.5455,64.6753
990,VBD_npp_d20151003_t1735436_x1148416E_y063245S_l2138_s1699_v23,2017-06-01 16:11:27,-6.324517,114.841568,8.07295,2015-10-03 17:35:43,2015-10-04 00:35:43,2138,1699,0.405192,1,2529,0.431909,0.122164,0.898113,0.4,0.867881,0.75,0.015861,0.0001,9.05338e-09,999999,1.607131e-01,3,Indonesian Exclusive Economic Zone,WPP712,,SVDNB_npp_d20151003_t1731466_e1737270_b20378_c20151003233728467558_noaa_ops.h5,GDNBO_npp_d20151003_t1731466_e1737270_b20378_c20151003233728467298_noaa_ops.h5,SVI04_npp_d20151003_t1731466_e1737270_b20378_c20151003233728541959_noaa_ops.dspace_rad,VNFF_npp_d20151003_t1731466_e1737270_b20378_v21.csv,World_EEZ_v8_2014.shp,WPP_BFAR_merge.shp,KKP_IDN_merge_20161208.shp,VNF-VBD_npp_20120301-20151231_global_asia-enhanced_c201607211230.bitmask,NCEI_NGA.union.nga_lead2.add_2015ntl.mask,timezone.shp,VBD_platforms-recurring_2015_r20170330.shp,999999,VBD_bridges_c20160811.shp,9.202956;7.293124;4.987635;0.117751;-4.766567;-9.662423;-14.566307;-12.781590;-10.252750;-5.421471;-0.565886;4.309883,106.389061;120.204430;133.795395;132.636734;131.583801;130.626740;129.763702;115.696312;101.762085;103.094223;104.302101;105.397919,npp_d20151003_t1731466_e1737270_b20378,156.153,115.202,19.0798,98.6401,60.491,64.7118
991,VBD_npp_d20151003_t1735436_x1148430E_y063595S_l2143_s1700_v23,2017-06-01 16:11:27,-6.359481,114.843002,13.2869,2015-10-03 17:35:43,2015-10-04 00:35:43,2143,1700,0.40825,1,2529,0.581343,0.11378,0.917912,0.4,0.882194,0.75,0.0158512,0.0001,8.73651e-09,999999,2.503336e-01,3,Indonesian Exclusive Economic Zone,WPP712,,SVDNB_npp_d20151003_t1731466_e1737270_b20378_c20151003233728467558_noaa_ops.h5,GDNBO_npp_d20151003_t1731466_e1737270_b20378_c20151003233728467298_noaa_ops.h5,SVI04_npp_d20151003_t1731466_e1737270_b20378_c20151003233728541959_noaa_ops.dspace_rad,VNFF_npp_d20151003_t1731466_e1737270_b20378_v21.csv,World_EEZ_v8_2014.shp,WPP_BFAR_merge.shp,KKP_IDN_merge_20161208.shp,VNF-VBD_npp_20120301-20151231_global_asia-enhanced_c201607211230.bitmask,NCEI_NGA.union.nga_lead2.add_2015ntl.mask,timezone.shp,VBD_platforms-recurring_2015_r20170330.shp,999999,VBD_bridges_c20160811.shp,9.202956;7.293124;4.987635;0.117751;-4.766567;-9.662423;-14.566307;-12.781590;-10.252750;-5.421471;-0.565886;4.309883,106.389061;120.204430;133.795395;132.636734;131.583801;130.626740;129.763702;115.696312;101.762085;103.094223;104.302101;105.397919,npp_d20151003_t1731466_e1737270_b20378,156.137,115.272,19.0294,97.7756,60.5048,64.6928
992,VBD_npp_d20151003_t1735542_x1147032E_y069587S_l2235_s1700_v23,2017-06-01 16:11:27,-6.958747,114.703247,9.36961,2015-10-03 17:35:54,2015-10-04 00:35:54,2235,1700,0.408606,1,2529,0.500363,0.150831,0.848992,0.4,0.900273,0.75,0.015601,0.0001,7.7003e-09,999999,2.333641e-02,3,Indonesian Exclusive Economic Zone,WPP712,,SVDNB_npp_d20151003_t1731466_e1737270_b20378_c20151003233728467558_noaa_ops.h5,GDNBO_npp_d20151003_t1731466_e1737270_b20378_c20151003233728467298_noaa_ops.h5,SVI04_npp_d20151003_t1731466_e1737270_b20378_c20151003233728541959_noaa_ops.dspace_rad,VNFF_npp_d20151003_t1731466_e1737270_b20378_v21.csv,World_EEZ_v8_2014.shp,WPP_BFAR_merge.shp,KKP_IDN_merge_20161208.shp,VNF-VBD_npp_20120301-20151231_global_asia-enhanced_c201607211230.bitmask,NCEI_NGA.union.nga_lead2.add_2015ntl.mask,timezone.shp,VBD_platforms-recurring_2015_r20170330.shp,999999,VBD_bridges_c20160811.shp,9.202956;7.293124;4.987635;0.117751;-4.766567;-9.662423;-14.566307;-12.781590;-10.252750;-5.421471;-0.565886;4.309883,106.389061;120.204430;133.795395;132.636734;131.583801;130.626740;129.763702;115.696312;101.762085;103.094223;104.302101;105.397919,npp_d20151003_t1731466_e1737270_b20378,155.96,116.589,19.023,98.5041,60.852,64.4137
993,VBD_npp_d20151003_t1735436_x1148532E_y063403S_l2140_s1701_v23,2017-06-01 16:11:27,-6.340275,114.853210,12.8393,2015-10-03 17:35:43,2015-10-04 00:35:43,2140,1701,0.403982,1,2529,0.569661,0.111297,0.914944,0.4,0.896013,0.75,0.015863,0.0001,9.3965e-09,999999,2.768810e-01,3,Indonesian Exclusive Economic Zone,WPP712,,SVDNB_npp_d20151003_t1731466_e1737270_b20378_c20151003233728467558_noaa_ops.h5,GDNBO_npp_d20151003_t1731466_e1737270_b20378_c20151003233728467298_noaa_ops.h5,SVI04_npp_d20151003_t1731466_e1737270_b20378_c20151003233728541959_noaa_ops.dspace_rad,VNFF_npp_d20151003_t1731466_e1737270_b20378_v21.csv,World_EEZ_v8_2014.shp,WPP_BFAR_merge.shp,KKP_IDN_merge_20161208.shp,VNF-VBD_npp_20120301-20151231_global_asia-enhanced_c201607211230.bitmask,NCEI_NGA.union.nga_lead2.add_2015ntl.mask,timezone.shp,VBD_platforms-recurring_2015_r20170330.shp,999999,VBD_bridges_c20160811.shp,9.202956;7.293124;4.987635;0.117751;-4.766567;-9.662423;-14.566307;-12.781590;-10.252750;-5.421471;-0.565886;4.309883,106.389061;120.204430;133.795395;132.636734;131.583801;130.626740;129.763702;115.696312;101.762085;103.094223;104.302101;105.397919,npp_d20151003_t1731466_e1737270_b20378,156.136,115.221,18.971,98.2903,60.4873,64.6993
994,VBD_npp_d20151003_t1735453_x1148324E_y064245S_l2153_s1701_v23,2017-06-01 16:11:27,-6.424533,114.832420,15.2486,2015-10-03 17:35:45,2015-10-04 00:35:45,2153,1701,0.408037,1,2529,0.581287,0.135304,0.894077,0.4,0.886043,0.75,0.0158278,0.0001,9.49049e-09,999999,2.023711e-02,3,Indonesian Exclusive Economic Zone,WPP712,,SVDNB_npp_d20151003_t1731466_e1737270_b20378_c20151003233728467558_noaa_ops.h5,GDNBO_npp_d20151003_t1731466_e1737270_b20378_c20151003233728467298_noaa_ops.h5,SVI04_npp_d20151003_t1731466_e1737270_b20378_c20151003233728541959_noaa_ops.dspace_rad,VNFF_npp_d20151003_t1731466_e1737270_b20378_v21.csv,World_EEZ_v8_2014.shp,WPP_BFAR_merge.shp,KKP_IDN_merge_20161208.shp,VNF-VBD_npp_20120301-20151231_global_asia-enhanced_c201607211230.bitmask,NCEI_NGA.union.nga_lead2.add_2015ntl.mask,timezone.shp,VBD_platforms-recurring_2015_r20170330.shp,999999,VBD_bridges_c20160811.shp,9.202956;7.293124;4.987635;0.117751;-4.766567;-9.662423;-14.566307;-12.781590;-10.252750;-5.421471;-0.565886;4.309883,106.389061;120.204430;133.795395;132.636734;131.583801;130.626740;129.763702;115.696312;101.762085;103.094223;104.302101;105.397919,npp_d20151003_t1731466_e1737270_b20378,156.112,115.408,18.9694,98.8112,60.536,64.6596
995,VBD_npp_d20151003_t1735453_x1148437E_y063986S_l2149_s1702_v23,2017-06-01 16:11:27,-6.398577,114.843704,17.2209,2015-10-03 17:35:45,2015-10-04 00:35:45,2149,1702,0.405974,1,2529,0.640595,0.123485,0.908907,0.4,0.8886,0.75,0.0158423,0.0001,1.03364e-08,999999,1.465844e-01,3,Indonesian Exclusive Economic Zone,WPP712,,SVDNB_npp_d20151003_t1731466_e1737270_b20378_c20151003233728467558_noaa_ops.h5,GDNBO_npp_d20151003_t1731466_e1737270_b20378_c20151003233728467298_noaa_ops.h5,SVI04_npp_d20151003_t1731466_e1737270_b20378_c20151003233728541959_noaa_ops.dspace_rad,VNFF_npp_d20151003_t1731466_e1737270_b20378_v21.csv,World_EEZ_v8_2014.shp,WPP_BFAR_merge.shp,KKP_IDN_merge_20161208.shp,VNF-VBD_npp_20120301-20151231_global_asia-enhanced_c201607211230.bitmask,NCEI_NGA.union.nga_lead2.add_2015ntl.mask,timezone.shp,VBD_platforms-recurring_2015_r20170330.shp,999999,VBD_bridges_c20160811.shp,9.202956;7.293124;4.987635;0.117751;-4.766567;-9.662423;-14.566307;-12.781590;-10.252750;-5.421471;-0.565886;4.309883,106.389061;120.204430;133.795395;132.636734;131.583801;130.626740;129.763702;115.696312;101.762085;103.094223;104.302101;105.397919,npp_d20151003_t1731466_e1737270_b20378,156.113,115.343,18.9141,99.5039,60.5145,64.6693
996,VBD_npp_d20151003_t1735151_x1152566E_y046311S_l1878_s1703_v23,2017-06-01 16:11:27,-4.631074,115.256599,6.44459,2015-10-03 17:35:15,2015-10-04 01:35:15,1878,1703,0.389258,1,2529,0.405834,0.143155,0.767253,0.4,0.895187,0.75,0.0164387,0.0001,1.72478e-08,999999,-6.368377e-02,3,Indonesian Exclusive Economic Zone,WPP712,,SVDNB_npp_d20151003_t1731466_e1737270_b20378_c20151003233728467558_noaa_ops.h5,GDNBO_npp_d20151003_t1731466_e1737270_b20378_c20151003233728467298_noaa_ops.h5,SVI04_npp_d20151003_t1731466_e1737270_b20378_c20151003233728541959_noaa_ops.dspace_rad,VNFF_npp_d20151003_t1731466_e1737270_b20378_v21.csv,World_EEZ_v8_2014.shp,WPP_BFAR_merge.shp,KKP_IDN_merge_20161208.shp,VNF-VBD_npp_20120301-20151231_global_asia-enhanced_c201607211230.bitmask,NCEI_NGA.union.nga_lead2.add_2015ntl.mask,timezone.shp,VBD_platforms-recurring_2015_r20170330.shp,999999,VBD_bridges_c20160811.shp,9.202956;7.293124;4.987635;0.117751;-4.766567;-9.662423;-14.566307;-12.781590;-10.252750;-5.421471;-0.565886;4.309883,106.389061;120.204430;133.795395;132.636734;131.583801;130.626740;129.763702;115.696312;101.762085;103.094223;104.302101;105.397919,npp_d20151003_t1731466_e1737270_b20378,156.551,111.353,18.8555,99.2385,59.4986,65.525
997,VBD_npp_d20151003_t1735542_x1147414E_y069857S_l2238_s1706_v23,2017-06-01 16:11:27,-6.985690,114.741425,14.7876,2015-10-03 17:35:54,2015-10-04 00:35:54,2238,1706,0.407326,1,2529,0.621563,0.145887,0.866661,0.4,0.912995,0.75,0.0156149,0.0001,8.96212e-09,999999,7.064147e-02,3,Indonesian Exclusive Economic Zone,WPP712,,SVDNB_npp_d20151003_t1731466_e1737270_b20378_c20151003233728467558_noaa_ops.h5,GDNBO_npp_d20151003_t1731466_e1737270_b20378_c20151003233728467298_noaa_ops.h5,SVI04_npp_d20151003_t1731466_e1737270_b20378_c20151003233728541959_noaa_ops.dspace_rad,VNFF_npp_d20151003_t1731466_e1737270_b20378_v21.csv,World_EEZ_v8_2014.shp,WPP_BFAR_merge.shp,KKP_IDN_merge_20161208.shp,VNF-VBD_npp_20120301-20151231_global_asia-enhanced_c201607211230.bitmask,NCEI_NGA.union.nga_lead2.add_2015ntl.mask,timezone.shp,VBD_platforms-recurring_2015_r20170330.shp,999999,VBD_bridges_c20160811.shp,9.202956;7.293124;4.987635;0.117751;-4.766567;-9.662423;-14.566307;-12.781590;-10.252750;-5.421471;-0.565886;4.309883,106.389061;120.204430;133.795395;132.636734;131.583801;130.626740;129.763702;115.696312;101.762085;103.094223;104.302101;105.397919,npp_d20151003_t1731466_e1737270_b20378,155.914,116.6,18.6954,97.9628,60.8293,64.3855
998,VBD_npp_d20151003_t1735453_x1148771E_y064109S_l2150_s1707_v23,2017-06-01 16:11:27,-6.410921,114.877129,17.3487,2015-10-03 17:35:45,2015-10-04 00:35:45,2150,1707,0.402417,1,2529,0.678759,0.136119,0.883192,0.4,0.89873,0.75,0.0158581,0.0001,1.19556e-08,999999,1.152897e-02,3,Indonesian Exclusive Economic Zone,WPP712,,SVDNB_npp_d20151003_t1731466_e1737270_b20378_c20151003233728467558_noaa_ops.h5,GDNBO_npp_d20151003_t1731466_e1737270_b20378_c20151003233728467298_noaa_ops.h5,SVI04_npp_d20151003_t1731466_e1737270_b20378_c20151003233728541959_noaa_ops.dspace_rad,VNFF_npp_d20151003_t1731466_e1737270_b20378_v21.csv,World_EEZ_v8_2014.shp,WPP_BFAR_merge.shp,KKP_IDN_merge_20161208.shp,VNF-VBD_npp_20120301-20151231_global_asia-enhanced_c201607211230.bitmask,NCEI_NGA.union.nga_lead2.add_2015ntl.mask,timezone.shp,VBD_platforms-recurring_2015_r20170330.shp,999999,VBD_bridges_c20160811.shp,9.202956;7.293124;4.987635;0.117751;-4.766567;-9.662423;-14.566307;-12.781590;-10.252750;-5.421471;-0.565886;4.309883,106.389061;120.204430;133.795395;132.636734;131.583801;130.626740;129.763702;115.696312;101.762085;103.094223;104.302101;105.397919,npp_d20151003_t1731466_e1737270_b20378,156.077,115.332,18.6385,99.3305,60.4896,64.6507
999,VBD_npp_d20151003_t1735542_x1147651E_y069271S_l2229_s1708_v23,2017-06-01 16:11:27,-6.927093,114.765129,12.8077,2015-10-03 17:35:54,2015-10-04 00:35:54,2229,1708,0.409317,1,2529,0.613342,0.154594,0.851374,0.4,0.928668,0.75,0.0156468,0.0001,1.07972e-08,999999,-1.267350e-02,3,Indonesian Exclusive Economic Zone,WPP712,,SVDNB_npp_d20151003_t1731466_e1737270_b20378_c20151003233728467558_noaa_ops.h5,GDNBO_npp_d20151003_t1731466_e1737270_b20378_c20151003233728467298_noaa_ops.h5,SVI04_npp_d20151003_t1731466_e1737270_b20378_c20151003233728541959_noaa_ops.dspace_rad,VNFF_npp_d20151003_t1731466_e1737270_b20378_v21.csv,World_EEZ_v8_2014.shp,WPP_BFAR_merge.shp,KKP_IDN_merge_20161208.shp,VNF-VBD_npp_20120301-20151231_global_asia-enhanced_c201607211230.bitmask,NCEI_NGA.union.nga_lead2.add_2015ntl.mask,timezone.shp,VBD_platforms-recurring_2015_r20170330.shp,999999,VBD_bridges_c20160811.shp,9.202956;7.293124;4.987635;0.117751;-4.766567;-9.662423;-14.566307;-12.781590;-10.252750;-5.421471;-0.565886;4.309883,106.389061;120.204430;133.795395;132.636734;131.583801;130.626740;129.763702;115.696312;101.762085;103.094223;104.302101;105.397919,npp_d20151003_t1731466_e1737270_b20378,155.919,116.457,18.5811,99.5434,60.7824,64.4073
1000,VBD_npp_d20151003_t1735453_x1148953E_y063861S_l2146_s1709_v23,2017-06-01 16:11:27,-6.386132,114.895271,14.8772,2015-10-03 17:35:45,2015-10-04 00:35:45,2146,1709,0.405974,1,2529,0.609856,0.122414,0.877338,0.4,0.902194,0.75,0.0158763,0.0001,1.3421e-08,999999,1.580340e-01,3,Indonesian Exclusive Economic Zone,WPP712,,SVDNB_npp_d20151003_t1731466_e1737270_b20378_c20151003233728467558_noaa_ops.h5,GDNBO_npp_d20151003_t1731466_e1737270_b20378_c20151003233728467298_noaa_ops.h5,SVI04_npp_d20151003_t1731466_e1737270_b20378_c20151003233728541959_noaa_ops.dspace_rad,VNFF_npp_d20151003_t1731466_e1737270_b20378_v21.csv,World_EEZ_v8_2014.shp,WPP_BFAR_merge.shp,KKP_IDN_merge_20161208.shp,VNF-VBD_npp_20120301-20151231_global_asia-enhanced_c201607211230.bitmask,NCEI_NGA.union.nga_lead2.add_2015ntl.mask,timezone.shp,VBD_platforms-recurring_2015_r20170330.shp,999999,VBD_bridges_c20160811.shp,9.202956;7.293124;4.987635;0.117751;-4.766567;-9.662423;-14.566307;-12.781590;-10.252750;-5.421471;-0.565886;4.309883,106.389061;120.204430;133.795395;132.636734;131.583801;130.626740;129.763702;115.696312;101.762085;103.094223;104.302101;105.397919,npp_d20151003_t1731466_e1737270_b20378,156.072,115.262,18.5302,100.039,60.4625,64.6573
1001,VBD_npp_d20151003_t1735542_x1147610E_y069957S_l2239_s1709_v23,2017-06-01 16:11:27,-6.995748,114.761017,28.3964,2015-10-03 17:35:54,2015-10-04 00:35:54,2239,1709,0.409744,1,2529,0.801042,0.135016,0.869684,0.4,0.925286,0.75,0.0156232,0.0001,9.72633e-09,999999,1.746698e-01,3,Indonesian Exclusive Economic Zone,WPP712,,SVDNB_npp_d20151003_t1731466_e1737270_b20378_c20151003233728467558_noaa_ops.h5,GDNBO_npp_d20151003_t1731466_e1737270_b20378_c20151003233728467298_noaa_ops.h5,SVI04_npp_d20151003_t1731466_e1737270_b20378_c20151003233728541959_noaa_ops.dspace_rad,VNFF_npp_d20151003_t1731466_e1737270_b20378_v21.csv,World_EEZ_v8_2014.shp,WPP_BFAR_merge.shp,KKP_IDN_merge_20161208.shp,VNF-VBD_npp_20120301-20151231_global_asia-enhanced_c201607211230.bitmask,NCEI_NGA.union.nga_lead2.add_2015ntl.mask,timezone.shp,VBD_platforms-recurring_2015_r20170330.shp,999999,VBD_bridges_c20160811.shp,9.202956;7.293124;4.987635;0.117751;-4.766567;-9.662423;-14.566307;-12.781590;-10.252750;-5.421471;-0.565886;4.309883,106.389061;120.204430;133.795395;132.636734;131.583801;130.626740;129.763702;115.696312;101.762085;103.094223;104.302101;105.397919,npp_d20151003_t1731466_e1737270_b20378,155.892,116.599,18.5315,97.7737,60.816,64.3731
1002,VBD_npp_d20151003_t1735542_x1147737E_y070047S_l2240_s1711_v23,2017-06-01 16:11:27,-7.004694,114.773689,26.4135,2015-10-03 17:35:54,2015-10-04 00:35:54,2240,1711,0.410882,1,2529,0.721142,0.128235,0.854283,0.4,0.909432,0.75,0.0156279,0.0001,1.02209e-08,999999,2.395598e-01,3,Indonesian Exclusive Economic Zone,WPP712,,SVDNB_npp_d20151003_t1731466_e1737270_b20378_c20151003233728467558_noaa_ops.h5,GDNBO_npp_d20151003_t1731466_e1737270_b20378_c20151003233728467298_noaa_ops.h5,SVI04_npp_d20151003_t1731466_e1737270_b20378_c20151003233728541959_noaa_ops.dspace_rad,VNFF_npp_d20151003_t1731466_e1737270_b20378_v21.csv,World_EEZ_v8_2014.shp,WPP_BFAR_merge.shp,KKP_IDN_merge_20161208.shp,VNF-VBD_npp_20120301-20151231_global_asia-enhanced_c201607211230.bitmask,NCEI_NGA.union.nga_lead2.add_2015ntl.mask,timezone.shp,VBD_platforms-recurring_2015_r20170330.shp,999999,VBD_bridges_c20160811.shp,9.202956;7.293124;4.987635;0.117751;-4.766567;-9.662423;-14.566307;-12.781590;-10.252750;-5.421471;-0.565886;4.309883,106.389061;120.204430;133.795395;132.636734;131.583801;130.626740;129.763702;115.696312;101.762085;103.094223;104.302101;105.397919,npp_d20151003_t1731466_e1737270_b20378,155.876,116.602,18.4229,97.5865,60.8084,64.3637
1003,VBD_npp_d20151003_t1735560_x1147701E_y070226S_l2243_s1712_v23,2017-06-01 16:11:27,-7.022595,114.770103,10.8309,2015-10-03 17:35:56,2015-10-04 00:35:56,2243,1712,0.407326,8,18913,0.463138,0.150881,0.827572,0.4,0.831733,0.75,0.0156234,0.0001,1.21748e-08,999999,2.285616e-02,3,Indonesian Exclusive Economic Zone,WPP712,,SVDNB_npp_d20151003_t1731466_e1737270_b20378_c20151003233728467558_noaa_ops.h5,GDNBO_npp_d20151003_t1731466_e1737270_b20378_c20151003233728467298_noaa_ops.h5,SVI04_npp_d20151003_t1731466_e1737270_b20378_c20151003233728541959_noaa_ops.dspace_rad,VNFF_npp_d20151003_t1731466_e1737270_b20378_v21.csv,World_EEZ_v8_2014.shp,WPP_BFAR_merge.shp,KKP_IDN_merge_20161208.shp,VNF-VBD_npp_20120301-20151231_global_asia-enhanced_c201607211230.bitmask,NCEI_NGA.union.nga_lead2.add_2015ntl.mask,timezone.shp,VBD_platforms-recurring_2015_r20170330.shp,0.760513,VBD_bridges_c20160811.shp,9.202956;7.293124;4.987635;0.117751;-4.766567;-9.662423;-14.566307;-12.781590;-10.252750;-5.421471;-0.565886;4.309883,106.389061;120.204430;133.795395;132.636734;131.583801;130.626740;129.763702;115.696312;101.762085;103.094223;104.302101;105.397919,npp_d20151003_t1731466_e1737270_b20378,155.865,116.634,18.3668,99.9023,60.8131,64.3531
1004,VBD_npp_d20151003_t1735560_x1147781E_y070170S_l2242_s1713_v23,2017-06-01 16:11:27,-7.016967,114.778076,7.06953,2015-10-03 17:35:56,2015-10-04 00:35:56,2242,1713,0.406614,7,2465,0.25201,0.150781,0.854283,0.4,0.669052,0.75,0.0156298,0.0001,1.27322e-08,999999,2.381444e-02,3,,,,SVDNB_npp_d20151003_t1731466_e1737270_b20378_c20151003233728467558_noaa_ops.h5,GDNBO_npp_d20151003_t1731466_e1737270_b20378_c20151003233728467298_noaa_ops.h5,SVI04_npp_d20151003_t1731466_e1737270_b20378_c20151003233728541959_noaa_ops.dspace_rad,VNFF_npp_d20151003_t1731466_e1737270_b20378_v21.csv,World_EEZ_v8_2014.shp,WPP_BFAR_merge.shp,KKP_IDN_merge_20161208.shp,VNF-VBD_npp_20120301-20151231_global_asia-enhanced_c201607211230.bitmask,NCEI_NGA.union.nga_lead2.add_2015ntl.mask,timezone.shp,VBD_platforms-recurring_2015_r20170330.shp,999999,VBD_bridges_c20160811.shp,9.202956;7.293124;4.987635;0.117751;-4.766567;-9.662423;-14.566307;-12.781590;-10.252750;-5.421471;-0.565886;4.309883,106.389061;120.204430;133.795395;132.636734;131.583801;130.626740;129.763702;115.696312;101.762085;103.094223;104.302101;105.397919,npp_d20151003_t1731466_e1737270_b20378,155.86,116.614,18.3125,100.083,60.8034,64.353
1005,VBD_npp_d20151003_t1735560_x1147828E_y070316S_l2244_s1714_v23,2017-06-01 16:11:27,-7.031577,114.782753,6.61856,2015-10-03 17:35:56,2015-10-04 00:35:56,2244,1714,0.406828,7,2465,0.306234,0.177979,0.827572,0.4,0.745679,0.75,0.015628,0.0001,1.27927e-08,999999,-2.364490e-01,3,,,,SVDNB_npp_d20151003_t1731466_e1737270_b20378_c20151003233728467558_noaa_ops.h5,GDNBO_npp_d20151003_t1731466_e1737270_b20378_c20151003233728467298_noaa_ops.h5,SVI04_npp_d20151003_t1731466_e1737270_b20378_c20151003233728541959_noaa_ops.dspace_rad,VNFF_npp_d20151003_t1731466_e1737270_b20378_v21.csv,World_EEZ_v8_2014.shp,WPP_BFAR_merge.shp,KKP_IDN_merge_20161208.shp,VNF-VBD_npp_20120301-20151231_global_asia-enhanced_c201607211230.bitmask,NCEI_NGA.union.nga_lead2.add_2015ntl.mask,timezone.shp,VBD_platforms-recurring_2015_r20170330.shp,999999,VBD_bridges_c20160811.shp,9.202956;7.293124;4.987635;0.117751;-4.766567;-9.662423;-14.566307;-12.781590;-10.252750;-5.421471;-0.565886;4.309883,106.389061;120.204430;133.795395;132.636734;131.583801;130.626740;129.763702;115.696312;101.762085;103.094223;104.302101;105.397919,npp_d20151003_t1731466_e1737270_b20378,155.85,116.638,18.2561,99.7258,60.8056,64.3437
1006,VBD_npp_d20151003_t1735560_x1147907E_y070260S_l2243_s1715_v23,2017-06-01 16:11:27,-7.025950,114.790710,16.6762,2015-10-03 17:35:56,2015-10-04 00:35:56,2243,1715,0.407966,8,18913,0.566859,0.171047,0.789245,0.4,0.881896,0.75,0.0156344,0.0001,1.33771e-08,999999,-1.701173e-01,3,Indonesian Exclusive Economic Zone,WPP712,,SVDNB_npp_d20151003_t1731466_e1737270_b20378_c20151003233728467558_noaa_ops.h5,GDNBO_npp_d20151003_t1731466_e1737270_b20378_c20151003233728467298_noaa_ops.h5,SVI04_npp_d20151003_t1731466_e1737270_b20378_c20151003233728541959_noaa_ops.dspace_rad,VNFF_npp_d20151003_t1731466_e1737270_b20378_v21.csv,World_EEZ_v8_2014.shp,WPP_BFAR_merge.shp,KKP_IDN_merge_20161208.shp,VNF-VBD_npp_20120301-20151231_global_asia-enhanced_c201607211230.bitmask,NCEI_NGA.union.nga_lead2.add_2015ntl.mask,timezone.shp,VBD_platforms-recurring_2015_r20170330.shp,0.149329,VBD_bridges_c20160811.shp,9.202956;7.293124;4.987635;0.117751;-4.766567;-9.662423;-14.566307;-12.781590;-10.252750;-5.421471;-0.565886;4.309883,106.389061;120.204430;133.795395;132.636734;131.583801;130.626740;129.763702;115.696312;101.762085;103.094223;104.302101;105.397919,npp_d20151003_t1731466_e1737270_b20378,155.845,116.618,18.2017,99.907,60.7959,64.3437
1007,VBD_npp_d20151003_t1735453_x1149433E_y063939S_l2146_s1716_v23,2017-06-01 16:11:27,-6.393948,114.943298,6.83711,2015-10-03 17:35:45,2015-10-04 00:35:45,2146,1716,0.404978,1,2529,0.424052,0.128559,0.886434,0.4,0.876024,0.75,0.0159021,0.0001,1.66924e-08,999999,9.234429e-02,3,Indonesian Exclusive Economic Zone,WPP712,,SVDNB_npp_d20151003_t1731466_e1737270_b20378_c20151003233728467558_noaa_ops.h5,GDNBO_npp_d20151003_t1731466_e1737270_b20378_c20151003233728467298_noaa_ops.h5,SVI04_npp_d20151003_t1731466_e1737270_b20378_c20151003233728541959_noaa_ops.dspace_rad,VNFF_npp_d20151003_t1731466_e1737270_b20378_v21.csv,World_EEZ_v8_2014.shp,WPP_BFAR_merge.shp,KKP_IDN_merge_20161208.shp,VNF-VBD_npp_20120301-20151231_global_asia-enhanced_c201607211230.bitmask,NCEI_NGA.union.nga_lead2.add_2015ntl.mask,timezone.shp,VBD_platforms-recurring_2015_r20170330.shp,999999,VBD_bridges_c20160811.shp,9.202956;7.293124;4.987635;0.117751;-4.766567;-9.662423;-14.566307;-12.781590;-10.252750;-5.421471;-0.565886;4.309883,106.389061;120.204430;133.795395;132.636734;131.583801;130.626740;129.763702;115.696312;101.762085;103.094223;104.302101;105.397919,npp_d20151003_t1731466_e1737270_b20378,156.025,115.227,18.145,100.054,60.4223,64.6358
1008,VBD_npp_d20151003_t1735453_x1149368E_y064344S_l2152_s1716_v23,2017-06-01 16:11:27,-6.434391,114.936760,15.949,2015-10-03 17:35:45,2015-10-04 00:35:45,2152,1716,0.404978,1,2529,0.688562,0.13358,0.887445,0.4,0.927799,0.75,0.0158859,0.0001,1.54289e-08,999999,3.866903e-02,3,Indonesian Exclusive Economic Zone,WPP712,,SVDNB_npp_d20151003_t1731466_e1737270_b20378_c20151003233728467558_noaa_ops.h5,GDNBO_npp_d20151003_t1731466_e1737270_b20378_c20151003233728467298_noaa_ops.h5,SVI04_npp_d20151003_t1731466_e1737270_b20378_c20151003233728541959_noaa_ops.dspace_rad,VNFF_npp_d20151003_t1731466_e1737270_b20378_v21.csv,World_EEZ_v8_2014.shp,WPP_BFAR_merge.shp,KKP_IDN_merge_20161208.shp,VNF-VBD_npp_20120301-20151231_global_asia-enhanced_c201607211230.bitmask,NCEI_NGA.union.nga_lead2.add_2015ntl.mask,timezone.shp,VBD_platforms-recurring_2015_r20170330.shp,999999,VBD_bridges_c20160811.shp,9.202956;7.293124;4.987635;0.117751;-4.766567;-9.662423;-14.566307;-12.781590;-10.252750;-5.421471;-0.565886;4.309883,106.389061;120.204430;133.795395;132.636734;131.583801;130.626740;129.763702;115.696312;101.762085;103.094223;104.302101;105.397919,npp_d20151003_t1731466_e1737270_b20378,156.014,115.316,18.1431,98.9699,60.4457,64.6167
1009,VBD_npp_d20151003_t1735436_x1149737E_y063803S_l2143_s1719_v23,2017-06-01 16:11:27,-6.380265,114.973732,12.585,2015-10-03 17:35:43,2015-10-04 00:35:43,2143,1719,0.4032,1,2529,0.584416,0.117859,0.906312,0.4,0.916189,0.75,0.0159213,0.0001,1.58828e-08,999999,2.067267e-01,3,Indonesian Exclusive Economic Zone,WPP712,,SVDNB_npp_d20151003_t1731466_e1737270_b20378_c20151003233728467558_noaa_ops.h5,GDNBO_npp_d20151003_t1731466_e1737270_b20378_c20151003233728467298_noaa_ops.h5,SVI04_npp_d20151003_t1731466_e1737270_b20378_c20151003233728541959_noaa_ops.dspace_rad,VNFF_npp_d20151003_t1731466_e1737270_b20378_v21.csv,World_EEZ_v8_2014.shp,WPP_BFAR_merge.shp,KKP_IDN_merge_20161208.shp,VNF-VBD_npp_20120301-20151231_global_asia-enhanced_c201607211230.bitmask,NCEI_NGA.union.nga_lead2.add_2015ntl.mask,timezone.shp,VBD_platforms-recurring_2015_r20170330.shp,999999,VBD_bridges_c20160811.shp,9.202956;7.293124;4.987635;0.117751;-4.766567;-9.662423;-14.566307;-12.781590;-10.252750;-5.421471;-0.565886;4.309883,106.389061;120.204430;133.795395;132.636734;131.583801;130.626740;129.763702;115.696312;101.762085;103.094223;104.302101;105.397919,npp_d20151003_t1731466_e1737270_b20378,156.01,115.175,17.9835,97.6901,60.3953,64.6347
1010,VBD_npp_d20151003_t1735453_x1149641E_y064388S_l2152_s1720_v23,2017-06-01 16:11:27,-6.438796,114.964134,25.684,2015-10-03 17:35:45,2015-10-04 00:35:45,2152,1720,0.404338,1,2529,0.813747,0.129667,0.903455,0.4,0.939906,0.75,0.0159006,0.0001,1.74548e-08,999999,8.049692e-02,3,Indonesian Exclusive Economic Zone,WPP712,,SVDNB_npp_d20151003_t1731466_e1737270_b20378_c20151003233728467558_noaa_ops.h5,GDNBO_npp_d20151003_t1731466_e1737270_b20378_c20151003233728467298_noaa_ops.h5,SVI04_npp_d20151003_t1731466_e1737270_b20378_c20151003233728541959_noaa_ops.dspace_rad,VNFF_npp_d20151003_t1731466_e1737270_b20378_v21.csv,World_EEZ_v8_2014.shp,WPP_BFAR_merge.shp,KKP_IDN_merge_20161208.shp,VNF-VBD_npp_20120301-20151231_global_asia-enhanced_c201607211230.bitmask,NCEI_NGA.union.nga_lead2.add_2015ntl.mask,timezone.shp,VBD_platforms-recurring_2015_r20170330.shp,999999,VBD_bridges_c20160811.shp,9.202956;7.293124;4.987635;0.117751;-4.766567;-9.662423;-14.566307;-12.781590;-10.252750;-5.421471;-0.565886;4.309883,106.389061;120.204430;133.795395;132.636734;131.583801;130.626740;129.763702;115.696312;101.762085;103.094223;104.302101;105.397919,npp_d20151003_t1731466_e1737270_b20378,155.987,115.296,17.9231,98.9661,60.4228,64.6045
1011,VBD_npp_d20151003_t1735453_x1149821E_y064141S_l2148_s1722_v23,2017-06-01 16:11:27,-6.414076,114.982147,5.14263,2015-10-03 17:35:45,2015-10-04 00:35:45,2148,1722,0.403556,2,2465,0.278728,0.13081,0.913331,0.4,0.708874,0.75,0.0159189,0.0001,1.95559e-08,999999,6.827742e-02,3,Indonesian Exclusive Economic Zone,WPP712,,SVDNB_npp_d20151003_t1731466_e1737270_b20378_c20151003233728467558_noaa_ops.h5,GDNBO_npp_d20151003_t1731466_e1737270_b20378_c20151003233728467298_noaa_ops.h5,SVI04_npp_d20151003_t1731466_e1737270_b20378_c20151003233728541959_noaa_ops.dspace_rad,VNFF_npp_d20151003_t1731466_e1737270_b20378_v21.csv,World_EEZ_v8_2014.shp,WPP_BFAR_merge.shp,KKP_IDN_merge_20161208.shp,VNF-VBD_npp_20120301-20151231_global_asia-enhanced_c201607211230.bitmask,NCEI_NGA.union.nga_lead2.add_2015ntl.mask,timezone.shp,VBD_platforms-recurring_2015_r20170330.shp,999999,VBD_bridges_c20160811.shp,9.202956;7.293124;4.987635;0.117751;-4.766567;-9.662423;-14.566307;-12.781590;-10.252750;-5.421471;-0.565886;4.309883,106.389061;120.204430;133.795395;132.636734;131.583801;130.626740;129.763702;115.696312;101.762085;103.094223;104.302101;105.397919,npp_d20151003_t1731466_e1737270_b20378,155.981,115.227,17.8136,99.6998,60.3958,64.6111
1012,VBD_npp_d20151003_t1735453_x1149980E_y064028S_l2146_s1724_v23,2017-06-01 16:11:27,-6.402833,114.997971,14.7566,2015-10-03 17:35:45,2015-10-04 00:35:45,2146,1724,0.402631,1,2529,0.615383,0.127585,0.918457,0.4,0.90566,0.75,0.0159317,0.0001,2.13303e-08,999999,1.027579e-01,3,Indonesian Exclusive Economic Zone,WPP712,,SVDNB_npp_d20151003_t1731466_e1737270_b20378_c20151003233728467558_noaa_ops.h5,GDNBO_npp_d20151003_t1731466_e1737270_b20378_c20151003233728467298_noaa_ops.h5,SVI04_npp_d20151003_t1731466_e1737270_b20378_c20151003233728541959_noaa_ops.dspace_rad,VNFF_npp_d20151003_t1731466_e1737270_b20378_v21.csv,World_EEZ_v8_2014.shp,WPP_BFAR_merge.shp,KKP_IDN_merge_20161208.shp,VNF-VBD_npp_20120301-20151231_global_asia-enhanced_c201607211230.bitmask,NCEI_NGA.union.nga_lead2.add_2015ntl.mask,timezone.shp,VBD_platforms-recurring_2015_r20170330.shp,999999,VBD_bridges_c20160811.shp,9.202956;7.293124;4.987635;0.117751;-4.766567;-9.662423;-14.566307;-12.781590;-10.252750;-5.421471;-0.565886;4.309883,106.389061;120.204430;133.795395;132.636734;131.583801;130.626740;129.763702;115.696312;101.762085;103.094223;104.302101;105.397919,npp_d20151003_t1731466_e1737270_b20378,155.972,115.187,17.7049,100.072,60.3767,64.6113
1013,VBD_npp_d20151003_t1735418_x1150441E_y062903S_l2128_s1726_v23,2017-06-01 16:11:27,-6.290314,115.044144,16.8549,2015-10-03 17:35:41,2015-10-04 00:35:41,2128,1726,0.403058,1,2529,0.675156,0.129148,0.847504,0.4,0.94954,0.75,0.0159878,0.0001,1.99491e-08,999999,8.604362e-02,3,Indonesian Exclusive Economic Zone,WPP712,,SVDNB_npp_d20151003_t1731466_e1737270_b20378_c20151003233728467558_noaa_ops.h5,GDNBO_npp_d20151003_t1731466_e1737270_b20378_c20151003233728467298_noaa_ops.h5,SVI04_npp_d20151003_t1731466_e1737270_b20378_c20151003233728541959_noaa_ops.dspace_rad,VNFF_npp_d20151003_t1731466_e1737270_b20378_v21.csv,World_EEZ_v8_2014.shp,WPP_BFAR_merge.shp,KKP_IDN_merge_20161208.shp,VNF-VBD_npp_20120301-20151231_global_asia-enhanced_c201607211230.bitmask,NCEI_NGA.union.nga_lead2.add_2015ntl.mask,timezone.shp,VBD_platforms-recurring_2015_r20170330.shp,999999,VBD_bridges_c20160811.shp,9.202956;7.293124;4.987635;0.117751;-4.766567;-9.662423;-14.566307;-12.781590;-10.252750;-5.421471;-0.565886;4.309883,106.389061;120.204430;133.795395;132.636734;131.583801;130.626740;129.763702;115.696312;101.762085;103.094223;104.302101;105.397919,npp_d20151003_t1731466_e1737270_b20378,155.991,114.925,17.6022,97.4594,60.2992,64.6597
1014,VBD_npp_d20151003_t1735453_x1150062E_y064387S_l2151_s1726_v23,2017-06-01 16:11:27,-6.438661,115.006165,14.7957,2015-10-03 17:35:45,2015-10-04 00:35:45,2151,1726,0.401777,1,2529,0.627287,0.132768,0.911247,0.4,0.925358,0.75,0.0159255,0.0001,2.12375e-08,999999,4.735113e-02,3,Indonesian Exclusive Economic Zone,WPP712,,SVDNB_npp_d20151003_t1731466_e1737270_b20378_c20151003233728467558_noaa_ops.h5,GDNBO_npp_d20151003_t1731466_e1737270_b20378_c20151003233728467298_noaa_ops.h5,SVI04_npp_d20151003_t1731466_e1737270_b20378_c20151003233728541959_noaa_ops.dspace_rad,VNFF_npp_d20151003_t1731466_e1737270_b20378_v21.csv,World_EEZ_v8_2014.shp,WPP_BFAR_merge.shp,KKP_IDN_merge_20161208.shp,VNF-VBD_npp_20120301-20151231_global_asia-enhanced_c201607211230.bitmask,NCEI_NGA.union.nga_lead2.add_2015ntl.mask,timezone.shp,VBD_platforms-recurring_2015_r20170330.shp,999999,VBD_bridges_c20160811.shp,9.202956;7.293124;4.987635;0.117751;-4.766567;-9.662423;-14.566307;-12.781590;-10.252750;-5.421471;-0.565886;4.309883,106.389061;120.204430;133.795395;132.636734;131.583801;130.626740;129.763702;115.696312;101.762085;103.094223;104.302101;105.397919,npp_d20151003_t1731466_e1737270_b20378,155.949,115.251,17.5929,99.1464,60.3847,64.5893
1015,VBD_npp_d20151003_t1735453_x1150263E_y064005S_l2145_s1728_v23,2017-06-01 16:11:27,-6.400540,115.026314,22.1825,2015-10-03 17:35:45,2015-10-04 00:35:45,2145,1728,0.404836,1,2529,0.738391,0.130401,0.924642,0.4,0.93975,0.75,0.0159491,0.0001,2.43859e-08,999999,7.265239e-02,3,Indonesian Exclusive Economic Zone,WPP712,,SVDNB_npp_d20151003_t1731466_e1737270_b20378_c20151003233728467558_noaa_ops.h5,GDNBO_npp_d20151003_t1731466_e1737270_b20378_c20151003233728467298_noaa_ops.h5,SVI04_npp_d20151003_t1731466_e1737270_b20378_c20151003233728541959_noaa_ops.dspace_rad,VNFF_npp_d20151003_t1731466_e1737270_b20378_v21.csv,World_EEZ_v8_2014.shp,WPP_BFAR_merge.shp,KKP_IDN_merge_20161208.shp,VNF-VBD_npp_20120301-20151231_global_asia-enhanced_c201607211230.bitmask,NCEI_NGA.union.nga_lead2.add_2015ntl.mask,timezone.shp,VBD_platforms-recurring_2015_r20170330.shp,999999,VBD_bridges_c20160811.shp,9.202956;7.293124;4.987635;0.117751;-4.766567;-9.662423;-14.566307;-12.781590;-10.252750;-5.421471;-0.565886;4.309883,106.389061;120.204430;133.795395;132.636734;131.583801;130.626740;129.763702;115.696312;101.762085;103.094223;104.302101;105.397919,npp_d20151003_t1731466_e1737270_b20378,155.948,115.152,17.4859,100.269,60.35,64.6023
1016,VBD_npp_d20151003_t1735542_x1149043E_y069359S_l2227_s1728_v23,2017-06-01 16:11:27,-6.935868,114.904343,3.78157,2015-10-03 17:35:54,2015-10-04 00:35:54,2227,1728,0.405761,1,2529,0.279788,0.161392,0.725028,0.4,0.817435,0.75,0.015726,0.0001,2.06299e-08,999999,-7.772378e-02,3,Indonesian Exclusive Economic Zone,WPP712,,SVDNB_npp_d20151003_t1731466_e1737270_b20378_c20151003233728467558_noaa_ops.h5,GDNBO_npp_d20151003_t1731466_e1737270_b20378_c20151003233728467298_noaa_ops.h5,SVI04_npp_d20151003_t1731466_e1737270_b20378_c20151003233728541959_noaa_ops.dspace_rad,VNFF_npp_d20151003_t1731466_e1737270_b20378_v21.csv,World_EEZ_v8_2014.shp,WPP_BFAR_merge.shp,KKP_IDN_merge_20161208.shp,VNF-VBD_npp_20120301-20151231_global_asia-enhanced_c201607211230.bitmask,NCEI_NGA.union.nga_lead2.add_2015ntl.mask,timezone.shp,VBD_platforms-recurring_2015_r20170330.shp,999999,VBD_bridges_c20160811.shp,9.202956;7.293124;4.987635;0.117751;-4.766567;-9.662423;-14.566307;-12.781590;-10.252750;-5.421471;-0.565886;4.309883,106.389061;120.204430;133.795395;132.636734;131.583801;130.626740;129.763702;115.696312;101.762085;103.094223;104.302101;105.397919,npp_d20151003_t1731466_e1737270_b20378,155.791,116.32,17.4816,99.9301,60.6605,64.3513
1017,VBD_npp_d20151003_t1735453_x1150244E_y064554S_l2153_s1729_v23,2017-06-01 16:11:27,-6.455385,115.024429,7.71961,2015-10-03 17:35:45,2015-10-04 00:35:45,2153,1729,0.402773,1,2529,0.416938,0.160198,0.916139,0.4,0.865503,0.75,0.0159311,0.0001,2.26502e-08,999999,-2.458855e-01,3,Indonesian Exclusive Economic Zone,WPP712,,SVDNB_npp_d20151003_t1731466_e1737270_b20378_c20151003233728467558_noaa_ops.h5,GDNBO_npp_d20151003_t1731466_e1737270_b20378_c20151003233728467298_noaa_ops.h5,SVI04_npp_d20151003_t1731466_e1737270_b20378_c20151003233728541959_noaa_ops.dspace_rad,VNFF_npp_d20151003_t1731466_e1737270_b20378_v21.csv,World_EEZ_v8_2014.shp,WPP_BFAR_merge.shp,KKP_IDN_merge_20161208.shp,VNF-VBD_npp_20120301-20151231_global_asia-enhanced_c201607211230.bitmask,NCEI_NGA.union.nga_lead2.add_2015ntl.mask,timezone.shp,VBD_platforms-recurring_2015_r20170330.shp,999999,VBD_bridges_c20160811.shp,9.202956;7.293124;4.987635;0.117751;-4.766567;-9.662423;-14.566307;-12.781590;-10.252750;-5.421471;-0.565886;4.309883,106.389061;120.204430;133.795395;132.636734;131.583801;130.626740;129.763702;115.696312;101.762085;103.094223;104.302101;105.397919,npp_d20151003_t1731466_e1737270_b20378,155.926,115.265,17.4283,98.7696,60.3754,64.5738
1018,VBD_npp_d20151003_t1735453_x1150413E_y064374S_l2150_s1731_v23,2017-06-01 16:11:27,-6.437426,115.041275,24.4812,2015-10-03 17:35:45,2015-10-04 00:35:45,2150,1731,0.398861,1,2529,0.768304,0.145273,0.924455,0.4,0.914373,0.75,0.0159467,0.0001,2.50146e-08,999999,-8.632855e-02,3,Indonesian Exclusive Economic Zone,WPP712,,SVDNB_npp_d20151003_t1731466_e1737270_b20378_c20151003233728467558_noaa_ops.h5,GDNBO_npp_d20151003_t1731466_e1737270_b20378_c20151003233728467298_noaa_ops.h5,SVI04_npp_d20151003_t1731466_e1737270_b20378_c20151003233728541959_noaa_ops.dspace_rad,VNFF_npp_d20151003_t1731466_e1737270_b20378_v21.csv,World_EEZ_v8_2014.shp,WPP_BFAR_merge.shp,KKP_IDN_merge_20161208.shp,VNF-VBD_npp_20120301-20151231_global_asia-enhanced_c201607211230.bitmask,NCEI_NGA.union.nga_lead2.add_2015ntl.mask,timezone.shp,VBD_platforms-recurring_2015_r20170330.shp,999999,VBD_bridges_c20160811.shp,9.202956;7.293124;4.987635;0.117751;-4.766567;-9.662423;-14.566307;-12.781590;-10.252750;-5.421471;-0.565886;4.309883,106.389061;120.204430;133.795395;132.636734;131.583801;130.626740;129.763702;115.696312;101.762085;103.094223;104.302101;105.397919,npp_d20151003_t1731466_e1737270_b20378,155.918,115.211,17.318,99.3335,60.3524,64.5772
1019,VBD_npp_d20151003_t1735436_x1150634E_y063876S_l2142_s1732_v23,2017-06-01 16:11:27,-6.387631,115.063431,17.5806,2015-10-03 17:35:43,2015-10-04 00:35:43,2142,1732,0.402417,1,2529,0.674142,0.133127,0.895776,0.4,0.913947,0.75,0.015972,0.0001,2.38853e-08,999999,4.350933e-02,3,Indonesian Exclusive Economic Zone,WPP712,,SVDNB_npp_d20151003_t1731466_e1737270_b20378_c20151003233728467558_noaa_ops.h5,GDNBO_npp_d20151003_t1731466_e1737270_b20378_c20151003233728467298_noaa_ops.h5,SVI04_npp_d20151003_t1731466_e1737270_b20378_c20151003233728541959_noaa_ops.dspace_rad,VNFF_npp_d20151003_t1731466_e1737270_b20378_v21.csv,World_EEZ_v8_2014.shp,WPP_BFAR_merge.shp,KKP_IDN_merge_20161208.shp,VNF-VBD_npp_20120301-20151231_global_asia-enhanced_c201607211230.bitmask,NCEI_NGA.union.nga_lead2.add_2015ntl.mask,timezone.shp,VBD_platforms-recurring_2015_r20170330.shp,999999,VBD_bridges_c20160811.shp,9.202956;7.293124;4.987635;0.117751;-4.766567;-9.662423;-14.566307;-12.781590;-10.252750;-5.421471;-0.565886;4.309883,106.389061;120.204430;133.795395;132.636734;131.583801;130.626740;129.763702;115.696312;101.762085;103.094223;104.302101;105.397919,npp_d20151003_t1731466_e1737270_b20378,155.926,115.095,17.2673,97.8162,60.3173,64.5983
1020,VBD_npp_d20151003_t1735453_x1150592E_y064128S_l2146_s1733_v23,2017-06-01 16:11:27,-6.412774,115.059196,29.3713,2015-10-03 17:35:45,2015-10-04 00:35:45,2146,1733,0.3963,1,2529,0.842655,0.146389,0.921199,0.4,0.936039,0.75,0.0159649,0.0001,2.79629e-08,999999,-9.826627e-02,3,Indonesian Exclusive Economic Zone,WPP712,,SVDNB_npp_d20151003_t1731466_e1737270_b20378_c20151003233728467558_noaa_ops.h5,GDNBO_npp_d20151003_t1731466_e1737270_b20378_c20151003233728467298_noaa_ops.h5,SVI04_npp_d20151003_t1731466_e1737270_b20378_c20151003233728541959_noaa_ops.dspace_rad,VNFF_npp_d20151003_t1731466_e1737270_b20378_v21.csv,World_EEZ_v8_2014.shp,WPP_BFAR_merge.shp,KKP_IDN_merge_20161208.shp,VNF-VBD_npp_20120301-20151231_global_asia-enhanced_c201607211230.bitmask,NCEI_NGA.union.nga_lead2.add_2015ntl.mask,timezone.shp,VBD_platforms-recurring_2015_r20170330.shp,999999,VBD_bridges_c20160811.shp,9.202956;7.293124;4.987635;0.117751;-4.766567;-9.662423;-14.566307;-12.781590;-10.252750;-5.421471;-0.565886;4.309883,106.389061;120.204430;133.795395;132.636734;131.583801;130.626740;129.763702;115.696312;101.762085;103.094223;104.302101;105.397919,npp_d20151003_t1731466_e1737270_b20378,155.913,115.142,17.2101,100.095,60.3255,64.5838
1021,VBD_npp_d20151003_t1735453_x1150752E_y064429S_l2150_s1736_v23,2017-06-01 16:11:27,-6.442894,115.075188,41.1724,2015-10-03 17:35:45,2015-10-04 00:35:45,2150,1736,0.397296,1,2529,0.966843,0.140821,0.908398,0.4,0.933147,0.75,0.0159651,0.0001,2.90321e-08,999999,-3.874030e-02,3,Indonesian Exclusive Economic Zone,WPP712,,SVDNB_npp_d20151003_t1731466_e1737270_b20378_c20151003233728467558_noaa_ops.h5,GDNBO_npp_d20151003_t1731466_e1737270_b20378_c20151003233728467298_noaa_ops.h5,SVI04_npp_d20151003_t1731466_e1737270_b20378_c20151003233728541959_noaa_ops.dspace_rad,VNFF_npp_d20151003_t1731466_e1737270_b20378_v21.csv,World_EEZ_v8_2014.shp,WPP_BFAR_merge.shp,KKP_IDN_merge_20161208.shp,VNF-VBD_npp_20120301-20151231_global_asia-enhanced_c201607211230.bitmask,NCEI_NGA.union.nga_lead2.add_2015ntl.mask,timezone.shp,VBD_platforms-recurring_2015_r20170330.shp,999999,VBD_bridges_c20160811.shp,9.202956;7.293124;4.987635;0.117751;-4.766567;-9.662423;-14.566307;-12.781590;-10.252750;-5.421471;-0.565886;4.309883,106.389061;120.204430;133.795395;132.636734;131.583801;130.626740;129.763702;115.696312;101.762085;103.094223;104.302101;105.397919,npp_d20151003_t1731466_e1737270_b20378,155.886,115.186,17.0432,99.3345,60.3241,64.562
1022,VBD_npp_d20151003_t1735542_x1149511E_y069916S_l2234_s1736_v23,2017-06-01 16:11:27,-6.991637,114.951088,3.82266,2015-10-03 17:35:54,2015-10-04 00:35:54,2234,1736,0.402631,1,2529,0.283879,0.152738,0.874778,0.4,0.803609,0.75,0.0157363,0.0001,2.39289e-08,999999,5.083342e-03,3,Indonesian Exclusive Economic Zone,WPP712,,SVDNB_npp_d20151003_t1731466_e1737270_b20378_c20151003233728467558_noaa_ops.h5,GDNBO_npp_d20151003_t1731466_e1737270_b20378_c20151003233728467298_noaa_ops.h5,SVI04_npp_d20151003_t1731466_e1737270_b20378_c20151003233728541959_noaa_ops.dspace_rad,VNFF_npp_d20151003_t1731466_e1737270_b20378_v21.csv,World_EEZ_v8_2014.shp,WPP_BFAR_merge.shp,KKP_IDN_merge_20161208.shp,VNF-VBD_npp_20120301-20151231_global_asia-enhanced_c201607211230.bitmask,NCEI_NGA.union.nga_lead2.add_2015ntl.mask,timezone.shp,VBD_platforms-recurring_2015_r20170330.shp,999999,VBD_bridges_c20160811.shp,9.202956;7.293124;4.987635;0.117751;-4.766567;-9.662423;-14.566307;-12.781590;-10.252750;-5.421471;-0.565886;4.309883,106.389061;120.204430;133.795395;132.636734;131.583801;130.626740;129.763702;115.696312;101.762085;103.094223;104.302101;105.397919,npp_d20151003_t1731466_e1737270_b20378,155.725,116.38,17.0414,98.6016,60.6427,64.3047
1023,VBD_npp_d20151003_t1735453_x1150912E_y064730S_l2154_s1739_v23,2017-06-01 16:11:27,-6.472968,115.091171,7.66578,2015-10-03 17:35:45,2015-10-04 00:35:45,2154,1739,0.401635,1,2529,0.434919,0.139177,0.887965,0.4,0.843168,0.75,0.0159653,0.0001,3.01127e-08,999999,-2.115798e-02,3,Indonesian Exclusive Economic Zone,WPP712,,SVDNB_npp_d20151003_t1731466_e1737270_b20378_c20151003233728467558_noaa_ops.h5,GDNBO_npp_d20151003_t1731466_e1737270_b20378_c20151003233728467298_noaa_ops.h5,SVI04_npp_d20151003_t1731466_e1737270_b20378_c20151003233728541959_noaa_ops.dspace_rad,VNFF_npp_d20151003_t1731466_e1737270_b20378_v21.csv,World_EEZ_v8_2014.shp,WPP_BFAR_merge.shp,KKP_IDN_merge_20161208.shp,VNF-VBD_npp_20120301-20151231_global_asia-enhanced_c201607211230.bitmask,NCEI_NGA.union.nga_lead2.add_2015ntl.mask,timezone.shp,VBD_platforms-recurring_2015_r20170330.shp,999999,VBD_bridges_c20160811.shp,9.202956;7.293124;4.987635;0.117751;-4.766567;-9.662423;-14.566307;-12.781590;-10.252750;-5.421471;-0.565886;4.309883,106.389061;120.204430;133.795395;132.636734;131.583801;130.626740;129.763702;115.696312;101.762085;103.094223;104.302101;105.397919,npp_d20151003_t1731466_e1737270_b20378,155.858,115.23,16.8792,98.5602,60.3227,64.5402
1024,VBD_npp_d20151003_t1735507_x1150278E_y067324S_l2194_s1739_v23,2017-06-01 16:11:27,-6.732435,115.027832,10.4808,2015-10-03 17:35:50,2015-10-04 00:35:50,2194,1739,0.407752,1,2529,0.525913,0.125109,0.86294,0.4,0.899435,0.75,0.0158566,0.0001,3.071e-08,999999,1.292302e-01,3,Indonesian Exclusive Economic Zone,WPP712,,SVDNB_npp_d20151003_t1731466_e1737270_b20378_c20151003233728467558_noaa_ops.h5,GDNBO_npp_d20151003_t1731466_e1737270_b20378_c20151003233728467298_noaa_ops.h5,SVI04_npp_d20151003_t1731466_e1737270_b20378_c20151003233728541959_noaa_ops.dspace_rad,VNFF_npp_d20151003_t1731466_e1737270_b20378_v21.csv,World_EEZ_v8_2014.shp,WPP_BFAR_merge.shp,KKP_IDN_merge_20161208.shp,VNF-VBD_npp_20120301-20151231_global_asia-enhanced_c201607211230.bitmask,NCEI_NGA.union.nga_lead2.add_2015ntl.mask,timezone.shp,VBD_platforms-recurring_2015_r20170330.shp,999999,VBD_bridges_c20160811.shp,9.202956;7.293124;4.987635;0.117751;-4.766567;-9.662423;-14.566307;-12.781590;-10.252750;-5.421471;-0.565886;4.309883,106.389061;120.204430;133.795395;132.636734;131.583801;130.626740;129.763702;115.696312;101.762085;103.094223;104.302101;105.397919,npp_d20151003_t1731466_e1737270_b20378,155.783,115.796,16.8807,100.133,60.4733,64.418
1025,VBD_npp_d20151003_t1735507_x1150192E_y067860S_l2202_s1739_v23,2017-06-01 16:11:27,-6.786036,115.019157,25.8127,2015-10-03 17:35:50,2015-10-04 00:35:50,2202,1739,0.405903,1,2529,0.790762,0.137815,0.880263,0.4,0.931417,0.75,0.0158348,0.0001,2.76629e-08,999999,-6.603922e-03,3,Indonesian Exclusive Economic Zone,WPP712,,SVDNB_npp_d20151003_t1731466_e1737270_b20378_c20151003233728467558_noaa_ops.h5,GDNBO_npp_d20151003_t1731466_e1737270_b20378_c20151003233728467298_noaa_ops.h5,SVI04_npp_d20151003_t1731466_e1737270_b20378_c20151003233728541959_noaa_ops.dspace_rad,VNFF_npp_d20151003_t1731466_e1737270_b20378_v21.csv,World_EEZ_v8_2014.shp,WPP_BFAR_merge.shp,KKP_IDN_merge_20161208.shp,VNF-VBD_npp_20120301-20151231_global_asia-enhanced_c201607211230.bitmask,NCEI_NGA.union.nga_lead2.add_2015ntl.mask,timezone.shp,VBD_platforms-recurring_2015_r20170330.shp,999999,VBD_bridges_c20160811.shp,9.202956;7.293124;4.987635;0.117751;-4.766567;-9.662423;-14.566307;-12.781590;-10.252750;-5.421471;-0.565886;4.309883,106.389061;120.204430;133.795395;132.636734;131.583801;130.626740;129.763702;115.696312;101.762085;103.094223;104.302101;105.397919,npp_d20151003_t1731466_e1737270_b20378,155.768,115.912,16.8794,98.5828,60.5044,64.3929
1026,VBD_npp_d20151003_t1735542_x1149725E_y069882S_l2233_s1739_v23,2017-06-01 16:11:27,-6.988201,114.972504,25.4896,2015-10-03 17:35:54,2015-10-04 00:35:54,2233,1739,0.406828,8,18913,0.843499,0.135088,0.878182,0.4,0.960134,0.75,0.0157501,0.0001,2.65167e-08,999999,1.739826e-01,3,Indonesian Exclusive Economic Zone,WPP712,,SVDNB_npp_d20151003_t1731466_e1737270_b20378_c20151003233728467558_noaa_ops.h5,GDNBO_npp_d20151003_t1731466_e1737270_b20378_c20151003233728467298_noaa_ops.h5,SVI04_npp_d20151003_t1731466_e1737270_b20378_c20151003233728541959_noaa_ops.dspace_rad,VNFF_npp_d20151003_t1731466_e1737270_b20378_v21.csv,World_EEZ_v8_2014.shp,WPP_BFAR_merge.shp,KKP_IDN_merge_20161208.shp,VNF-VBD_npp_20120301-20151231_global_asia-enhanced_c201607211230.bitmask,NCEI_NGA.union.nga_lead2.add_2015ntl.mask,timezone.shp,VBD_platforms-recurring_2015_r20170330.shp,0.200099,VBD_bridges_c20160811.shp,9.202956;7.293124;4.987635;0.117751;-4.766567;-9.662423;-14.566307;-12.781590;-10.252750;-5.421471;-0.565886;4.309883,106.389061;120.204430;133.795395;132.636734;131.583801;130.626740;129.763702;115.696312;101.762085;103.094223;104.302101;105.397919,npp_d20151003_t1731466_e1737270_b20378,155.707,116.35,16.876,98.7887,60.6219,64.2985
1027,VBD_npp_d20151003_t1735453_x1150947E_y064941S_l2157_s1740_v23,2017-06-01 16:11:27,-6.494145,115.094681,12.6953,2015-10-03 17:35:45,2015-10-04 00:35:45,2157,1740,0.402275,1,2529,0.605272,0.143479,0.880725,0.4,0.919217,0.75,0.0159609,0.0001,2.98133e-08,999999,-6.715222e-02,3,Indonesian Exclusive Economic Zone,WPP712,,SVDNB_npp_d20151003_t1731466_e1737270_b20378_c20151003233728467558_noaa_ops.h5,GDNBO_npp_d20151003_t1731466_e1737270_b20378_c20151003233728467298_noaa_ops.h5,SVI04_npp_d20151003_t1731466_e1737270_b20378_c20151003233728541959_noaa_ops.dspace_rad,VNFF_npp_d20151003_t1731466_e1737270_b20378_v21.csv,World_EEZ_v8_2014.shp,WPP_BFAR_merge.shp,KKP_IDN_merge_20161208.shp,VNF-VBD_npp_20120301-20151231_global_asia-enhanced_c201607211230.bitmask,NCEI_NGA.union.nga_lead2.add_2015ntl.mask,timezone.shp,VBD_platforms-recurring_2015_r20170330.shp,999999,VBD_bridges_c20160811.shp,9.202956;7.293124;4.987635;0.117751;-4.766567;-9.662423;-14.566307;-12.781590;-10.252750;-5.421471;-0.565886;4.309883,106.389061;120.204430;133.795395;132.636734;131.583801;130.626740;129.763702;115.696312;101.762085;103.094223;104.302101;105.397919,npp_d20151003_t1731466_e1737270_b20378,155.846,115.269,16.8269,97.9749,60.3287,64.5276
1028,VBD_npp_d20151003_t1735507_x1150205E_y068206S_l2207_s1740_v23,2017-06-01 16:11:27,-6.820614,115.020493,23.6086,2015-10-03 17:35:50,2015-10-04 00:35:50,2207,1740,0.407752,1,2529,0.716801,0.121062,0.887664,0.4,0.913532,0.75,0.0158248,0.0001,2.66581e-08,999999,1.724918e-01,3,Indonesian Exclusive Economic Zone,WPP712,,SVDNB_npp_d20151003_t1731466_e1737270_b20378_c20151003233728467558_noaa_ops.h5,GDNBO_npp_d20151003_t1731466_e1737270_b20378_c20151003233728467298_noaa_ops.h5,SVI04_npp_d20151003_t1731466_e1737270_b20378_c20151003233728541959_noaa_ops.dspace_rad,VNFF_npp_d20151003_t1731466_e1737270_b20378_v21.csv,World_EEZ_v8_2014.shp,WPP_BFAR_merge.shp,KKP_IDN_merge_20161208.shp,VNF-VBD_npp_20120301-20151231_global_asia-enhanced_c201607211230.bitmask,NCEI_NGA.union.nga_lead2.add_2015ntl.mask,timezone.shp,VBD_platforms-recurring_2015_r20170330.shp,999999,VBD_bridges_c20160811.shp,9.202956;7.293124;4.987635;0.117751;-4.766567;-9.662423;-14.566307;-12.781590;-10.252750;-5.421471;-0.565886;4.309883,106.389061;120.204430;133.795395;132.636734;131.583801;130.626740;129.763702;115.696312;101.762085;103.094223;104.302101;105.397919,npp_d20151003_t1731466_e1737270_b20378,155.752,115.98,16.8297,97.6088,60.5183,64.3742
1029,VBD_npp_d20151003_t1735596_x1149154E_y072491S_l2273_s1740_v23,2017-06-01 16:11:27,-7.249103,114.915405,47.5965,2015-10-03 17:35:59,2015-10-04 00:35:59,2273,1740,0.412376,4,35301,1.1004,0.129733,0.897946,0.4,0.93992,0.75,0.0156446,0.0001,2.78033e-08,999999,2.252289e-01,3,Indonesian Exclusive Economic Zone,WPP712,,SVDNB_npp_d20151003_t1731466_e1737270_b20378_c20151003233728467558_noaa_ops.h5,GDNBO_npp_d20151003_t1731466_e1737270_b20378_c20151003233728467298_noaa_ops.h5,SVI04_npp_d20151003_t1731466_e1737270_b20378_c20151003233728541959_noaa_ops.dspace_rad,VNFF_npp_d20151003_t1731466_e1737270_b20378_v21.csv,World_EEZ_v8_2014.shp,WPP_BFAR_merge.shp,KKP_IDN_merge_20161208.shp,VNF-VBD_npp_20120301-20151231_global_asia-enhanced_c201607211230.bitmask,NCEI_NGA.union.nga_lead2.add_2015ntl.mask,timezone.shp,VBD_platforms-recurring_2015_r20170330.shp,999999,VBD_bridges_c20160811.shp,9.202956;7.293124;4.987635;0.117751;-4.766567;-9.662423;-14.566307;-12.781590;-10.252750;-5.421471;-0.565886;4.309883,106.389061;120.204430;133.795395;132.636734;131.583801;130.626740;129.763702;115.696312;101.762085;103.094223;104.302101;105.397919,npp_d20151003_t1731466_e1737270_b20378,155.621,116.904,16.8264,100.353,60.7683,64.1754
1030,VBD_npp_d20151003_t1735489_x1150509E_y067174S_l2191_s1741_v23,2017-06-01 16:11:27,-6.717432,115.050941,10.8529,2015-10-03 17:35:48,2015-10-04 00:35:48,2191,1741,0.4101,8,18913,0.501401,0.124236,0.86294,0.4,0.883763,0.75,0.0158722,0.0001,2.82047e-08,999999,1.385591e-01,3,Indonesian Exclusive Economic Zone,WPP712,,SVDNB_npp_d20151003_t1731466_e1737270_b20378_c20151003233728467558_noaa_ops.h5,GDNBO_npp_d20151003_t1731466_e1737270_b20378_c20151003233728467298_noaa_ops.h5,SVI04_npp_d20151003_t1731466_e1737270_b20378_c20151003233728541959_noaa_ops.dspace_rad,VNFF_npp_d20151003_t1731466_e1737270_b20378_v21.csv,World_EEZ_v8_2014.shp,WPP_BFAR_merge.shp,KKP_IDN_merge_20161208.shp,VNF-VBD_npp_20120301-20151231_global_asia-enhanced_c201607211230.bitmask,NCEI_NGA.union.nga_lead2.add_2015ntl.mask,timezone.shp,VBD_platforms-recurring_2015_r20170330.shp,0.39223,VBD_bridges_c20160811.shp,9.202956;7.293124;4.987635;0.117751;-4.766567;-9.662423;-14.566307;-12.781590;-10.252750;-5.421471;-0.565886;4.309883,106.389061;120.204430;133.795395;132.636734;131.583801;130.626740;129.763702;115.696312;101.762085;103.094223;104.302101;105.397919,npp_d20151003_t1731466_e1737270_b20378,155.776,115.749,16.7773,97.5918,60.4523,64.42
1031,VBD_npp_d20151003_t1735525_x1150184E_y068326S_l2209_s1741_v23,2017-06-01 16:11:27,-6.832559,115.018394,10.5461,2015-10-03 17:35:52,2015-10-04 00:35:52,2209,1741,0.403413,1,2529,0.437579,0.121858,0.887664,0.4,0.827513,0.75,0.015823,0.0001,3.20734e-08,999999,1.639799e-01,3,Indonesian Exclusive Economic Zone,WPP712,,SVDNB_npp_d20151003_t1731466_e1737270_b20378_c20151003233728467558_noaa_ops.h5,GDNBO_npp_d20151003_t1731466_e1737270_b20378_c20151003233728467298_noaa_ops.h5,SVI04_npp_d20151003_t1731466_e1737270_b20378_c20151003233728541959_noaa_ops.dspace_rad,VNFF_npp_d20151003_t1731466_e1737270_b20378_v21.csv,World_EEZ_v8_2014.shp,WPP_BFAR_merge.shp,KKP_IDN_merge_20161208.shp,VNF-VBD_npp_20120301-20151231_global_asia-enhanced_c201607211230.bitmask,NCEI_NGA.union.nga_lead2.add_2015ntl.mask,timezone.shp,VBD_platforms-recurring_2015_r20170330.shp,999999,VBD_bridges_c20160811.shp,9.202956;7.293124;4.987635;0.117751;-4.766567;-9.662423;-14.566307;-12.781590;-10.252750;-5.421471;-0.565886;4.309883,106.389061;120.204430;133.795395;132.636734;131.583801;130.626740;129.763702;115.696312;101.762085;103.094223;104.302101;105.397919,npp_d20151003_t1731466_e1737270_b20378,155.742,115.998,16.7716,100.333,60.5189,64.366
1032,VBD_npp_d20151003_t1735471_x1150942E_y065403S_l2164_s1742_v23,2017-06-01 16:11:27,-6.540334,115.094223,43.5978,2015-10-03 17:35:47,2015-10-04 00:35:47,2164,1742,0.404836,1,2529,0.870988,0.14011,0.87606,0.4,0.927019,0.75,0.0159493,0.0001,3.46128e-08,999999,-3.113428e-02,3,Indonesian Exclusive Economic Zone,WPP712,,SVDNB_npp_d20151003_t1731466_e1737270_b20378_c20151003233728467558_noaa_ops.h5,GDNBO_npp_d20151003_t1731466_e1737270_b20378_c20151003233728467298_noaa_ops.h5,SVI04_npp_d20151003_t1731466_e1737270_b20378_c20151003233728541959_noaa_ops.dspace_rad,VNFF_npp_d20151003_t1731466_e1737270_b20378_v21.csv,World_EEZ_v8_2014.shp,WPP_BFAR_merge.shp,KKP_IDN_merge_20161208.shp,VNF-VBD_npp_20120301-20151231_global_asia-enhanced_c201607211230.bitmask,NCEI_NGA.union.nga_lead2.add_2015ntl.mask,timezone.shp,VBD_platforms-recurring_2015_r20170330.shp,999999,VBD_bridges_c20160811.shp,9.202956;7.293124;4.987635;0.117751;-4.766567;-9.662423;-14.566307;-12.781590;-10.252750;-5.421471;-0.565886;4.309883,106.389061;120.204430;133.795395;132.636734;131.583801;130.626740;129.763702;115.696312;101.762085;103.094223;104.302101;105.397919,npp_d20151003_t1731466_e1737270_b20378,155.82,115.355,16.7123,99.7381,60.3427,64.5006
1033,VBD_npp_d20151003_t1735471_x1150921E_y065537S_l2166_s1742_v23,2017-06-01 16:11:27,-6.553724,115.092064,25.2965,2015-10-03 17:35:47,2015-10-04 00:35:47,2166,1742,0.394309,1,2529,0.712153,0.141336,0.87606,0.4,0.893089,0.75,0.0159439,0.0001,3.37307e-08,999999,-4.424532e-02,3,Indonesian Exclusive Economic Zone,WPP712,,SVDNB_npp_d20151003_t1731466_e1737270_b20378_c20151003233728467558_noaa_ops.h5,GDNBO_npp_d20151003_t1731466_e1737270_b20378_c20151003233728467298_noaa_ops.h5,SVI04_npp_d20151003_t1731466_e1737270_b20378_c20151003233728541959_noaa_ops.dspace_rad,VNFF_npp_d20151003_t1731466_e1737270_b20378_v21.csv,World_EEZ_v8_2014.shp,WPP_BFAR_merge.shp,KKP_IDN_merge_20161208.shp,VNF-VBD_npp_20120301-20151231_global_asia-enhanced_c201607211230.bitmask,NCEI_NGA.union.nga_lead2.add_2015ntl.mask,timezone.shp,VBD_platforms-recurring_2015_r20170330.shp,999999,VBD_bridges_c20160811.shp,9.202956;7.293124;4.987635;0.117751;-4.766567;-9.662423;-14.566307;-12.781590;-10.252750;-5.421471;-0.565886;4.309883,106.389061;120.204430;133.795395;132.636734;131.583801;130.626740;129.763702;115.696312;101.762085;103.094223;104.302101;105.397919,npp_d20151003_t1731466_e1737270_b20378,155.816,115.384,16.7116,99.3467,60.3504,64.4943
1034,VBD_npp_d20151003_t1735471_x1150856E_y065939S_l2172_s1742_v23,2017-06-01 16:11:27,-6.593894,115.085556,13.6794,2015-10-03 17:35:47,2015-10-04 00:35:47,2172,1742,0.407752,8,18913,0.569162,0.128632,0.876359,0.4,0.893259,0.75,0.0159276,0.0001,3.11873e-08,999999,9.156982e-02,3,Indonesian Exclusive Economic Zone,WPP712,,SVDNB_npp_d20151003_t1731466_e1737270_b20378_c20151003233728467558_noaa_ops.h5,GDNBO_npp_d20151003_t1731466_e1737270_b20378_c20151003233728467298_noaa_ops.h5,SVI04_npp_d20151003_t1731466_e1737270_b20378_c20151003233728541959_noaa_ops.dspace_rad,VNFF_npp_d20151003_t1731466_e1737270_b20378_v21.csv,World_EEZ_v8_2014.shp,WPP_BFAR_merge.shp,KKP_IDN_merge_20161208.shp,VNF-VBD_npp_20120301-20151231_global_asia-enhanced_c201607211230.bitmask,NCEI_NGA.union.nga_lead2.add_2015ntl.mask,timezone.shp,VBD_platforms-recurring_2015_r20170330.shp,0.304372,VBD_bridges_c20160811.shp,9.202956;7.293124;4.987635;0.117751;-4.766567;-9.662423;-14.566307;-12.781590;-10.252750;-5.421471;-0.565886;4.309883,106.389061;120.204430;133.795395;132.636734;131.583801;130.626740;129.763702;115.696312;101.762085;103.094223;104.302101;105.397919,npp_d20151003_t1731466_e1737270_b20378,155.805,115.472,16.714,98.1729,60.3737,64.4754
1035,VBD_npp_d20151003_t1735453_x1151128E_y065108S_l2159_s1743_v23,2017-06-01 16:11:27,-6.510762,115.112801,10.0736,2015-10-03 17:35:45,2015-10-04 00:35:45,2159,1743,0.400639,1,2529,0.47314,0.136534,0.873537,0.4,0.833469,0.75,0.0159665,0.0001,3.17073e-08,999999,7.089464e-03,3,Indonesian Exclusive Economic Zone,WPP712,,SVDNB_npp_d20151003_t1731466_e1737270_b20378_c20151003233728467558_noaa_ops.h5,GDNBO_npp_d20151003_t1731466_e1737270_b20378_c20151003233728467298_noaa_ops.h5,SVI04_npp_d20151003_t1731466_e1737270_b20378_c20151003233728541959_noaa_ops.dspace_rad,VNFF_npp_d20151003_t1731466_e1737270_b20378_v21.csv,World_EEZ_v8_2014.shp,WPP_BFAR_merge.shp,KKP_IDN_merge_20161208.shp,VNF-VBD_npp_20120301-20151231_global_asia-enhanced_c201607211230.bitmask,NCEI_NGA.union.nga_lead2.add_2015ntl.mask,timezone.shp,VBD_platforms-recurring_2015_r20170330.shp,999999,VBD_bridges_c20160811.shp,9.202956;7.293124;4.987635;0.117751;-4.766567;-9.662423;-14.566307;-12.781590;-10.252750;-5.421471;-0.565886;4.309883,106.389061;120.204430;133.795395;132.636734;131.583801;130.626740;129.763702;115.696312;101.762085;103.094223;104.302101;105.397919,npp_d20151003_t1731466_e1737270_b20378,155.823,115.284,16.6648,97.5701,60.3195,64.5122
1036,VBD_npp_d20151003_t1735507_x1150548E_y067368S_l2194_s1743_v23,2017-06-01 16:11:27,-6.736825,115.054848,9.31798,2015-10-03 17:35:50,2015-10-04 00:35:50,2194,1743,0.408535,1,2529,0.452063,0.122015,0.859369,0.4,0.870807,0.75,0.0158714,0.0001,3.4543e-08,999999,1.623007e-01,3,Indonesian Exclusive Economic Zone,WPP712,,SVDNB_npp_d20151003_t1731466_e1737270_b20378_c20151003233728467558_noaa_ops.h5,GDNBO_npp_d20151003_t1731466_e1737270_b20378_c20151003233728467298_noaa_ops.h5,SVI04_npp_d20151003_t1731466_e1737270_b20378_c20151003233728541959_noaa_ops.dspace_rad,VNFF_npp_d20151003_t1731466_e1737270_b20378_v21.csv,World_EEZ_v8_2014.shp,WPP_BFAR_merge.shp,KKP_IDN_merge_20161208.shp,VNF-VBD_npp_20120301-20151231_global_asia-enhanced_c201607211230.bitmask,NCEI_NGA.union.nga_lead2.add_2015ntl.mask,timezone.shp,VBD_platforms-recurring_2015_r20170330.shp,999999,VBD_bridges_c20160811.shp,9.202956;7.293124;4.987635;0.117751;-4.766567;-9.662423;-14.566307;-12.781590;-10.252750;-5.421471;-0.565886;4.309883,106.389061;120.204430;133.795395;132.636734;131.583801;130.626740;129.763702;115.696312;101.762085;103.094223;104.302101;105.397919,npp_d20151003_t1731466_e1737270_b20378,155.757,115.775,16.661,100.144,60.4507,64.4057
1037,VBD_npp_d20151003_t1734253_x1161914E_y017830S_l1435_s1744_v23,2017-06-01 16:11:27,-1.782984,116.191383,7.64055,2015-10-03 17:34:25,2015-10-04 01:34:25,1435,1744,0.434,1,2529,0.420491,0.106464,0.779929,0.4,0.864341,0.75,0.0176644,0.0001,1.10852e-07,999999,3.285443e-01,3,,,,SVDNB_npp_d20151003_t1731466_e1737270_b20378_c20151003233728467558_noaa_ops.h5,GDNBO_npp_d20151003_t1731466_e1737270_b20378_c20151003233728467298_noaa_ops.h5,SVI04_npp_d20151003_t1731466_e1737270_b20378_c20151003233728541959_noaa_ops.dspace_rad,VNFF_npp_d20151003_t1731466_e1737270_b20378_v21.csv,World_EEZ_v8_2014.shp,WPP_BFAR_merge.shp,KKP_IDN_merge_20161208.shp,VNF-VBD_npp_20120301-20151231_global_asia-enhanced_c201607211230.bitmask,NCEI_NGA.union.nga_lead2.add_2015ntl.mask,timezone.shp,VBD_platforms-recurring_2015_r20170330.shp,999999,VBD_bridges_c20160811.shp,9.202956;7.293124;4.987635;0.117751;-4.766567;-9.662423;-14.566307;-12.781590;-10.252750;-5.421471;-0.565886;4.309883,106.389061;120.204430;133.795395;132.636734;131.583801;130.626740;129.763702;115.696312;101.762085;103.094223;104.302101;105.397919,npp_d20151003_t1731466_e1737270_b20378,156.738,104.514,16.6027,98.1452,57.6629,66.9414
1038,VBD_npp_d20151003_t1735471_x1151099E_y065291S_l2162_s1744_v23,2017-06-01 16:11:27,-6.529133,115.109879,16.2479,2015-10-03 17:35:47,2015-10-04 00:35:47,2162,1744,0.40448,1,2529,0.543104,0.126924,0.873537,0.4,0.862642,0.75,0.0159621,0.0001,3.76467e-08,999999,1.098264e-01,3,Indonesian Exclusive Economic Zone,WPP712,,SVDNB_npp_d20151003_t1731466_e1737270_b20378_c20151003233728467558_noaa_ops.h5,GDNBO_npp_d20151003_t1731466_e1737270_b20378_c20151003233728467298_noaa_ops.h5,SVI04_npp_d20151003_t1731466_e1737270_b20378_c20151003233728541959_noaa_ops.dspace_rad,VNFF_npp_d20151003_t1731466_e1737270_b20378_v21.csv,World_EEZ_v8_2014.shp,WPP_BFAR_merge.shp,KKP_IDN_merge_20161208.shp,VNF-VBD_npp_20120301-20151231_global_asia-enhanced_c201607211230.bitmask,NCEI_NGA.union.nga_lead2.add_2015ntl.mask,timezone.shp,VBD_platforms-recurring_2015_r20170330.shp,999999,VBD_bridges_c20160811.shp,9.202956;7.293124;4.987635;0.117751;-4.766567;-9.662423;-14.566307;-12.781590;-10.252750;-5.421471;-0.565886;4.309883,106.389061;120.204430;133.795395;132.636734;131.583801;130.626740;129.763702;115.696312;101.762085;103.094223;104.302101;105.397919,npp_d20151003_t1731466_e1737270_b20378,155.811,115.316,16.6039,100.135,60.3236,64.5009
1039,VBD_npp_d20151003_t1735471_x1151077E_y065425S_l2164_s1744_v23,2017-06-01 16:11:27,-6.542517,115.107719,9.94571,2015-10-03 17:35:47,2015-10-04 00:35:47,2164,1744,0.403911,7,2465,0.254804,0.163932,0.881807,0.4,0.506722,0.75,0.0159567,0.0001,3.66943e-08,999999,-2.857974e-01,3,,,,SVDNB_npp_d20151003_t1731466_e1737270_b20378_c20151003233728467558_noaa_ops.h5,GDNBO_npp_d20151003_t1731466_e1737270_b20378_c20151003233728467298_noaa_ops.h5,SVI04_npp_d20151003_t1731466_e1737270_b20378_c20151003233728541959_noaa_ops.dspace_rad,VNFF_npp_d20151003_t1731466_e1737270_b20378_v21.csv,World_EEZ_v8_2014.shp,WPP_BFAR_merge.shp,KKP_IDN_merge_20161208.shp,VNF-VBD_npp_20120301-20151231_global_asia-enhanced_c201607211230.bitmask,NCEI_NGA.union.nga_lead2.add_2015ntl.mask,timezone.shp,VBD_platforms-recurring_2015_r20170330.shp,999999,VBD_bridges_c20160811.shp,9.202956;7.293124;4.987635;0.117751;-4.766567;-9.662423;-14.566307;-12.781590;-10.252750;-5.421471;-0.565886;4.309883,106.389061;120.204430;133.795395;132.636734;131.583801;130.626740;129.763702;115.696312;101.762085;103.094223;104.302101;105.397919,npp_d20151003_t1731466_e1737270_b20378,155.807,115.345,16.6025,99.7412,60.3314,64.4945
1040,VBD_npp_d20151003_t1735471_x1151056E_y065559S_l2166_s1744_v23,2017-06-01 16:11:27,-6.555900,115.105560,33.9905,2015-10-03 17:35:47,2015-10-04 00:35:47,2166,1744,0.397225,1,2529,0.798635,0.172169,0.881807,0.4,0.891534,0.75,0.0159513,0.0001,3.57605e-08,999999,-3.738577e-01,3,Indonesian Exclusive Economic Zone,WPP712,,SVDNB_npp_d20151003_t1731466_e1737270_b20378_c20151003233728467558_noaa_ops.h5,GDNBO_npp_d20151003_t1731466_e1737270_b20378_c20151003233728467298_noaa_ops.h5,SVI04_npp_d20151003_t1731466_e1737270_b20378_c20151003233728541959_noaa_ops.dspace_rad,VNFF_npp_d20151003_t1731466_e1737270_b20378_v21.csv,World_EEZ_v8_2014.shp,WPP_BFAR_merge.shp,KKP_IDN_merge_20161208.shp,VNF-VBD_npp_20120301-20151231_global_asia-enhanced_c201607211230.bitmask,NCEI_NGA.union.nga_lead2.add_2015ntl.mask,timezone.shp,VBD_platforms-recurring_2015_r20170330.shp,999999,VBD_bridges_c20160811.shp,9.202956;7.293124;4.987635;0.117751;-4.766567;-9.662423;-14.566307;-12.781590;-10.252750;-5.421471;-0.565886;4.309883,106.389061;120.204430;133.795395;132.636734;131.583801;130.626740;129.763702;115.696312;101.762085;103.094223;104.302101;105.397919,npp_d20151003_t1731466_e1737270_b20378,155.803,115.374,16.6017,99.3473,60.3392,64.4882
1041,VBD_npp_d20151003_t1735507_x1150486E_y068182S_l2206_s1744_v23,2017-06-01 16:11:27,-6.818222,115.048607,9.44113,2015-10-03 17:35:50,2015-10-04 00:35:50,2206,1744,0.407041,8,18913,0.437877,0.148229,0.889277,0.4,0.848045,0.75,0.0158423,0.0001,3.03953e-08,999999,-1.179302e-01,3,Indonesian Exclusive Economic Zone,WPP712,,SVDNB_npp_d20151003_t1731466_e1737270_b20378_c20151003233728467558_noaa_ops.h5,GDNBO_npp_d20151003_t1731466_e1737270_b20378_c20151003233728467298_noaa_ops.h5,SVI04_npp_d20151003_t1731466_e1737270_b20378_c20151003233728541959_noaa_ops.dspace_rad,VNFF_npp_d20151003_t1731466_e1737270_b20378_v21.csv,World_EEZ_v8_2014.shp,WPP_BFAR_merge.shp,KKP_IDN_merge_20161208.shp,VNF-VBD_npp_20120301-20151231_global_asia-enhanced_c201607211230.bitmask,NCEI_NGA.union.nga_lead2.add_2015ntl.mask,timezone.shp,VBD_platforms-recurring_2015_r20170330.shp,0.23143,VBD_bridges_c20160811.shp,9.202956;7.293124;4.987635;0.117751;-4.766567;-9.662423;-14.566307;-12.781590;-10.252750;-5.421471;-0.565886;4.309883,106.389061;120.204430;133.795395;132.636734;131.583801;130.626740;129.763702;115.696312;101.762085;103.094223;104.302101;105.397919,npp_d20151003_t1731466_e1737270_b20378,155.727,115.945,16.6086,97.7841,60.4919,64.365
1042,VBD_npp_d20151003_t1735525_x1150387E_y068359S_l2209_s1744_v23,2017-06-01 16:11:27,-6.835856,115.038666,15.0765,2015-10-03 17:35:52,2015-10-04 00:35:52,2209,1744,0.404196,1,2529,0.571849,0.130214,0.893049,0.4,0.877266,0.75,0.0158341,0.0001,3.50251e-08,999999,7.465371e-02,3,Indonesian Exclusive Economic Zone,WPP712,,SVDNB_npp_d20151003_t1731466_e1737270_b20378_c20151003233728467558_noaa_ops.h5,GDNBO_npp_d20151003_t1731466_e1737270_b20378_c20151003233728467298_noaa_ops.h5,SVI04_npp_d20151003_t1731466_e1737270_b20378_c20151003233728541959_noaa_ops.dspace_rad,VNFF_npp_d20151003_t1731466_e1737270_b20378_v21.csv,World_EEZ_v8_2014.shp,WPP_BFAR_merge.shp,KKP_IDN_merge_20161208.shp,VNF-VBD_npp_20120301-20151231_global_asia-enhanced_c201607211230.bitmask,NCEI_NGA.union.nga_lead2.add_2015ntl.mask,timezone.shp,VBD_platforms-recurring_2015_r20170330.shp,999999,VBD_bridges_c20160811.shp,9.202956;7.293124;4.987635;0.117751;-4.766567;-9.662423;-14.566307;-12.781590;-10.252750;-5.421471;-0.565886;4.309883,106.389061;120.204430;133.795395;132.636734;131.583801;130.626740;129.763702;115.696312;101.762085;103.094223;104.302101;105.397919,npp_d20151003_t1731466_e1737270_b20378,155.722,115.982,16.6068,100.343,60.5021,64.3567
1043,VBD_npp_d20151003_t1735471_x1151069E_y065904S_l2171_s1745_v23,2017-06-01 16:11:27,-6.590436,115.106895,22.3193,2015-10-03 17:35:47,2015-10-04 00:35:47,2171,1745,0.405689,8,18913,0.643883,0.11974,0.88539,0.4,0.878457,0.75,0.0159414,0.0001,3.44972e-08,999999,1.866241e-01,3,Indonesian Exclusive Economic Zone,WPP712,,SVDNB_npp_d20151003_t1731466_e1737270_b20378_c20151003233728467558_noaa_ops.h5,GDNBO_npp_d20151003_t1731466_e1737270_b20378_c20151003233728467298_noaa_ops.h5,SVI04_npp_d20151003_t1731466_e1737270_b20378_c20151003233728541959_noaa_ops.dspace_rad,VNFF_npp_d20151003_t1731466_e1737270_b20378_v21.csv,World_EEZ_v8_2014.shp,WPP_BFAR_merge.shp,KKP_IDN_merge_20161208.shp,VNF-VBD_npp_20120301-20151231_global_asia-enhanced_c201607211230.bitmask,NCEI_NGA.union.nga_lead2.add_2015ntl.mask,timezone.shp,VBD_platforms-recurring_2015_r20170330.shp,0.209666,VBD_bridges_c20160811.shp,9.202956;7.293124;4.987635;0.117751;-4.766567;-9.662423;-14.566307;-12.781590;-10.252750;-5.421471;-0.565886;4.309883,106.389061;120.204430;133.795395;132.636734;131.583801;130.626740;129.763702;115.696312;101.762085;103.094223;104.302101;105.397919,npp_d20151003_t1731466_e1737270_b20378,155.787,115.442,16.5484,98.3599,60.353,64.4694
1044,VBD_npp_d20151003_t1735471_x1151047E_y066038S_l2173_s1745_v23,2017-06-01 16:11:27,-6.603817,115.104721,37.8558,2015-10-03 17:35:47,2015-10-04 00:35:47,2173,1745,0.405049,1,2529,0.89784,0.12562,0.88539,0.4,0.944374,0.75,0.015936,0.0001,3.36011e-08,999999,1.237585e-01,3,Indonesian Exclusive Economic Zone,WPP712,,SVDNB_npp_d20151003_t1731466_e1737270_b20378_c20151003233728467558_noaa_ops.h5,GDNBO_npp_d20151003_t1731466_e1737270_b20378_c20151003233728467298_noaa_ops.h5,SVI04_npp_d20151003_t1731466_e1737270_b20378_c20151003233728541959_noaa_ops.dspace_rad,VNFF_npp_d20151003_t1731466_e1737270_b20378_v21.csv,World_EEZ_v8_2014.shp,WPP_BFAR_merge.shp,KKP_IDN_merge_20161208.shp,VNF-VBD_npp_20120301-20151231_global_asia-enhanced_c201607211230.bitmask,NCEI_NGA.union.nga_lead2.add_2015ntl.mask,timezone.shp,VBD_platforms-recurring_2015_r20170330.shp,999999,VBD_bridges_c20160811.shp,9.202956;7.293124;4.987635;0.117751;-4.766567;-9.662423;-14.566307;-12.781590;-10.252750;-5.421471;-0.565886;4.309883,106.389061;120.204430;133.795395;132.636734;131.583801;130.626740;129.763702;115.696312;101.762085;103.094223;104.302101;105.397919,npp_d20151003_t1731466_e1737270_b20378,155.784,115.471,16.5503,97.9649,60.3607,64.4631
1045,VBD_npp_d20151003_t1735453_x1151406E_y064672S_l2152_s1746_v23,2017-06-01 16:11:27,-6.467159,115.140610,14.1886,2015-10-03 17:35:45,2015-10-04 00:35:45,2152,1746,0.4032,1,2529,0.573917,0.135798,0.869264,0.4,0.88862,0.75,0.0159966,0.0001,3.79277e-08,999999,1.496334e-02,3,Indonesian Exclusive Economic Zone,WPP712,,SVDNB_npp_d20151003_t1731466_e1737270_b20378_c20151003233728467558_noaa_ops.h5,GDNBO_npp_d20151003_t1731466_e1737270_b20378_c20151003233728467298_noaa_ops.h5,SVI04_npp_d20151003_t1731466_e1737270_b20378_c20151003233728541959_noaa_ops.dspace_rad,VNFF_npp_d20151003_t1731466_e1737270_b20378_v21.csv,World_EEZ_v8_2014.shp,WPP_BFAR_merge.shp,KKP_IDN_merge_20161208.shp,VNF-VBD_npp_20120301-20151231_global_asia-enhanced_c201607211230.bitmask,NCEI_NGA.union.nga_lead2.add_2015ntl.mask,timezone.shp,VBD_platforms-recurring_2015_r20170330.shp,999999,VBD_bridges_c20160811.shp,9.202956;7.293124;4.987635;0.117751;-4.766567;-9.662423;-14.566307;-12.781590;-10.252750;-5.421471;-0.565886;4.309883,106.389061;120.204430;133.795395;132.636734;131.583801;130.626740;129.763702;115.696312;101.762085;103.094223;104.302101;105.397919,npp_d20151003_t1731466_e1737270_b20378,155.816,115.166,16.4938,98.9408,60.2754,64.5252
1046,VBD_npp_d20151003_t1735471_x1151212E_y065447S_l2164_s1746_v23,2017-06-01 16:11:27,-6.544696,115.121201,14.5232,2015-10-03 17:35:47,2015-10-04 00:35:47,2164,1746,0.405547,1,2529,0.501498,0.15986,0.881807,0.4,0.838609,0.75,0.0159641,0.0001,3.88909e-08,999999,-2.422689e-01,3,Indonesian Exclusive Economic Zone,WPP712,,SVDNB_npp_d20151003_t1731466_e1737270_b20378_c20151003233728467558_noaa_ops.h5,GDNBO_npp_d20151003_t1731466_e1737270_b20378_c20151003233728467298_noaa_ops.h5,SVI04_npp_d20151003_t1731466_e1737270_b20378_c20151003233728541959_noaa_ops.dspace_rad,VNFF_npp_d20151003_t1731466_e1737270_b20378_v21.csv,World_EEZ_v8_2014.shp,WPP_BFAR_merge.shp,KKP_IDN_merge_20161208.shp,VNF-VBD_npp_20120301-20151231_global_asia-enhanced_c201607211230.bitmask,NCEI_NGA.union.nga_lead2.add_2015ntl.mask,timezone.shp,VBD_platforms-recurring_2015_r20170330.shp,999999,VBD_bridges_c20160811.shp,9.202956;7.293124;4.987635;0.117751;-4.766567;-9.662423;-14.566307;-12.781590;-10.252750;-5.421471;-0.565886;4.309883,106.389061;120.204430;133.795395;132.636734;131.583801;130.626740;129.763702;115.696312;101.762085;103.094223;104.302101;105.397919,npp_d20151003_t1731466_e1737270_b20378,155.794,115.335,16.4926,99.7443,60.3202,64.4884
1047,VBD_npp_d20151003_t1735507_x1150740E_y067468S_l2195_s1746_v23,2017-06-01 16:11:27,-6.746798,115.074013,8.08867,2015-10-03 17:35:50,2015-10-04 00:35:50,2195,1746,0.410313,1,2529,0.472957,0.13075,0.863727,0.4,0.914451,0.75,0.0158797,0.0001,3.72203e-08,999999,6.892523e-02,3,Indonesian Exclusive Economic Zone,WPP712,,SVDNB_npp_d20151003_t1731466_e1737270_b20378_c20151003233728467558_noaa_ops.h5,GDNBO_npp_d20151003_t1731466_e1737270_b20378_c20151003233728467298_noaa_ops.h5,SVI04_npp_d20151003_t1731466_e1737270_b20378_c20151003233728541959_noaa_ops.dspace_rad,VNFF_npp_d20151003_t1731466_e1737270_b20378_v21.csv,World_EEZ_v8_2014.shp,WPP_BFAR_merge.shp,KKP_IDN_merge_20161208.shp,VNF-VBD_npp_20120301-20151231_global_asia-enhanced_c201607211230.bitmask,NCEI_NGA.union.nga_lead2.add_2015ntl.mask,timezone.shp,VBD_platforms-recurring_2015_r20170330.shp,999999,VBD_bridges_c20160811.shp,9.202956;7.293124;4.987635;0.117751;-4.766567;-9.662423;-14.566307;-12.781590;-10.252750;-5.421471;-0.565886;4.309883,106.389061;120.204430;133.795395;132.636734;131.583801;130.626740;129.763702;115.696312;101.762085;103.094223;104.302101;105.397919,npp_d20151003_t1731466_e1737270_b20378,155.736,115.775,16.4955,99.9541,60.4378,64.3933
1048,VBD_npp_d20151003_t1735507_x1150667E_y068348S_l2208_s1747_v23,2017-06-01 16:11:27,-6.834818,115.066666,26.5626,2015-10-03 17:35:50,2015-10-04 00:35:50,2208,1747,0.409246,1,2529,0.804263,0.146843,0.876768,0.4,0.931956,0.75,0.0158479,0.0001,3.23058e-08,999999,-1.031166e-01,3,Indonesian Exclusive Economic Zone,WPP712,,SVDNB_npp_d20151003_t1731466_e1737270_b20378_c20151003233728467558_noaa_ops.h5,GDNBO_npp_d20151003_t1731466_e1737270_b20378_c20151003233728467298_noaa_ops.h5,SVI04_npp_d20151003_t1731466_e1737270_b20378_c20151003233728541959_noaa_ops.dspace_rad,VNFF_npp_d20151003_t1731466_e1737270_b20378_v21.csv,World_EEZ_v8_2014.shp,WPP_BFAR_merge.shp,KKP_IDN_merge_20161208.shp,VNF-VBD_npp_20120301-20151231_global_asia-enhanced_c201607211230.bitmask,NCEI_NGA.union.nga_lead2.add_2015ntl.mask,timezone.shp,VBD_platforms-recurring_2015_r20170330.shp,999999,VBD_bridges_c20160811.shp,9.202956;7.293124;4.987635;0.117751;-4.766567;-9.662423;-14.566307;-12.781590;-10.252750;-5.421471;-0.565886;4.309883,106.389061;120.204430;133.795395;132.636734;131.583801;130.626740;129.763702;115.696312;101.762085;103.094223;104.302101;105.397919,npp_d20151003_t1731466_e1737270_b20378,155.704,115.958,16.447,97.3721,60.4828,64.3495
1049,VBD_npp_d20151003_t1735525_x1150513E_y068860S_l2216_s1747_v23,2017-06-01 16:11:27,-6.885955,115.051323,7.80527,2015-10-03 17:35:52,2015-10-04 00:35:52,2216,1747,0.403484,1,2529,0.425029,0.154665,0.82419,0.4,0.868675,0.75,0.015826,0.0001,3.49082e-08,999999,-1.867330e-01,3,Indonesian Exclusive Economic Zone,WPP712,,SVDNB_npp_d20151003_t1731466_e1737270_b20378_c20151003233728467558_noaa_ops.h5,GDNBO_npp_d20151003_t1731466_e1737270_b20378_c20151003233728467298_noaa_ops.h5,SVI04_npp_d20151003_t1731466_e1737270_b20378_c20151003233728541959_noaa_ops.dspace_rad,VNFF_npp_d20151003_t1731466_e1737270_b20378_v21.csv,World_EEZ_v8_2014.shp,WPP_BFAR_merge.shp,KKP_IDN_merge_20161208.shp,VNF-VBD_npp_20120301-20151231_global_asia-enhanced_c201607211230.bitmask,NCEI_NGA.union.nga_lead2.add_2015ntl.mask,timezone.shp,VBD_platforms-recurring_2015_r20170330.shp,999999,VBD_bridges_c20160811.shp,9.202956;7.293124;4.987635;0.117751;-4.766567;-9.662423;-14.566307;-12.781590;-10.252750;-5.421471;-0.565886;4.309883,106.389061;120.204430;133.795395;132.636734;131.583801;130.626740;129.763702;115.696312;101.762085;103.094223;104.302101;105.397919,npp_d20151003_t1731466_e1737270_b20378,155.689,116.068,16.4389,98.9619,60.5125,64.3256
1050,VBD_npp_d20151003_t1735009_x1157442E_y038909S_l1757_s1748_v23,2017-06-01 16:11:27,-3.890888,115.744156,3.74977,2015-10-03 17:35:00,2015-10-04 01:35:00,1757,1748,0.412874,1,2529,0.24897,0.180497,0.64407,0.4,0.792889,0.75,0.0169235,0.0001,7.35626e-08,999999,-4.628772e-01,3,Indonesian Exclusive Economic Zone,WPP713,,SVDNB_npp_d20151003_t1731466_e1737270_b20378_c20151003233728467558_noaa_ops.h5,GDNBO_npp_d20151003_t1731466_e1737270_b20378_c20151003233728467298_noaa_ops.h5,SVI04_npp_d20151003_t1731466_e1737270_b20378_c20151003233728541959_noaa_ops.dspace_rad,VNFF_npp_d20151003_t1731466_e1737270_b20378_v21.csv,World_EEZ_v8_2014.shp,WPP_BFAR_merge.shp,KKP_IDN_merge_20161208.shp,VNF-VBD_npp_20120301-20151231_global_asia-enhanced_c201607211230.bitmask,NCEI_NGA.union.nga_lead2.add_2015ntl.mask,timezone.shp,VBD_platforms-recurring_2015_r20170330.shp,999999,VBD_bridges_c20160811.shp,9.202956;7.293124;4.987635;0.117751;-4.766567;-9.662423;-14.566307;-12.781590;-10.252750;-5.421471;-0.565886;4.309883,106.389061;120.204430;133.795395;132.636734;131.583801;130.626740;129.763702;115.696312;101.762085;103.094223;104.302101;105.397919,npp_d20151003_t1731466_e1737270_b20378,156.408,109.386,16.388,97.8214,58.7964,65.7999
1051,VBD_npp_d20151003_t1735471_x1151357E_y065402S_l2163_s1748_v23,2017-06-01 16:11:27,-6.540188,115.135735,7.98723,2015-10-03 17:35:47,2015-10-04 00:35:47,2163,1748,0.401706,1,2529,0.348256,0.121935,0.87662,0.4,0.760365,0.75,0.0159742,0.0001,4.1739e-08,999999,1.631551e-01,3,Indonesian Exclusive Economic Zone,WPP712,,SVDNB_npp_d20151003_t1731466_e1737270_b20378_c20151003233728467558_noaa_ops.h5,GDNBO_npp_d20151003_t1731466_e1737270_b20378_c20151003233728467298_noaa_ops.h5,SVI04_npp_d20151003_t1731466_e1737270_b20378_c20151003233728541959_noaa_ops.dspace_rad,VNFF_npp_d20151003_t1731466_e1737270_b20378_v21.csv,World_EEZ_v8_2014.shp,WPP_BFAR_merge.shp,KKP_IDN_merge_20161208.shp,VNF-VBD_npp_20120301-20151231_global_asia-enhanced_c201607211230.bitmask,NCEI_NGA.union.nga_lead2.add_2015ntl.mask,timezone.shp,VBD_platforms-recurring_2015_r20170330.shp,999999,VBD_bridges_c20160811.shp,9.202956;7.293124;4.987635;0.117751;-4.766567;-9.662423;-14.566307;-12.781590;-10.252750;-5.421471;-0.565886;4.309883,106.389061;120.204430;133.795395;132.636734;131.583801;130.626740;129.763702;115.696312;101.762085;103.094223;104.302101;105.397919,npp_d20151003_t1731466_e1737270_b20378,155.783,115.311,16.3835,99.947,60.305,64.4855
1052,VBD_npp_d20151003_t1732029_x1180837E_y065653N_l0157_s1749_v23,2017-06-01 16:11:27,6.565332,118.083725,27.2588,2015-10-03 17:32:02,2015-10-04 01:32:02,157,1749,0.419489,2,2465,0.468585,0.218307,0.63995,0.4,0.74602,0.75,0.0203125,0.0001,6.43588e-07,999999,-3.176280e-01,3,Philippines Exclusive Economic Zone,ARMM,,SVDNB_npp_d20151003_t1731466_e1737270_b20378_c20151003233728467558_noaa_ops.h5,GDNBO_npp_d20151003_t1731466_e1737270_b20378_c20151003233728467298_noaa_ops.h5,SVI04_npp_d20151003_t1731466_e1737270_b20378_c20151003233728541959_noaa_ops.dspace_rad,VNFF_npp_d20151003_t1731466_e1737270_b20378_v21.csv,World_EEZ_v8_2014.shp,WPP_BFAR_merge.shp,KKP_IDN_merge_20161208.shp,VNF-VBD_npp_20120301-20151231_global_asia-enhanced_c201607211230.bitmask,NCEI_NGA.union.nga_lead2.add_2015ntl.mask,timezone.shp,VBD_platforms-recurring_2015_r20170330.shp,999999,VBD_bridges_c20160811.shp,9.202956;7.293124;4.987635;0.117751;-4.766567;-9.662423;-14.566307;-12.781590;-10.252750;-5.421471;-0.565886;4.309883,106.389061;120.204430;133.795395;132.636734;131.583801;130.626740;129.763702;115.696312;101.762085;103.094223;104.302101;105.397919,npp_d20151003_t1731466_e1737270_b20378,156.134,85.1165,16.3276,97.5,53.4621,72.2063
1053,VBD_npp_d20151003_t1735471_x1151707E_y065801S_l2168_s1754_v23,2017-06-01 16:11:27,-6.580090,115.170677,25.1091,2015-10-03 17:35:47,2015-10-04 00:35:47,2168,1754,0.403627,1,2529,0.83568,0.145954,0.874251,0.4,0.937865,0.75,0.0159827,0.0001,4.65014e-08,999999,-9.361258e-02,3,Indonesian Exclusive Economic Zone,WPP712,,SVDNB_npp_d20151003_t1731466_e1737270_b20378_c20151003233728467558_noaa_ops.h5,GDNBO_npp_d20151003_t1731466_e1737270_b20378_c20151003233728467298_noaa_ops.h5,SVI04_npp_d20151003_t1731466_e1737270_b20378_c20151003233728541959_noaa_ops.dspace_rad,VNFF_npp_d20151003_t1731466_e1737270_b20378_v21.csv,World_EEZ_v8_2014.shp,WPP_BFAR_merge.shp,KKP_IDN_merge_20161208.shp,VNF-VBD_npp_20120301-20151231_global_asia-enhanced_c201607211230.bitmask,NCEI_NGA.union.nga_lead2.add_2015ntl.mask,timezone.shp,VBD_platforms-recurring_2015_r20170330.shp,999999,VBD_bridges_c20160811.shp,9.202956;7.293124;4.987635;0.117751;-4.766567;-9.662423;-14.566307;-12.781590;-10.252750;-5.421471;-0.565886;4.309883,106.389061;120.204430;133.795395;132.636734;131.583801;130.626740;129.763702;115.696312;101.762085;103.094223;104.302101;105.397919,npp_d20151003_t1731466_e1737270_b20378,155.734,115.354,16.0527,98.9436,60.2908,64.4515
1054,VBD_npp_d20151003_t1735026_x1157758E_y039495S_l1765_s1755_v23,2017-06-01 16:11:27,-3.949545,115.775803,2.46388,2015-10-03 17:35:02,2015-10-04 01:35:02,1765,1755,0.422548,1,2529,0.188695,0.148085,0.605136,0.4,0.808914,0.75,0.0169288,0.0001,9.57299e-08,999999,-1.163889e-01,3,Indonesian Exclusive Economic Zone,WPP713,,SVDNB_npp_d20151003_t1731466_e1737270_b20378_c20151003233728467558_noaa_ops.h5,GDNBO_npp_d20151003_t1731466_e1737270_b20378_c20151003233728467298_noaa_ops.h5,SVI04_npp_d20151003_t1731466_e1737270_b20378_c20151003233728541959_noaa_ops.dspace_rad,VNFF_npp_d20151003_t1731466_e1737270_b20378_v21.csv,World_EEZ_v8_2014.shp,WPP_BFAR_merge.shp,KKP_IDN_merge_20161208.shp,VNF-VBD_npp_20120301-20151231_global_asia-enhanced_c201607211230.bitmask,NCEI_NGA.union.nga_lead2.add_2015ntl.mask,timezone.shp,VBD_platforms-recurring_2015_r20170330.shp,999999,VBD_bridges_c20160811.shp,9.202956;7.293124;4.987635;0.117751;-4.766567;-9.662423;-14.566307;-12.781590;-10.252750;-5.421471;-0.565886;4.309883,106.389061;120.204430;133.795395;132.636734;131.583801;130.626740;129.763702;115.696312;101.762085;103.094223;104.302101;105.397919,npp_d20151003_t1731466_e1737270_b20378,156.352,109.48,16.0001,99.4268,58.7851,65.7539
1055,VBD_npp_d20151003_t1735471_x1151852E_y065756S_l2167_s1756_v23,2017-06-01 16:11:27,-6.575570,115.185173,10.4796,2015-10-03 17:35:47,2015-10-04 00:35:47,2167,1756,0.401848,1,2529,0.449537,0.137749,0.867519,0.4,0.839656,0.75,0.0159928,0.0001,4.98649e-08,999999,-5.900391e-03,3,Indonesian Exclusive Economic Zone,WPP712,,SVDNB_npp_d20151003_t1731466_e1737270_b20378_c20151003233728467558_noaa_ops.h5,GDNBO_npp_d20151003_t1731466_e1737270_b20378_c20151003233728467298_noaa_ops.h5,SVI04_npp_d20151003_t1731466_e1737270_b20378_c20151003233728541959_noaa_ops.dspace_rad,VNFF_npp_d20151003_t1731466_e1737270_b20378_v21.csv,World_EEZ_v8_2014.shp,WPP_BFAR_merge.shp,KKP_IDN_merge_20161208.shp,VNF-VBD_npp_20120301-20151231_global_asia-enhanced_c201607211230.bitmask,NCEI_NGA.union.nga_lead2.add_2015ntl.mask,timezone.shp,VBD_platforms-recurring_2015_r20170330.shp,999999,VBD_bridges_c20160811.shp,9.202956;7.293124;4.987635;0.117751;-4.766567;-9.662423;-14.566307;-12.781590;-10.252750;-5.421471;-0.565886;4.309883,106.389061;120.204430;133.795395;132.636734;131.583801;130.626740;129.763702;115.696312;101.762085;103.094223;104.302101;105.397919,npp_d20151003_t1731466_e1737270_b20378,155.723,115.329,15.9429,99.1465,60.2757,64.4485
1056,VBD_npp_d20151003_t1735471_x1151962E_y065500S_l2163_s1757_v23,2017-06-01 16:11:27,-6.549965,115.196182,19.8421,2015-10-03 17:35:47,2015-10-04 00:35:47,2163,1757,0.401635,1,2529,0.731106,0.139939,0.873896,0.4,0.937215,0.75,0.0160074,0.0001,5.3989e-08,999999,-2.930518e-02,3,Indonesian Exclusive Economic Zone,WPP712,,SVDNB_npp_d20151003_t1731466_e1737270_b20378_c20151003233728467558_noaa_ops.h5,GDNBO_npp_d20151003_t1731466_e1737270_b20378_c20151003233728467298_noaa_ops.h5,SVI04_npp_d20151003_t1731466_e1737270_b20378_c20151003233728541959_noaa_ops.dspace_rad,VNFF_npp_d20151003_t1731466_e1737270_b20378_v21.csv,World_EEZ_v8_2014.shp,WPP_BFAR_merge.shp,KKP_IDN_merge_20161208.shp,VNF-VBD_npp_20120301-20151231_global_asia-enhanced_c201607211230.bitmask,NCEI_NGA.union.nga_lead2.add_2015ntl.mask,timezone.shp,VBD_platforms-recurring_2015_r20170330.shp,999999,VBD_bridges_c20160811.shp,9.202956;7.293124;4.987635;0.117751;-4.766567;-9.662423;-14.566307;-12.781590;-10.252750;-5.421471;-0.565886;4.309883,106.389061;120.204430;133.795395;132.636734;131.583801;130.626740;129.763702;115.696312;101.762085;103.094223;104.302101;105.397919,npp_d20151003_t1731466_e1737270_b20378,155.724,115.266,15.8895,99.9684,60.2546,64.4581
1057,VBD_npp_d20151003_t1735240_x1155273E_y052775S_l1967_s1762_v23,2017-06-01 16:11:27,-5.277499,115.527283,12.477,2015-10-03 17:35:24,2015-10-04 00:35:24,1967,1762,0.405334,1,2529,0.63145,0.133812,0.863462,0.4,0.953854,0.75,0.0165372,0.0001,7.55565e-08,999999,3.618763e-02,3,Indonesian Exclusive Economic Zone,WPP712,,SVDNB_npp_d20151003_t1731466_e1737270_b20378_c20151003233728467558_noaa_ops.h5,GDNBO_npp_d20151003_t1731466_e1737270_b20378_c20151003233728467298_noaa_ops.h5,SVI04_npp_d20151003_t1731466_e1737270_b20378_c20151003233728541959_noaa_ops.dspace_rad,VNFF_npp_d20151003_t1731466_e1737270_b20378_v21.csv,World_EEZ_v8_2014.shp,WPP_BFAR_merge.shp,KKP_IDN_merge_20161208.shp,VNF-VBD_npp_20120301-20151231_global_asia-enhanced_c201607211230.bitmask,NCEI_NGA.union.nga_lead2.add_2015ntl.mask,timezone.shp,VBD_platforms-recurring_2015_r20170330.shp,999999,VBD_bridges_c20160811.shp,9.202956;7.293124;4.987635;0.117751;-4.766567;-9.662423;-14.566307;-12.781590;-10.252750;-5.421471;-0.565886;4.309883,106.389061;120.204430;133.795395;132.636734;131.583801;130.626740;129.763702;115.696312;101.762085;103.094223;104.302101;105.397919,npp_d20151003_t1731466_e1737270_b20378,156.026,112.432,15.6201,97.4024,59.4913,65.0634
1058,VBD_npp_d20151003_t1732047_x1181881E_y064888N_l0166_s1767_v23,2017-06-01 16:11:27,6.488831,118.188118,24.5321,2015-10-03 17:32:04,2015-10-04 01:32:04,166,1767,0.425322,1,2529,0.606265,0.180922,0.871878,0.4,0.813769,0.75,0.0203626,0.0001,1.03372e-06,999999,-1.207338e-02,3,Philippines Exclusive Economic Zone,ARMM,,SVDNB_npp_d20151003_t1731466_e1737270_b20378_c20151003233728467558_noaa_ops.h5,GDNBO_npp_d20151003_t1731466_e1737270_b20378_c20151003233728467298_noaa_ops.h5,SVI04_npp_d20151003_t1731466_e1737270_b20378_c20151003233728541959_noaa_ops.dspace_rad,VNFF_npp_d20151003_t1731466_e1737270_b20378_v21.csv,World_EEZ_v8_2014.shp,WPP_BFAR_merge.shp,KKP_IDN_merge_20161208.shp,VNF-VBD_npp_20120301-20151231_global_asia-enhanced_c201607211230.bitmask,NCEI_NGA.union.nga_lead2.add_2015ntl.mask,timezone.shp,VBD_platforms-recurring_2015_r20170330.shp,999999,VBD_bridges_c20160811.shp,9.202956;7.293124;4.987635;0.117751;-4.766567;-9.662423;-14.566307;-12.781590;-10.252750;-5.421471;-0.565886;4.309883,106.389061;120.204430;133.795395;132.636734;131.583801;130.626740;129.763702;115.696312;101.762085;103.094223;104.302101;105.397919,npp_d20151003_t1731466_e1737270_b20378,156.03,85.322,15.3366,98.934,53.3791,72.1375
1059,VBD_npp_d20151003_t1735507_x1152030E_y068428S_l2206_s1767_v23,2017-06-01 16:11:27,-6.842795,115.202995,2.73172,2015-10-03 17:35:50,2015-10-04 00:35:50,2206,1767,0.412376,1,2529,0.224359,0.144805,0.654361,0.4,0.88682,0.75,0.0159271,0.0001,5.86791e-08,999999,-8.133088e-02,3,Indonesian Exclusive Economic Zone,WPP712,,SVDNB_npp_d20151003_t1731466_e1737270_b20378_c20151003233728467558_noaa_ops.h5,GDNBO_npp_d20151003_t1731466_e1737270_b20378_c20151003233728467298_noaa_ops.h5,SVI04_npp_d20151003_t1731466_e1737270_b20378_c20151003233728541959_noaa_ops.dspace_rad,VNFF_npp_d20151003_t1731466_e1737270_b20378_v21.csv,World_EEZ_v8_2014.shp,WPP_BFAR_merge.shp,KKP_IDN_merge_20161208.shp,VNF-VBD_npp_20120301-20151231_global_asia-enhanced_c201607211230.bitmask,NCEI_NGA.union.nga_lead2.add_2015ntl.mask,timezone.shp,VBD_platforms-recurring_2015_r20170330.shp,999999,VBD_bridges_c20160811.shp,9.202956;7.293124;4.987635;0.117751;-4.766567;-9.662423;-14.566307;-12.781590;-10.252750;-5.421471;-0.565886;4.309883,106.389061;120.204430;133.795395;132.636734;131.583801;130.626740;129.763702;115.696312;101.762085;103.094223;104.302101;105.397919,npp_d20151003_t1731466_e1737270_b20378,155.579,115.827,15.3466,97.666,60.3633,64.2947
1060,VBD_npp_d20151003_t1732047_x1181994E_y064735N_l0168_s1769_v23,2017-06-01 16:11:27,6.473503,118.199387,64.7879,2015-10-03 17:32:04,2015-10-04 01:32:04,168,1769,0.45164,1,2529,1.05389,0.188973,0.885525,0.4,0.950995,0.75,0.0203661,0.0001,1.06638e-06,999999,-7.787739e-02,3,Philippines Exclusive Economic Zone,ARMM,,SVDNB_npp_d20151003_t1731466_e1737270_b20378_c20151003233728467558_noaa_ops.h5,GDNBO_npp_d20151003_t1731466_e1737270_b20378_c20151003233728467298_noaa_ops.h5,SVI04_npp_d20151003_t1731466_e1737270_b20378_c20151003233728541959_noaa_ops.dspace_rad,VNFF_npp_d20151003_t1731466_e1737270_b20378_v21.csv,World_EEZ_v8_2014.shp,WPP_BFAR_merge.shp,KKP_IDN_merge_20161208.shp,VNF-VBD_npp_20120301-20151231_global_asia-enhanced_c201607211230.bitmask,NCEI_NGA.union.nga_lead2.add_2015ntl.mask,timezone.shp,VBD_platforms-recurring_2015_r20170330.shp,999999,VBD_bridges_c20160811.shp,9.202956;7.293124;4.987635;0.117751;-4.766567;-9.662423;-14.566307;-12.781590;-10.252750;-5.421471;-0.565886;4.309883,106.389061;120.204430;133.795395;132.636734;131.583801;130.626740;129.763702;115.696312;101.762085;103.094223;104.302101;105.397919,npp_d20151003_t1731466_e1737270_b20378,156.02,85.3596,15.2269,98.5091,53.3731,72.125
1061,VBD_npp_d20151003_t1732047_x1182096E_y064515N_l0171_s1771_v23,2017-06-01 16:11:27,6.451548,118.209618,22.4077,2015-10-03 17:32:04,2015-10-04 01:32:04,171,1771,0.450502,1,2529,0.809279,0.157517,0.87252,0.4,0.949761,0.75,0.0203674,0.0001,1.09083e-06,999999,1.792234e-01,3,Philippines Exclusive Economic Zone,ARMM,,SVDNB_npp_d20151003_t1731466_e1737270_b20378_c20151003233728467558_noaa_ops.h5,GDNBO_npp_d20151003_t1731466_e1737270_b20378_c20151003233728467298_noaa_ops.h5,SVI04_npp_d20151003_t1731466_e1737270_b20378_c20151003233728541959_noaa_ops.dspace_rad,VNFF_npp_d20151003_t1731466_e1737270_b20378_v21.csv,World_EEZ_v8_2014.shp,WPP_BFAR_merge.shp,KKP_IDN_merge_20161208.shp,VNF-VBD_npp_20120301-20151231_global_asia-enhanced_c201607211230.bitmask,NCEI_NGA.union.nga_lead2.add_2015ntl.mask,timezone.shp,VBD_platforms-recurring_2015_r20170330.shp,999999,VBD_bridges_c20160811.shp,9.202956;7.293124;4.987635;0.117751;-4.766567;-9.662423;-14.566307;-12.781590;-10.252750;-5.421471;-0.565886;4.309883,106.389061;120.204430;133.795395;132.636734;131.583801;130.626740;129.763702;115.696312;101.762085;103.094223;104.302101;105.397919,npp_d20151003_t1731466_e1737270_b20378,156.012,85.4118,15.1189,97.8623,53.3702,72.1077
1062,VBD_npp_d20151003_t1735471_x1153276E_y065842S_l2165_s1777_v23,2017-06-01 16:11:27,-6.584237,115.327583,12.5243,2015-10-03 17:35:47,2015-10-04 00:35:47,2165,1777,0.404907,1,2529,0.630144,0.13812,0.858555,0.4,0.941763,0.75,0.0160757,0.0001,9.17802e-08,999999,-9.868446e-03,3,Indonesian Exclusive Economic Zone,WPP712,,SVDNB_npp_d20151003_t1731466_e1737270_b20378_c20151003233728467558_noaa_ops.h5,GDNBO_npp_d20151003_t1731466_e1737270_b20378_c20151003233728467298_noaa_ops.h5,SVI04_npp_d20151003_t1731466_e1737270_b20378_c20151003233728541959_noaa_ops.dspace_rad,VNFF_npp_d20151003_t1731466_e1737270_b20378_v21.csv,World_EEZ_v8_2014.shp,WPP_BFAR_merge.shp,KKP_IDN_merge_20161208.shp,VNF-VBD_npp_20120301-20151231_global_asia-enhanced_c201607211230.bitmask,NCEI_NGA.union.nga_lead2.add_2015ntl.mask,timezone.shp,VBD_platforms-recurring_2015_r20170330.shp,999999,VBD_bridges_c20160811.shp,9.202956;7.293124;4.987635;0.117751;-4.766567;-9.662423;-14.566307;-12.781590;-10.252750;-5.421471;-0.565886;4.309883,106.389061;120.204430;133.795395;132.636734;131.583801;130.626740;129.763702;115.696312;101.762085;103.094223;104.302101;105.397919,npp_d20151003_t1731466_e1737270_b20378,155.592,115.197,14.7907,99.6005,60.1508,64.3914
1063,VBD_npp_d20151003_t1737268_x1139884E_y124890S_l3069_s1782_v23,2017-06-01 16:11:27,-12.489036,113.988365,2.79733,2015-10-03 17:37:26,2015-10-04 01:37:26,3069,1782,0.263641,2,2209,0.172221,0.142783,0.707783,0.4,0.514955,0.75,0.0139534,0.0001,1.84453e-08,999999,1.003468e-01,3,,,,SVDNB_npp_d20151003_t1731466_e1737270_b20378_c20151003233728467558_noaa_ops.h5,GDNBO_npp_d20151003_t1731466_e1737270_b20378_c20151003233728467298_noaa_ops.h5,SVI04_npp_d20151003_t1731466_e1737270_b20378_c20151003233728541959_noaa_ops.dspace_rad,VNFF_npp_d20151003_t1731466_e1737270_b20378_v21.csv,World_EEZ_v8_2014.shp,WPP_BFAR_merge.shp,KKP_IDN_merge_20161208.shp,VNF-VBD_npp_20120301-20151231_global_asia-enhanced_c201607211230.bitmask,NCEI_NGA.union.nga_lead2.add_2015ntl.mask,timezone.shp,VBD_platforms-recurring_2015_r20170330.shp,999999,VBD_bridges_c20160811.shp,9.202956;7.293124;4.987635;0.117751;-4.766567;-9.662423;-14.566307;-12.781590;-10.252750;-5.421471;-0.565886;4.309883,106.389061;120.204430;133.795395;132.636734;131.583801;130.626740;129.763702;115.696312;101.762085;103.094223;104.302101;105.397919,npp_d20151003_t1731466_e1737270_b20378,153.312,126.945,14.5146,98.1022,63.6769,61.8648
1064,VBD_npp_d20151003_t1735436_x1154359E_y064338S_l2140_s1787_v23,2017-06-01 16:11:27,-6.433787,115.435905,37.1106,2015-10-03 17:35:43,2015-10-04 00:35:43,2140,1787,0.402915,1,2529,0.966071,0.149007,0.895552,0.4,0.958356,0.75,0.0161805,0.0001,1.1645e-07,999999,-1.262517e-01,3,Indonesian Exclusive Economic Zone,WPP712,,SVDNB_npp_d20151003_t1731466_e1737270_b20378_c20151003233728467558_noaa_ops.h5,GDNBO_npp_d20151003_t1731466_e1737270_b20378_c20151003233728467298_noaa_ops.h5,SVI04_npp_d20151003_t1731466_e1737270_b20378_c20151003233728541959_noaa_ops.dspace_rad,VNFF_npp_d20151003_t1731466_e1737270_b20378_v21.csv,World_EEZ_v8_2014.shp,WPP_BFAR_merge.shp,KKP_IDN_merge_20161208.shp,VNF-VBD_npp_20120301-20151231_global_asia-enhanced_c201607211230.bitmask,NCEI_NGA.union.nga_lead2.add_2015ntl.mask,timezone.shp,VBD_platforms-recurring_2015_r20170330.shp,999999,VBD_bridges_c20160811.shp,9.202956;7.293124;4.987635;0.117751;-4.766567;-9.662423;-14.566307;-12.781590;-10.252750;-5.421471;-0.565886;4.309883,106.389061;120.204430;133.795395;132.636734;131.583801;130.626740;129.763702;115.696312;101.762085;103.094223;104.302101;105.397919,npp_d20151003_t1731466_e1737270_b20378,155.571,114.799,14.2291,97.9645,60.0003,64.4375
1065,VBD_npp_d20151003_t1735453_x1154286E_y064784S_l2147_s1788_v23,2017-06-01 16:11:27,-6.478438,115.428581,23.5499,2015-10-03 17:35:45,2015-10-04 00:35:45,2147,1788,0.405832,8,18913,0.785,0.127712,0.867848,0.4,0.932493,0.75,0.0161651,0.0001,1.3085e-07,999999,1.014017e-01,3,Indonesian Exclusive Economic Zone,WPP712,,SVDNB_npp_d20151003_t1731466_e1737270_b20378_c20151003233728467558_noaa_ops.h5,GDNBO_npp_d20151003_t1731466_e1737270_b20378_c20151003233728467298_noaa_ops.h5,SVI04_npp_d20151003_t1731466_e1737270_b20378_c20151003233728541959_noaa_ops.dspace_rad,VNFF_npp_d20151003_t1731466_e1737270_b20378_v21.csv,World_EEZ_v8_2014.shp,WPP_BFAR_merge.shp,KKP_IDN_merge_20161208.shp,VNF-VBD_npp_20120301-20151231_global_asia-enhanced_c201607211230.bitmask,NCEI_NGA.union.nga_lead2.add_2015ntl.mask,timezone.shp,VBD_platforms-recurring_2015_r20170330.shp,0.103696,VBD_bridges_c20160811.shp,9.202956;7.293124;4.987635;0.117751;-4.766567;-9.662423;-14.566307;-12.781590;-10.252750;-5.421471;-0.565886;4.309883,106.389061;120.204430;133.795395;132.636734;131.583801;130.626740;129.763702;115.696312;101.762085;103.094223;104.302101;105.397919,npp_d20151003_t1731466_e1737270_b20378,155.552,114.888,14.1717,100.078,60.0199,64.4135
1066,VBD_npp_d20151003_t1732065_x1183273E_y063599N_l0182_s1791_v23,2017-06-01 16:11:27,6.359920,118.327263,18.7442,2015-10-03 17:32:06,2015-10-04 01:32:06,182,1791,0.452138,1,2529,0.689763,0.182171,0.859894,0.4,0.879962,0.75,0.0204207,0.0001,1.79164e-06,999999,-2.228281e-02,3,Philippines Exclusive Economic Zone,ARMM,,SVDNB_npp_d20151003_t1731466_e1737270_b20378_c20151003233728467558_noaa_ops.h5,GDNBO_npp_d20151003_t1731466_e1737270_b20378_c20151003233728467298_noaa_ops.h5,SVI04_npp_d20151003_t1731466_e1737270_b20378_c20151003233728541959_noaa_ops.dspace_rad,VNFF_npp_d20151003_t1731466_e1737270_b20378_v21.csv,World_EEZ_v8_2014.shp,WPP_BFAR_merge.shp,KKP_IDN_merge_20161208.shp,VNF-VBD_npp_20120301-20151231_global_asia-enhanced_c201607211230.bitmask,NCEI_NGA.union.nga_lead2.add_2015ntl.mask,timezone.shp,VBD_platforms-recurring_2015_r20170330.shp,999999,VBD_bridges_c20160811.shp,9.202956;7.293124;4.987635;0.117751;-4.766567;-9.662423;-14.566307;-12.781590;-10.252750;-5.421471;-0.565886;4.309883,106.389061;120.204430;133.795395;132.636734;131.583801;130.626740;129.763702;115.696312;101.762085;103.094223;104.302101;105.397919,npp_d20151003_t1731466_e1737270_b20378,155.895,85.6522,13.9936,99.0088,53.2795,72.0257
1067,VBD_npp_d20151003_t1732083_x1183092E_y062474N_l0199_s1792_v23,2017-06-01 16:11:27,6.247382,118.309204,37.5349,2015-10-03 17:32:08,2015-10-04 01:32:08,199,1792,0.446234,1,2529,0.763875,0.174749,0.79493,0.4,0.807089,0.75,0.0203887,0.0001,1.78534e-06,999999,3.838066e-02,3,Philippines Exclusive Economic Zone,ARMM,,SVDNB_npp_d20151003_t1731466_e1737270_b20378_c20151003233728467558_noaa_ops.h5,GDNBO_npp_d20151003_t1731466_e1737270_b20378_c20151003233728467298_noaa_ops.h5,SVI04_npp_d20151003_t1731466_e1737270_b20378_c20151003233728541959_noaa_ops.dspace_rad,VNFF_npp_d20151003_t1731466_e1737270_b20378_v21.csv,World_EEZ_v8_2014.shp,WPP_BFAR_merge.shp,KKP_IDN_merge_20161208.shp,VNF-VBD_npp_20120301-20151231_global_asia-enhanced_c201607211230.bitmask,NCEI_NGA.union.nga_lead2.add_2015ntl.mask,timezone.shp,VBD_platforms-recurring_2015_r20170330.shp,999999,VBD_bridges_c20160811.shp,9.202956;7.293124;4.987635;0.117751;-4.766567;-9.662423;-14.566307;-12.781590;-10.252750;-5.421471;-0.565886;4.309883,106.389061;120.204430;133.795395;132.636734;131.583801;130.626740;129.763702;115.696312;101.762085;103.094223;104.302101;105.397919,npp_d20151003_t1731466_e1737270_b20378,155.914,85.9003,13.9418,98.7662,53.325,71.945
1068,VBD_npp_d20151003_t1732083_x1183029E_y062068N_l0205_s1792_v23,2017-06-01 16:11:27,6.206766,118.302948,17.0135,2015-10-03 17:32:08,2015-10-04 01:32:08,205,1792,0.448012,1,2529,0.55341,0.210969,0.777656,0.4,0.782847,0.75,0.0203758,0.0001,1.69867e-06,999999,-2.576593e-01,3,Philippines Exclusive Economic Zone,ARMM,,SVDNB_npp_d20151003_t1731466_e1737270_b20378_c20151003233728467558_noaa_ops.h5,GDNBO_npp_d20151003_t1731466_e1737270_b20378_c20151003233728467298_noaa_ops.h5,SVI04_npp_d20151003_t1731466_e1737270_b20378_c20151003233728541959_noaa_ops.dspace_rad,VNFF_npp_d20151003_t1731466_e1737270_b20378_v21.csv,World_EEZ_v8_2014.shp,WPP_BFAR_merge.shp,KKP_IDN_merge_20161208.shp,VNF-VBD_npp_20120301-20151231_global_asia-enhanced_c201607211230.bitmask,NCEI_NGA.union.nga_lead2.add_2015ntl.mask,timezone.shp,VBD_platforms-recurring_2015_r20170330.shp,999999,VBD_bridges_c20160811.shp,9.202956;7.293124;4.987635;0.117751;-4.766567;-9.662423;-14.566307;-12.781590;-10.252750;-5.421471;-0.565886;4.309883,106.389061;120.204430;133.795395;132.636734;131.583801;130.626740;129.763702;115.696312;101.762085;103.094223;104.302101;105.397919,npp_d20151003_t1731466_e1737270_b20378,155.923,85.9893,13.946,97.3301,53.3437,71.9163
1069,VBD_npp_d20151003_t1732065_x1183445E_y063365N_l0185_s1794_v23,2017-06-01 16:11:27,6.336490,118.344505,41.6703,2015-10-03 17:32:06,2015-10-04 01:32:06,185,1794,0.44787,1,2529,0.851692,0.177205,0.858384,0.4,0.917705,0.75,0.0204257,0.0001,1.87412e-06,999999,1.830511e-02,3,Philippines Exclusive Economic Zone,ARMM,,SVDNB_npp_d20151003_t1731466_e1737270_b20378_c20151003233728467558_noaa_ops.h5,GDNBO_npp_d20151003_t1731466_e1737270_b20378_c20151003233728467298_noaa_ops.h5,SVI04_npp_d20151003_t1731466_e1737270_b20378_c20151003233728541959_noaa_ops.dspace_rad,VNFF_npp_d20151003_t1731466_e1737270_b20378_v21.csv,World_EEZ_v8_2014.shp,WPP_BFAR_merge.shp,KKP_IDN_merge_20161208.shp,VNF-VBD_npp_20120301-20151231_global_asia-enhanced_c201607211230.bitmask,NCEI_NGA.union.nga_lead2.add_2015ntl.mask,timezone.shp,VBD_platforms-recurring_2015_r20170330.shp,999999,VBD_bridges_c20160811.shp,9.202956;7.293124;4.987635;0.117751;-4.766567;-9.662423;-14.566307;-12.781590;-10.252750;-5.421471;-0.565886;4.309883,106.389061;120.204430;133.795395;132.636734;131.583801;130.626740;129.763702;115.696312;101.762085;103.094223;104.302101;105.397919,npp_d20151003_t1731466_e1737270_b20378,155.88,85.7092,13.8243,98.2918,53.2703,72.0064
1070,VBD_npp_d20151003_t1732065_x1183981E_y063698N_l0179_s1801_v23,2017-06-01 16:11:27,6.369764,118.398148,16.8419,2015-10-03 17:32:06,2015-10-04 01:32:06,179,1801,0.447301,1,2529,0.702189,0.186233,0.873042,0.4,0.928223,0.75,0.0204648,0.0001,2.31004e-06,999999,-5.547990e-02,3,Philippines Exclusive Economic Zone,ARMM,,SVDNB_npp_d20151003_t1731466_e1737270_b20378_c20151003233728467558_noaa_ops.h5,GDNBO_npp_d20151003_t1731466_e1737270_b20378_c20151003233728467298_noaa_ops.h5,SVI04_npp_d20151003_t1731466_e1737270_b20378_c20151003233728541959_noaa_ops.dspace_rad,VNFF_npp_d20151003_t1731466_e1737270_b20378_v21.csv,World_EEZ_v8_2014.shp,WPP_BFAR_merge.shp,KKP_IDN_merge_20161208.shp,VNF-VBD_npp_20120301-20151231_global_asia-enhanced_c201607211230.bitmask,NCEI_NGA.union.nga_lead2.add_2015ntl.mask,timezone.shp,VBD_platforms-recurring_2015_r20170330.shp,999999,VBD_bridges_c20160811.shp,9.202956;7.293124;4.987635;0.117751;-4.766567;-9.662423;-14.566307;-12.781590;-10.252750;-5.421471;-0.565886;4.309883,106.389061;120.204430;133.795395;132.636734;131.583801;130.626740;129.763702;115.696312;101.762085;103.094223;104.302101;105.397919,npp_d20151003_t1731466_e1737270_b20378,155.824,85.6501,13.4304,99.7783,53.2087,72.024
1071,VBD_npp_d20151003_t1732065_x1184018E_y063485N_l0182_s1802_v23,2017-06-01 16:11:27,6.348455,118.401779,24.4883,2015-10-03 17:32:06,2015-10-04 01:32:06,182,1802,0.449933,1,2529,0.734208,0.172663,0.873042,0.4,0.906828,0.75,0.0204623,0.0001,2.30686e-06,999999,5.543532e-02,3,Philippines Exclusive Economic Zone,ARMM,,SVDNB_npp_d20151003_t1731466_e1737270_b20378_c20151003233728467558_noaa_ops.h5,GDNBO_npp_d20151003_t1731466_e1737270_b20378_c20151003233728467298_noaa_ops.h5,SVI04_npp_d20151003_t1731466_e1737270_b20378_c20151003233728541959_noaa_ops.dspace_rad,VNFF_npp_d20151003_t1731466_e1737270_b20378_v21.csv,World_EEZ_v8_2014.shp,WPP_BFAR_merge.shp,KKP_IDN_merge_20161208.shp,VNF-VBD_npp_20120301-20151231_global_asia-enhanced_c201607211230.bitmask,NCEI_NGA.union.nga_lead2.add_2015ntl.mask,timezone.shp,VBD_platforms-recurring_2015_r20170330.shp,999999,VBD_bridges_c20160811.shp,9.202956;7.293124;4.987635;0.117751;-4.766567;-9.662423;-14.566307;-12.781590;-10.252750;-5.421471;-0.565886;4.309883,106.389061;120.204430;133.795395;132.636734;131.583801;130.626740;129.763702;115.696312;101.762085;103.094223;104.302101;105.397919,npp_d20151003_t1731466_e1737270_b20378,155.822,85.6984,13.372,99.0357,53.2119,72.008
1072,VBD_npp_d20151003_t1732599_x1177170E_y032424N_l0657_s1803_v23,2017-06-01 16:11:27,3.242370,117.717026,3.59311,2015-10-03 17:32:59,2015-10-04 01:32:59,657,1803,0.440046,1,2529,0.278636,0.186101,0.699219,0.4,0.869411,0.75,0.019557,0.0001,1.47819e-06,999999,-5.440389e-02,3,Indonesian Exclusive Economic Zone,WPP716,,SVDNB_npp_d20151003_t1731466_e1737270_b20378_c20151003233728467558_noaa_ops.h5,GDNBO_npp_d20151003_t1731466_e1737270_b20378_c20151003233728467298_noaa_ops.h5,SVI04_npp_d20151003_t1731466_e1737270_b20378_c20151003233728541959_noaa_ops.dspace_rad,VNFF_npp_d20151003_t1731466_e1737270_b20378_v21.csv,World_EEZ_v8_2014.shp,WPP_BFAR_merge.shp,KKP_IDN_merge_20161208.shp,VNF-VBD_npp_20120301-20151231_global_asia-enhanced_c201607211230.bitmask,NCEI_NGA.union.nga_lead2.add_2015ntl.mask,timezone.shp,VBD_platforms-recurring_2015_r20170330.shp,999999,VBD_bridges_c20160811.shp,9.202956;7.293124;4.987635;0.117751;-4.766567;-9.662423;-14.566307;-12.781590;-10.252750;-5.421471;-0.565886;4.309883,106.389061;120.204430;133.795395;132.636734;131.583801;130.626740;129.763702;115.696312;101.762085;103.094223;104.302101;105.397919,npp_d20151003_t1731466_e1737270_b20378,156.328,92.6515,13.3218,100.333,54.684,69.8843
1073,VBD_npp_d20151003_t1735471_x1155205E_y066430S_l2169_s1806_v23,2017-06-01 16:11:27,-6.642977,115.520531,23.8796,2015-10-03 17:35:47,2015-10-04 00:35:47,2169,1806,0.405832,8,18913,0.779582,0.139258,0.882354,0.4,0.927971,0.75,0.016171,0.0001,1.91576e-07,999999,-2.203348e-02,3,Indonesian Exclusive Economic Zone,WPP712,,SVDNB_npp_d20151003_t1731466_e1737270_b20378_c20151003233728467558_noaa_ops.h5,GDNBO_npp_d20151003_t1731466_e1737270_b20378_c20151003233728467298_noaa_ops.h5,SVI04_npp_d20151003_t1731466_e1737270_b20378_c20151003233728541959_noaa_ops.dspace_rad,VNFF_npp_d20151003_t1731466_e1737270_b20378_v21.csv,World_EEZ_v8_2014.shp,WPP_BFAR_merge.shp,KKP_IDN_merge_20161208.shp,VNF-VBD_npp_20120301-20151231_global_asia-enhanced_c201607211230.bitmask,NCEI_NGA.union.nga_lead2.add_2015ntl.mask,timezone.shp,VBD_platforms-recurring_2015_r20170330.shp,0.149417,VBD_bridges_c20160811.shp,9.202956;7.293124;4.987635;0.117751;-4.766567;-9.662423;-14.566307;-12.781590;-10.252750;-5.421471;-0.565886;4.309883,106.389061;120.204430;133.795395;132.636734;131.583801;130.626740;129.763702;115.696312;101.762085;103.094223;104.302101;105.397919,npp_d20151003_t1731466_e1737270_b20378,155.393,115.112,13.1511,98.6389,60.0022,64.2883
1074,VBD_npp_d20151003_t1735471_x1155173E_y066633S_l2172_s1806_v23,2017-06-01 16:11:27,-6.663253,115.517281,7.77632,2015-10-03 17:35:47,2015-10-04 00:35:47,2172,1806,0.409886,8,18913,0.400562,0.138973,0.888038,0.4,0.844181,0.75,0.0161629,0.0001,1.84314e-07,999999,-1.897843e-02,3,Indonesian Exclusive Economic Zone,WPP712,,SVDNB_npp_d20151003_t1731466_e1737270_b20378_c20151003233728467558_noaa_ops.h5,GDNBO_npp_d20151003_t1731466_e1737270_b20378_c20151003233728467298_noaa_ops.h5,SVI04_npp_d20151003_t1731466_e1737270_b20378_c20151003233728541959_noaa_ops.dspace_rad,VNFF_npp_d20151003_t1731466_e1737270_b20378_v21.csv,World_EEZ_v8_2014.shp,WPP_BFAR_merge.shp,KKP_IDN_merge_20161208.shp,VNF-VBD_npp_20120301-20151231_global_asia-enhanced_c201607211230.bitmask,NCEI_NGA.union.nga_lead2.add_2015ntl.mask,timezone.shp,VBD_platforms-recurring_2015_r20170330.shp,0.673172,VBD_bridges_c20160811.shp,9.202956;7.293124;4.987635;0.117751;-4.766567;-9.662423;-14.566307;-12.781590;-10.252750;-5.421471;-0.565886;4.309883,106.389061;120.204430;133.795395;132.636734;131.583801;130.626740;129.763702;115.696312;101.762085;103.094223;104.302101;105.397919,npp_d20151003_t1731466_e1737270_b20378,155.388,115.156,13.1537,97.879,60.014,64.2786
1075,VBD_npp_d20151003_t1735471_x1155219E_y066778S_l2174_s1807_v23,2017-06-01 16:11:27,-6.677843,115.521858,8.1246,2015-10-03 17:35:47,2015-10-04 00:35:47,2174,1807,0.409957,1,2529,0.398188,0.13012,0.898824,0.4,0.844038,0.75,0.0161611,0.0001,1.84379e-07,999999,7.565335e-02,3,Indonesian Exclusive Economic Zone,WPP712,,SVDNB_npp_d20151003_t1731466_e1737270_b20378_c20151003233728467558_noaa_ops.h5,GDNBO_npp_d20151003_t1731466_e1737270_b20378_c20151003233728467298_noaa_ops.h5,SVI04_npp_d20151003_t1731466_e1737270_b20378_c20151003233728541959_noaa_ops.dspace_rad,VNFF_npp_d20151003_t1731466_e1737270_b20378_v21.csv,World_EEZ_v8_2014.shp,WPP_BFAR_merge.shp,KKP_IDN_merge_20161208.shp,VNF-VBD_npp_20120301-20151231_global_asia-enhanced_c201607211230.bitmask,NCEI_NGA.union.nga_lead2.add_2015ntl.mask,timezone.shp,VBD_platforms-recurring_2015_r20170330.shp,999999,VBD_bridges_c20160811.shp,9.202956;7.293124;4.987635;0.117751;-4.766567;-9.662423;-14.566307;-12.781590;-10.252750;-5.421471;-0.565886;4.309883,106.389061;120.204430;133.795395;132.636734;131.583801;130.626740;129.763702;115.696312;101.762085;103.094223;104.302101;105.397919,npp_d20151003_t1731466_e1737270_b20378,155.377,115.18,13.1002,97.365,60.0163,64.2691
1076,VBD_npp_d20151003_t1732047_x1184771E_y064794N_l0161_s1809_v23,2017-06-01 16:11:27,6.479361,118.477119,15.6052,2015-10-03 17:32:04,2015-10-04 01:32:04,161,1809,0.450573,8,18913,0.597176,0.170038,0.823399,0.4,0.883032,0.75,0.020533,0.0001,2.85196e-06,999999,7.688410e-02,3,Philippines Exclusive Economic Zone,ARMM,,SVDNB_npp_d20151003_t1731466_e1737270_b20378_c20151003233728467558_noaa_ops.h5,GDNBO_npp_d20151003_t1731466_e1737270_b20378_c20151003233728467298_noaa_ops.h5,SVI04_npp_d20151003_t1731466_e1737270_b20378_c20151003233728541959_noaa_ops.dspace_rad,VNFF_npp_d20151003_t1731466_e1737270_b20378_v21.csv,World_EEZ_v8_2014.shp,WPP_BFAR_merge.shp,KKP_IDN_merge_20161208.shp,VNF-VBD_npp_20120301-20151231_global_asia-enhanced_c201607211230.bitmask,NCEI_NGA.union.nga_lead2.add_2015ntl.mask,timezone.shp,VBD_platforms-recurring_2015_r20170330.shp,0.235135,VBD_bridges_c20160811.shp,9.202956;7.293124;4.987635;0.117751;-4.766567;-9.662423;-14.566307;-12.781590;-10.252750;-5.421471;-0.565886;4.309883,106.389061;120.204430;133.795395;132.636734;131.583801;130.626740;129.763702;115.696312;101.762085;103.094223;104.302101;105.397919,npp_d20151003_t1731466_e1737270_b20378,155.744,85.4274,12.9838,100.328,53.106,72.0954
1077,VBD_npp_d20151003_t1732065_x1184396E_y062805N_l0191_s1809_v23,2017-06-01 16:11:27,6.280478,118.439644,31.6775,2015-10-03 17:32:06,2015-10-04 01:32:06,191,1809,0.447657,1,2529,0.884904,0.192208,0.877815,0.4,0.925624,0.75,0.0204698,0.0001,2.50926e-06,999999,-1.043190e-01,3,Philippines Exclusive Economic Zone,ARMM,,SVDNB_npp_d20151003_t1731466_e1737270_b20378_c20151003233728467558_noaa_ops.h5,GDNBO_npp_d20151003_t1731466_e1737270_b20378_c20151003233728467298_noaa_ops.h5,SVI04_npp_d20151003_t1731466_e1737270_b20378_c20151003233728541959_noaa_ops.dspace_rad,VNFF_npp_d20151003_t1731466_e1737270_b20378_v21.csv,World_EEZ_v8_2014.shp,WPP_BFAR_merge.shp,KKP_IDN_merge_20161208.shp,VNF-VBD_npp_20120301-20151231_global_asia-enhanced_c201607211230.bitmask,NCEI_NGA.union.nga_lead2.add_2015ntl.mask,timezone.shp,VBD_platforms-recurring_2015_r20170330.shp,999999,VBD_bridges_c20160811.shp,9.202956;7.293124;4.987635;0.117751;-4.766567;-9.662423;-14.566307;-12.781590;-10.252750;-5.421471;-0.565886;4.309883,106.389061;120.204430;133.795395;132.636734;131.583801;130.626740;129.763702;115.696312;101.762085;103.094223;104.302101;105.397919,npp_d20151003_t1731466_e1737270_b20378,155.789,85.8596,12.9845,96.7425,53.1969,71.9535
1078,VBD_npp_d20151003_t1735471_x1155376E_y066665S_l2172_s1809_v23,2017-06-01 16:11:27,-6.666475,115.537552,21.5692,2015-10-03 17:35:47,2015-10-04 00:35:47,2172,1809,0.406685,1,2529,0.738834,0.143542,0.898824,0.4,0.912972,0.75,0.0161738,0.0001,1.99411e-07,999999,-6.782892e-02,3,Indonesian Exclusive Economic Zone,WPP712,,SVDNB_npp_d20151003_t1731466_e1737270_b20378_c20151003233728467558_noaa_ops.h5,GDNBO_npp_d20151003_t1731466_e1737270_b20378_c20151003233728467298_noaa_ops.h5,SVI04_npp_d20151003_t1731466_e1737270_b20378_c20151003233728541959_noaa_ops.dspace_rad,VNFF_npp_d20151003_t1731466_e1737270_b20378_v21.csv,World_EEZ_v8_2014.shp,WPP_BFAR_merge.shp,KKP_IDN_merge_20161208.shp,VNF-VBD_npp_20120301-20151231_global_asia-enhanced_c201607211230.bitmask,NCEI_NGA.union.nga_lead2.add_2015ntl.mask,timezone.shp,VBD_platforms-recurring_2015_r20170330.shp,999999,VBD_bridges_c20160811.shp,9.202956;7.293124;4.987635;0.117751;-4.766567;-9.662423;-14.566307;-12.781590;-10.252750;-5.421471;-0.565886;4.309883,106.389061;120.204430;133.795395;132.636734;131.583801;130.626740;129.763702;115.696312;101.762085;103.094223;104.302101;105.397919,npp_d20151003_t1731466_e1737270_b20378,155.368,115.141,12.9843,97.8627,59.9971,64.2693
1079,VBD_npp_d20151003_t1732047_x1184895E_y064705N_l0162_s1811_v23,2017-06-01 16:11:27,6.470531,118.489548,28.7408,2015-10-03 17:32:04,2015-10-04 01:32:04,162,1811,0.447799,8,18913,0.767784,0.171327,0.823001,0.4,0.898775,0.75,0.0205385,0.0001,2.95859e-06,999999,6.634830e-02,3,Philippines Exclusive Economic Zone,ARMM,,SVDNB_npp_d20151003_t1731466_e1737270_b20378_c20151003233728467558_noaa_ops.h5,GDNBO_npp_d20151003_t1731466_e1737270_b20378_c20151003233728467298_noaa_ops.h5,SVI04_npp_d20151003_t1731466_e1737270_b20378_c20151003233728541959_noaa_ops.dspace_rad,VNFF_npp_d20151003_t1731466_e1737270_b20378_v21.csv,World_EEZ_v8_2014.shp,WPP_BFAR_merge.shp,KKP_IDN_merge_20161208.shp,VNF-VBD_npp_20120301-20151231_global_asia-enhanced_c201607211230.bitmask,NCEI_NGA.union.nga_lead2.add_2015ntl.mask,timezone.shp,VBD_platforms-recurring_2015_r20170330.shp,0.489379,VBD_bridges_c20160811.shp,9.202956;7.293124;4.987635;0.117751;-4.766567;-9.662423;-14.566307;-12.781590;-10.252750;-5.421471;-0.565886;4.309883,106.389061;120.204430;133.795395;132.636734;131.583801;130.626740;129.763702;115.696312;101.762085;103.094223;104.302101;105.397919,npp_d20151003_t1731466_e1737270_b20378,155.733,85.4506,12.8695,100.085,53.0969,72.0874
1080,VBD_npp_d20151003_t1735489_x1155374E_y067057S_l2178_s1811_v23,2017-06-01 16:11:27,-6.705679,115.537430,20.5826,2015-10-03 17:35:48,2015-10-04 00:35:48,2178,1811,0.40633,1,2529,0.713039,0.151503,0.888218,0.4,0.928419,0.75,0.0161648,0.0001,2.32089e-07,999999,-1.529330e-01,3,Indonesian Exclusive Economic Zone,WPP712,,SVDNB_npp_d20151003_t1731466_e1737270_b20378_c20151003233728467558_noaa_ops.h5,GDNBO_npp_d20151003_t1731466_e1737270_b20378_c20151003233728467298_noaa_ops.h5,SVI04_npp_d20151003_t1731466_e1737270_b20378_c20151003233728541959_noaa_ops.dspace_rad,VNFF_npp_d20151003_t1731466_e1737270_b20378_v21.csv,World_EEZ_v8_2014.shp,WPP_BFAR_merge.shp,KKP_IDN_merge_20161208.shp,VNF-VBD_npp_20120301-20151231_global_asia-enhanced_c201607211230.bitmask,NCEI_NGA.union.nga_lead2.add_2015ntl.mask,timezone.shp,VBD_platforms-recurring_2015_r20170330.shp,999999,VBD_bridges_c20160811.shp,9.202956;7.293124;4.987635;0.117751;-4.766567;-9.662423;-14.566307;-12.781590;-10.252750;-5.421471;-0.565886;4.309883,106.389061;120.204430;133.795395;132.636734;131.583801;130.626740;129.763702;115.696312;101.762085;103.094223;104.302101;105.397919,npp_d20151003_t1731466_e1737270_b20378,155.345,115.211,12.8761,100.436,60.008,64.2456
1081,VBD_npp_d20151003_t1735471_x1155567E_y066764S_l2173_s1812_v23,2017-06-01 16:11:27,-6.676444,115.556709,6.39458,2015-10-03 17:35:47,2015-10-04 00:35:47,2173,1812,0.406899,8,18913,0.364504,0.146709,0.890711,0.4,0.840138,0.75,0.016182,0.0001,2.12869e-07,999999,-1.016855e-01,3,Indonesian Exclusive Economic Zone,WPP712,,SVDNB_npp_d20151003_t1731466_e1737270_b20378_c20151003233728467558_noaa_ops.h5,GDNBO_npp_d20151003_t1731466_e1737270_b20378_c20151003233728467298_noaa_ops.h5,SVI04_npp_d20151003_t1731466_e1737270_b20378_c20151003233728541959_noaa_ops.dspace_rad,VNFF_npp_d20151003_t1731466_e1737270_b20378_v21.csv,World_EEZ_v8_2014.shp,WPP_BFAR_merge.shp,KKP_IDN_merge_20161208.shp,VNF-VBD_npp_20120301-20151231_global_asia-enhanced_c201607211230.bitmask,NCEI_NGA.union.nga_lead2.add_2015ntl.mask,timezone.shp,VBD_platforms-recurring_2015_r20170330.shp,0.707608,VBD_bridges_c20160811.shp,9.202956;7.293124;4.987635;0.117751;-4.766567;-9.662423;-14.566307;-12.781590;-10.252750;-5.421471;-0.565886;4.309883,106.389061;120.204430;133.795395;132.636734;131.583801;130.626740;129.763702;115.696312;101.762085;103.094223;104.302101;105.397919,npp_d20151003_t1731466_e1737270_b20378,155.347,115.141,12.8163,97.5862,59.9842,64.2568
1082,VBD_npp_d20151003_t1732065_x1184697E_y062966N_l0188_s1813_v23,2017-06-01 16:11:27,6.296599,118.469711,24.6231,2015-10-03 17:32:06,2015-10-04 01:32:06,188,1813,0.449293,1,2529,0.587868,0.169895,0.87714,0.4,0.856019,0.75,0.0204913,0.0001,2.81261e-06,999999,7.805752e-02,3,Philippines Exclusive Economic Zone,ARMM,,SVDNB_npp_d20151003_t1731466_e1737270_b20378_c20151003233728467558_noaa_ops.h5,GDNBO_npp_d20151003_t1731466_e1737270_b20378_c20151003233728467298_noaa_ops.h5,SVI04_npp_d20151003_t1731466_e1737270_b20378_c20151003233728541959_noaa_ops.dspace_rad,VNFF_npp_d20151003_t1731466_e1737270_b20378_v21.csv,World_EEZ_v8_2014.shp,WPP_BFAR_merge.shp,KKP_IDN_merge_20161208.shp,VNF-VBD_npp_20120301-20151231_global_asia-enhanced_c201607211230.bitmask,NCEI_NGA.union.nga_lead2.add_2015ntl.mask,timezone.shp,VBD_platforms-recurring_2015_r20170330.shp,999999,VBD_bridges_c20160811.shp,9.202956;7.293124;4.987635;0.117751;-4.766567;-9.662423;-14.566307;-12.781590;-10.252750;-5.421471;-0.565886;4.309883,106.389061;120.204430;133.795395;132.636734;131.583801;130.626740;129.763702;115.696312;101.762085;103.094223;104.302101;105.397919,npp_d20151003_t1731466_e1737270_b20378,155.758,85.832,12.7538,97.4966,53.1632,71.9614
1083,VBD_npp_d20151003_t1732083_x1184542E_y062458N_l0196_s1813_v23,2017-06-01 16:11:27,6.245787,118.454193,201.339,2015-10-03 17:32:08,2015-10-04 01:32:08,196,1813,0.446661,1,2529,1.2917,0.196374,0.879092,0.4,0.936559,0.75,0.0204744,0.0001,2.94743e-06,999999,-1.383682e-01,3,Philippines Exclusive Economic Zone,ARMM,,SVDNB_npp_d20151003_t1731466_e1737270_b20378_c20151003233728467558_noaa_ops.h5,GDNBO_npp_d20151003_t1731466_e1737270_b20378_c20151003233728467298_noaa_ops.h5,SVI04_npp_d20151003_t1731466_e1737270_b20378_c20151003233728541959_noaa_ops.dspace_rad,VNFF_npp_d20151003_t1731466_e1737270_b20378_v21.csv,World_EEZ_v8_2014.shp,WPP_BFAR_merge.shp,KKP_IDN_merge_20161208.shp,VNF-VBD_npp_20120301-20151231_global_asia-enhanced_c201607211230.bitmask,NCEI_NGA.union.nga_lead2.add_2015ntl.mask,timezone.shp,VBD_platforms-recurring_2015_r20170330.shp,999999,VBD_bridges_c20160811.shp,9.202956;7.293124;4.987635;0.117751;-4.766567;-9.662423;-14.566307;-12.781590;-10.252750;-5.421471;-0.565886;4.309883,106.389061;120.204430;133.795395;132.636734;131.583801;130.626740;129.763702;115.696312;101.762085;103.094223;104.302101;105.397919,npp_d20151003_t1731466_e1737270_b20378,155.77,85.9424,12.7569,99.5803,53.1871,71.9253
1084,VBD_npp_d20151003_t1732065_x1184733E_y062754N_l0191_s1814_v23,2017-06-01 16:11:27,6.275356,118.473305,15.7828,2015-10-03 17:32:06,2015-10-04 01:32:06,191,1814,0.44851,1,2529,0.475827,0.179793,0.886312,0.4,0.794774,0.75,0.0204888,0.0001,2.80533e-06,999999,-2.844277e-03,3,Philippines Exclusive Economic Zone,ARMM,,SVDNB_npp_d20151003_t1731466_e1737270_b20378_c20151003233728467558_noaa_ops.h5,GDNBO_npp_d20151003_t1731466_e1737270_b20378_c20151003233728467298_noaa_ops.h5,SVI04_npp_d20151003_t1731466_e1737270_b20378_c20151003233728541959_noaa_ops.dspace_rad,VNFF_npp_d20151003_t1731466_e1737270_b20378_v21.csv,World_EEZ_v8_2014.shp,WPP_BFAR_merge.shp,KKP_IDN_merge_20161208.shp,VNF-VBD_npp_20120301-20151231_global_asia-enhanced_c201607211230.bitmask,NCEI_NGA.union.nga_lead2.add_2015ntl.mask,timezone.shp,VBD_platforms-recurring_2015_r20170330.shp,999999,VBD_bridges_c20160811.shp,9.202956;7.293124;4.987635;0.117751;-4.766567;-9.662423;-14.566307;-12.781590;-10.252750;-5.421471;-0.565886;4.309883,106.389061;120.204430;133.795395;132.636734;131.583801;130.626740;129.763702;115.696312;101.762085;103.094223;104.302101;105.397919,npp_d20151003_t1731466_e1737270_b20378,155.756,85.88,12.7024,96.7053,53.1664,71.9454
1085,VBD_npp_d20151003_t1735453_x1155906E_y065945S_l2160_s1814_v23,2017-06-01 16:11:27,-6.594494,115.590584,12.0284,2015-10-03 17:35:45,2015-10-04 00:35:45,2160,1814,0.408464,1,2529,0.586979,0.137807,0.823125,0.4,0.922318,0.75,0.0162246,0.0001,2.20929e-07,999999,-6.512681e-03,3,Indonesian Exclusive Economic Zone,WPP712,,SVDNB_npp_d20151003_t1731466_e1737270_b20378_c20151003233728467558_noaa_ops.h5,GDNBO_npp_d20151003_t1731466_e1737270_b20378_c20151003233728467298_noaa_ops.h5,SVI04_npp_d20151003_t1731466_e1737270_b20378_c20151003233728541959_noaa_ops.dspace_rad,VNFF_npp_d20151003_t1731466_e1737270_b20378_v21.csv,World_EEZ_v8_2014.shp,WPP_BFAR_merge.shp,KKP_IDN_merge_20161208.shp,VNF-VBD_npp_20120301-20151231_global_asia-enhanced_c201607211230.bitmask,NCEI_NGA.union.nga_lead2.add_2015ntl.mask,timezone.shp,VBD_platforms-recurring_2015_r20170330.shp,999999,VBD_bridges_c20160811.shp,9.202956;7.293124;4.987635;0.117751;-4.766567;-9.662423;-14.566307;-12.781590;-10.252750;-5.421471;-0.565886;4.309883,106.389061;120.204430;133.795395;132.636734;131.583801;130.626740;129.763702;115.696312;101.762085;103.094223;104.302101;105.397919,npp_d20151003_t1731466_e1737270_b20378,155.357,114.952,12.711,96.7752,59.9242,64.291
1086,VBD_npp_d20151003_t1735489_x1155533E_y067359S_l2182_s1814_v23,2017-06-01 16:11:27,-6.735929,115.553314,4.23508,2015-10-03 17:35:48,2015-10-04 00:35:48,2182,1814,0.406828,1,2529,0.310185,0.159897,0.870988,0.4,0.885009,0.75,0.0161648,0.0001,2.38521e-07,999999,-2.426622e-01,3,Indonesian Exclusive Economic Zone,WPP712,,SVDNB_npp_d20151003_t1731466_e1737270_b20378_c20151003233728467558_noaa_ops.h5,GDNBO_npp_d20151003_t1731466_e1737270_b20378_c20151003233728467298_noaa_ops.h5,SVI04_npp_d20151003_t1731466_e1737270_b20378_c20151003233728541959_noaa_ops.dspace_rad,VNFF_npp_d20151003_t1731466_e1737270_b20378_v21.csv,World_EEZ_v8_2014.shp,WPP_BFAR_merge.shp,KKP_IDN_merge_20161208.shp,VNF-VBD_npp_20120301-20151231_global_asia-enhanced_c201607211230.bitmask,NCEI_NGA.union.nga_lead2.add_2015ntl.mask,timezone.shp,VBD_platforms-recurring_2015_r20170330.shp,999999,VBD_bridges_c20160811.shp,9.202956;7.293124;4.987635;0.117751;-4.766567;-9.662423;-14.566307;-12.781590;-10.252750;-5.421471;-0.565886;4.309883,106.389061;120.204430;133.795395;132.636734;131.583801;130.626740;129.763702;115.696312;101.762085;103.094223;104.302101;105.397919,npp_d20151003_t1731466_e1737270_b20378,155.318,115.254,12.7035,99.4046,60.0069,64.2234
1087,VBD_npp_d20151003_t1732065_x1184821E_y062878N_l0189_s1815_v23,2017-06-01 16:11:27,6.287807,118.482117,55.9306,2015-10-03 17:32:06,2015-10-04 01:32:06,189,1815,0.445807,1,2529,0.862697,0.175505,0.866595,0.4,0.905073,0.75,0.0204968,0.0001,2.91609e-06,999999,3.220468e-02,3,Philippines Exclusive Economic Zone,ARMM,,SVDNB_npp_d20151003_t1731466_e1737270_b20378_c20151003233728467558_noaa_ops.h5,GDNBO_npp_d20151003_t1731466_e1737270_b20378_c20151003233728467298_noaa_ops.h5,SVI04_npp_d20151003_t1731466_e1737270_b20378_c20151003233728541959_noaa_ops.dspace_rad,VNFF_npp_d20151003_t1731466_e1737270_b20378_v21.csv,World_EEZ_v8_2014.shp,WPP_BFAR_merge.shp,KKP_IDN_merge_20161208.shp,VNF-VBD_npp_20120301-20151231_global_asia-enhanced_c201607211230.bitmask,NCEI_NGA.union.nga_lead2.add_2015ntl.mask,timezone.shp,VBD_platforms-recurring_2015_r20170330.shp,999999,VBD_bridges_c20160811.shp,9.202956;7.293124;4.987635;0.117751;-4.766567;-9.662423;-14.566307;-12.781590;-10.252750;-5.421471;-0.565886;4.309883,106.389061;120.204430;133.795395;132.636734;131.583801;130.626740;129.763702;115.696312;101.762085;103.094223;104.302101;105.397919,npp_d20151003_t1731466_e1737270_b20378,155.747,85.8548,12.6423,97.2247,53.1541,71.9534
1088,VBD_npp_d20151003_t1732083_x1184687E_y062504N_l0195_s1815_v23,2017-06-01 16:11:27,6.250447,118.468674,43.7295,2015-10-03 17:32:08,2015-10-04 01:32:08,195,1815,0.44723,1,2529,0.736925,0.197731,0.873223,0.4,0.875887,0.75,0.0204841,0.0001,3.10569e-06,999999,-1.494545e-01,3,Philippines Exclusive Economic Zone,ARMM,,SVDNB_npp_d20151003_t1731466_e1737270_b20378_c20151003233728467558_noaa_ops.h5,GDNBO_npp_d20151003_t1731466_e1737270_b20378_c20151003233728467298_noaa_ops.h5,SVI04_npp_d20151003_t1731466_e1737270_b20378_c20151003233728541959_noaa_ops.dspace_rad,VNFF_npp_d20151003_t1731466_e1737270_b20378_v21.csv,World_EEZ_v8_2014.shp,WPP_BFAR_merge.shp,KKP_IDN_merge_20161208.shp,VNF-VBD_npp_20120301-20151231_global_asia-enhanced_c201607211230.bitmask,NCEI_NGA.union.nga_lead2.add_2015ntl.mask,timezone.shp,VBD_platforms-recurring_2015_r20170330.shp,999999,VBD_bridges_c20160811.shp,9.202956;7.293124;4.987635;0.117751;-4.766567;-9.662423;-14.566307;-12.781590;-10.252750;-5.421471;-0.565886;4.309883,106.389061;120.204430;133.795395;132.636734;131.583801;130.626740;129.763702;115.696312;101.762085;103.094223;104.302101;105.397919,npp_d20151003_t1731466_e1737270_b20378,155.755,85.936,12.6449,99.8538,53.1718,71.9269
1089,VBD_npp_d20151003_t1735471_x1155899E_y065987S_l2161_s1815_v23,2017-06-01 16:11:27,-6.598691,115.589943,14.2096,2015-10-03 17:35:47,2015-10-04 00:35:47,2161,1815,0.406543,1,2529,0.651541,0.135233,0.815651,0.4,0.94602,0.75,0.0162256,0.0001,2.67867e-07,999999,2.100264e-02,3,Indonesian Exclusive Economic Zone,WPP712,,SVDNB_npp_d20151003_t1731466_e1737270_b20378_c20151003233728467558_noaa_ops.h5,GDNBO_npp_d20151003_t1731466_e1737270_b20378_c20151003233728467298_noaa_ops.h5,SVI04_npp_d20151003_t1731466_e1737270_b20378_c20151003233728541959_noaa_ops.dspace_rad,VNFF_npp_d20151003_t1731466_e1737270_b20378_v21.csv,World_EEZ_v8_2014.shp,WPP_BFAR_merge.shp,KKP_IDN_merge_20161208.shp,VNF-VBD_npp_20120301-20151231_global_asia-enhanced_c201607211230.bitmask,NCEI_NGA.union.nga_lead2.add_2015ntl.mask,timezone.shp,VBD_platforms-recurring_2015_r20170330.shp,999999,VBD_bridges_c20160811.shp,9.202956;7.293124;4.987635;0.117751;-4.766567;-9.662423;-14.566307;-12.781590;-10.252750;-5.421471;-0.565886;4.309883,106.389061;120.204430;133.795395;132.636734;131.583801;130.626740;129.763702;115.696312;101.762085;103.094223;104.302101;105.397919,npp_d20151003_t1731466_e1737270_b20378,155.35,114.953,12.6473,100.726,59.9202,64.2863
1090,VBD_npp_d20151003_t1735489_x1155644E_y067100S_l2178_s1815_v23,2017-06-01 16:11:27,-6.710019,115.564400,2.24543,2015-10-03 17:35:48,2015-10-04 00:35:48,2178,1815,0.410171,7,2209,0.153019,0.12998,0.858815,0.4,0.724088,0.75,0.0161794,0.0001,2.57417e-07,999999,7.715189e-02,3,,,,SVDNB_npp_d20151003_t1731466_e1737270_b20378_c20151003233728467558_noaa_ops.h5,GDNBO_npp_d20151003_t1731466_e1737270_b20378_c20151003233728467298_noaa_ops.h5,SVI04_npp_d20151003_t1731466_e1737270_b20378_c20151003233728541959_noaa_ops.dspace_rad,VNFF_npp_d20151003_t1731466_e1737270_b20378_v21.csv,World_EEZ_v8_2014.shp,WPP_BFAR_merge.shp,KKP_IDN_merge_20161208.shp,VNF-VBD_npp_20120301-20151231_global_asia-enhanced_c201607211230.bitmask,NCEI_NGA.union.nga_lead2.add_2015ntl.mask,timezone.shp,VBD_platforms-recurring_2015_r20170330.shp,999999,VBD_bridges_c20160811.shp,9.202956;7.293124;4.987635;0.117751;-4.766567;-9.662423;-14.566307;-12.781590;-10.252750;-5.421471;-0.565886;4.309883,106.389061;120.204430;133.795395;132.636734;131.583801;130.626740;129.763702;115.696312;101.762085;103.094223;104.302101;105.397919,npp_d20151003_t1731466_e1737270_b20378,155.319,115.192,12.6503,100.459,59.9855,64.2332
1091,VBD_npp_d20151003_t1732083_x1184733E_y062359N_l0197_s1816_v23,2017-06-01 16:11:27,6.235937,118.473305,42.2949,2015-10-03 17:32:08,2015-10-04 01:32:08,197,1816,0.446874,1,2529,0.73392,0.196327,0.873223,0.4,0.874139,0.75,0.0204837,0.0001,3.12473e-06,999999,-1.379802e-01,3,Philippines Exclusive Economic Zone,ARMM,,SVDNB_npp_d20151003_t1731466_e1737270_b20378_c20151003233728467558_noaa_ops.h5,GDNBO_npp_d20151003_t1731466_e1737270_b20378_c20151003233728467298_noaa_ops.h5,SVI04_npp_d20151003_t1731466_e1737270_b20378_c20151003233728541959_noaa_ops.dspace_rad,VNFF_npp_d20151003_t1731466_e1737270_b20378_v21.csv,World_EEZ_v8_2014.shp,WPP_BFAR_merge.shp,KKP_IDN_merge_20161208.shp,VNF-VBD_npp_20120301-20151231_global_asia-enhanced_c201607211230.bitmask,NCEI_NGA.union.nga_lead2.add_2015ntl.mask,timezone.shp,VBD_platforms-recurring_2015_r20170330.shp,999999,VBD_bridges_c20160811.shp,9.202956;7.293124;4.987635;0.117751;-4.766567;-9.662423;-14.566307;-12.781590;-10.252750;-5.421471;-0.565886;4.309883,106.389061;120.204430;133.795395;132.636734;131.583801;130.626740;129.763702;115.696312;101.762085;103.094223;104.302101;105.397919,npp_d20151003_t1731466_e1737270_b20378,155.752,85.9693,12.5869,99.3306,53.1719,71.9157
1092,VBD_npp_d20151003_t1732083_x1184811E_y062416N_l0196_s1817_v23,2017-06-01 16:11:27,6.241635,118.481064,38.8099,2015-10-03 17:32:08,2015-10-04 01:32:08,196,1817,0.416857,1,2529,0.629431,0.196535,0.873223,0.4,0.842513,0.75,0.0204896,0.0001,3.22005e-06,999999,-1.396792e-01,3,Philippines Exclusive Economic Zone,ARMM,,SVDNB_npp_d20151003_t1731466_e1737270_b20378_c20151003233728467558_noaa_ops.h5,GDNBO_npp_d20151003_t1731466_e1737270_b20378_c20151003233728467298_noaa_ops.h5,SVI04_npp_d20151003_t1731466_e1737270_b20378_c20151003233728541959_noaa_ops.dspace_rad,VNFF_npp_d20151003_t1731466_e1737270_b20378_v21.csv,World_EEZ_v8_2014.shp,WPP_BFAR_merge.shp,KKP_IDN_merge_20161208.shp,VNF-VBD_npp_20120301-20151231_global_asia-enhanced_c201607211230.bitmask,NCEI_NGA.union.nga_lead2.add_2015ntl.mask,timezone.shp,VBD_platforms-recurring_2015_r20170330.shp,999999,VBD_bridges_c20160811.shp,9.202956;7.293124;4.987635;0.117751;-4.766567;-9.662423;-14.566307;-12.781590;-10.252750;-5.421471;-0.565886;4.309883,106.389061;120.204430;133.795395;132.636734;131.583801;130.626740;129.763702;115.696312;101.762085;103.094223;104.302101;105.397919,npp_d20151003_t1731466_e1737270_b20378,155.744,85.9587,12.5311,99.6003,53.1627,71.9188
1093,VBD_npp_d20151003_t1734164_x1167943E_y013577S_l1358_s1817_v23,2017-06-01 16:11:27,-1.357678,116.794319,91.4719,2015-10-03 17:34:16,2015-10-04 01:34:16,1358,1817,0.428238,4,51685,1.10494,0.138844,0.808244,0.4,0.894057,0.75,0.0180651,0.0001,7.79778e-07,999999,-1.760483e-02,3,Indonesian Exclusive Economic Zone,WPP713,,SVDNB_npp_d20151003_t1731466_e1737270_b20378_c20151003233728467558_noaa_ops.h5,GDNBO_npp_d20151003_t1731466_e1737270_b20378_c20151003233728467298_noaa_ops.h5,SVI04_npp_d20151003_t1731466_e1737270_b20378_c20151003233728541959_noaa_ops.dspace_rad,VNFF_npp_d20151003_t1731466_e1737270_b20378_v21.csv,World_EEZ_v8_2014.shp,WPP_BFAR_merge.shp,KKP_IDN_merge_20161208.shp,VNF-VBD_npp_20120301-20151231_global_asia-enhanced_c201607211230.bitmask,NCEI_NGA.union.nga_lead2.add_2015ntl.mask,timezone.shp,VBD_platforms-recurring_2015_r20170330.shp,0.425128,VBD_bridges_c20160811.shp,9.202956;7.293124;4.987635;0.117751;-4.766567;-9.662423;-14.566307;-12.781590;-10.252750;-5.421471;-0.565886;4.309883,106.389061;120.204430;133.795395;132.636734;131.583801;130.626740;129.763702;115.696312;101.762085;103.094223;104.302101;105.397919,npp_d20151003_t1731466_e1737270_b20378,156.291,103.236,12.5368,97.0877,56.9684,67.0382
1094,VBD_npp_d20151003_t1734484_x1163770E_y032060S_l1641_s1817_v23,2017-06-01 16:11:27,-3.206026,116.376953,3.90272,2015-10-03 17:34:48,2015-10-04 01:34:48,1641,1817,0.42646,8,18913,0.25998,0.139845,0.689011,0.4,0.769294,0.75,0.0174808,0.0001,5.57188e-07,999999,-2.830895e-02,3,Indonesian Exclusive Economic Zone,WPP713,,SVDNB_npp_d20151003_t1731466_e1737270_b20378_c20151003233728467558_noaa_ops.h5,GDNBO_npp_d20151003_t1731466_e1737270_b20378_c20151003233728467298_noaa_ops.h5,SVI04_npp_d20151003_t1731466_e1737270_b20378_c20151003233728541959_noaa_ops.dspace_rad,VNFF_npp_d20151003_t1731466_e1737270_b20378_v21.csv,World_EEZ_v8_2014.shp,WPP_BFAR_merge.shp,KKP_IDN_merge_20161208.shp,VNF-VBD_npp_20120301-20151231_global_asia-enhanced_c201607211230.bitmask,NCEI_NGA.union.nga_lead2.add_2015ntl.mask,timezone.shp,VBD_platforms-recurring_2015_r20170330.shp,0.335977,VBD_bridges_c20160811.shp,9.202956;7.293124;4.987635;0.117751;-4.766567;-9.662423;-14.566307;-12.781590;-10.252750;-5.421471;-0.565886;4.309883,106.389061;120.204430;133.795395;132.636734;131.583801;130.626740;129.763702;115.696312;101.762085;103.094223;104.302101;105.397919,npp_d20151003_t1731466_e1737270_b20378,156.075,107.457,12.5307,98.476,57.9786,66.0102
1095,VBD_npp_d20151003_t1735489_x1155724E_y067459S_l2183_s1817_v23,2017-06-01 16:11:27,-6.745908,115.572441,2.13029,2015-10-03 17:35:48,2015-10-04 00:35:48,2183,1817,0.407183,1,2273,0.173368,0.157034,0.802235,0.4,0.825006,0.75,0.016173,0.0001,2.54454e-07,999999,-2.120625e-01,3,Indonesian Exclusive Economic Zone,WPP712,,SVDNB_npp_d20151003_t1731466_e1737270_b20378_c20151003233728467558_noaa_ops.h5,GDNBO_npp_d20151003_t1731466_e1737270_b20378_c20151003233728467298_noaa_ops.h5,SVI04_npp_d20151003_t1731466_e1737270_b20378_c20151003233728541959_noaa_ops.dspace_rad,VNFF_npp_d20151003_t1731466_e1737270_b20378_v21.csv,World_EEZ_v8_2014.shp,WPP_BFAR_merge.shp,KKP_IDN_merge_20161208.shp,VNF-VBD_npp_20120301-20151231_global_asia-enhanced_c201607211230.bitmask,NCEI_NGA.union.nga_lead2.add_2015ntl.mask,timezone.shp,VBD_platforms-recurring_2015_r20170330.shp,999999,VBD_bridges_c20160811.shp,9.202956;7.293124;4.987635;0.117751;-4.766567;-9.662423;-14.566307;-12.781590;-10.252750;-5.421471;-0.565886;4.309883,106.389061;120.204430;133.795395;132.636734;131.583801;130.626740;129.763702;115.696312;101.762085;103.094223;104.302101;105.397919,npp_d20151003_t1731466_e1737270_b20378,155.296,115.254,12.534,99.1425,59.994,64.2109
1096,VBD_npp_d20151003_t1731487_x1187528E_y074040N_l0018_s1819_v23,2017-06-01 16:11:27,7.404033,118.752785,4.13582,2015-10-03 17:31:48,2015-10-04 01:31:48,18,1819,0.439548,8,18913,0.280234,0.153178,0.749205,0.4,0.834674,0.75,0.0208688,0.0001,4.05027e-06,999999,-1.279851e-01,3,Philippines Exclusive Economic Zone,ARMM,,SVDNB_npp_d20151003_t1731466_e1737270_b20378_c20151003233728467558_noaa_ops.h5,GDNBO_npp_d20151003_t1731466_e1737270_b20378_c20151003233728467298_noaa_ops.h5,SVI04_npp_d20151003_t1731466_e1737270_b20378_c20151003233728541959_noaa_ops.dspace_rad,VNFF_npp_d20151003_t1731466_e1737270_b20378_v21.csv,World_EEZ_v8_2014.shp,WPP_BFAR_merge.shp,KKP_IDN_merge_20161208.shp,VNF-VBD_npp_20120301-20151231_global_asia-enhanced_c201607211230.bitmask,NCEI_NGA.union.nga_lead2.add_2015ntl.mask,timezone.shp,VBD_platforms-recurring_2015_r20170330.shp,0.307399,VBD_bridges_c20160811.shp,9.202956;7.293124;4.987635;0.117751;-4.766567;-9.662423;-14.566307;-12.781590;-10.252750;-5.421471;-0.565886;4.309883,106.389061;120.204430;133.795395;132.636734;131.583801;130.626740;129.763702;115.696312;101.762085;103.094223;104.302101;105.397919,npp_d20151003_t1731466_e1737270_b20378,155.448,83.4682,12.4162,100.143,52.6219,72.7579
1097,VBD_npp_d20151003_t1734502_x1163914E_y032887S_l1653_s1822_v23,2017-06-01 16:11:27,-3.288712,116.391357,4.54585,2015-10-03 17:34:50,2015-10-04 01:34:50,1653,1822,0.42774,8,18913,0.332889,0.130724,0.702639,0.4,0.90058,0.75,0.0174683,0.0001,6.44975e-07,999999,6.920386e-02,3,Indonesian Exclusive Economic Zone,WPP713,,SVDNB_npp_d20151003_t1731466_e1737270_b20378_c20151003233728467558_noaa_ops.h5,GDNBO_npp_d20151003_t1731466_e1737270_b20378_c20151003233728467298_noaa_ops.h5,SVI04_npp_d20151003_t1731466_e1737270_b20378_c20151003233728541959_noaa_ops.dspace_rad,VNFF_npp_d20151003_t1731466_e1737270_b20378_v21.csv,World_EEZ_v8_2014.shp,WPP_BFAR_merge.shp,KKP_IDN_merge_20161208.shp,VNF-VBD_npp_20120301-20151231_global_asia-enhanced_c201607211230.bitmask,NCEI_NGA.union.nga_lead2.add_2015ntl.mask,timezone.shp,VBD_platforms-recurring_2015_r20170330.shp,0.139009,VBD_bridges_c20160811.shp,9.202956;7.293124;4.987635;0.117751;-4.766567;-9.662423;-14.566307;-12.781590;-10.252750;-5.421471;-0.565886;4.309883,106.389061;120.204430;133.795395;132.636734;131.583801;130.626740;129.763702;115.696312;101.762085;103.094223;104.302101;105.397919,npp_d20151003_t1731466_e1737270_b20378,156.029,107.619,12.2465,99.5663,57.9927,65.9546
1098,VBD_npp_d20151003_t1734502_x1163970E_y032965S_l1654_s1823_v23,2017-06-01 16:11:27,-3.296505,116.396980,2.75373,2015-10-03 17:34:50,2015-10-04 01:34:50,1654,1823,0.434782,1,2529,0.213011,0.135077,0.682142,0.4,0.793234,0.75,0.0174694,0.0001,6.53392e-07,999999,2.266847e-02,3,Indonesian Exclusive Economic Zone,WPP713,,SVDNB_npp_d20151003_t1731466_e1737270_b20378_c20151003233728467558_noaa_ops.h5,GDNBO_npp_d20151003_t1731466_e1737270_b20378_c20151003233728467298_noaa_ops.h5,SVI04_npp_d20151003_t1731466_e1737270_b20378_c20151003233728541959_noaa_ops.dspace_rad,VNFF_npp_d20151003_t1731466_e1737270_b20378_v21.csv,World_EEZ_v8_2014.shp,WPP_BFAR_merge.shp,KKP_IDN_merge_20161208.shp,VNF-VBD_npp_20120301-20151231_global_asia-enhanced_c201607211230.bitmask,NCEI_NGA.union.nga_lead2.add_2015ntl.mask,timezone.shp,VBD_platforms-recurring_2015_r20170330.shp,999999,VBD_bridges_c20160811.shp,9.202956;7.293124;4.987635;0.117751;-4.766567;-9.662423;-14.566307;-12.781590;-10.252750;-5.421471;-0.565886;4.309883,106.389061;120.204430;133.795395;132.636734;131.583801;130.626740;129.763702;115.696312;101.762085;103.094223;104.302101;105.397919,npp_d20151003_t1731466_e1737270_b20378,156.021,107.631,12.1896,99.2963,57.9907,65.9482
1099,VBD_npp_d20151003_t1732545_x1179920E_y035102N_l0611_s1834_v23,2017-06-01 16:11:27,3.510208,117.991959,7.44616,2015-10-03 17:32:54,2015-10-04 01:32:54,611,1834,0.445736,1,2529,0.47513,0.188953,0.771393,0.4,0.934184,0.75,0.0197783,0.0001,3.08472e-06,999999,-7.770871e-02,3,Indonesian Exclusive Economic Zone,WPP716,,SVDNB_npp_d20151003_t1731466_e1737270_b20378_c20151003233728467558_noaa_ops.h5,GDNBO_npp_d20151003_t1731466_e1737270_b20378_c20151003233728467298_noaa_ops.h5,SVI04_npp_d20151003_t1731466_e1737270_b20378_c20151003233728541959_noaa_ops.dspace_rad,VNFF_npp_d20151003_t1731466_e1737270_b20378_v21.csv,World_EEZ_v8_2014.shp,WPP_BFAR_merge.shp,KKP_IDN_merge_20161208.shp,VNF-VBD_npp_20120301-20151231_global_asia-enhanced_c201607211230.bitmask,NCEI_NGA.union.nga_lead2.add_2015ntl.mask,timezone.shp,VBD_platforms-recurring_2015_r20170330.shp,999999,VBD_bridges_c20160811.shp,9.202956;7.293124;4.987635;0.117751;-4.766567;-9.662423;-14.566307;-12.781590;-10.252750;-5.421471;-0.565886;4.309883,106.389061;120.204430;133.795395;132.636734;131.583801;130.626740;129.763702;115.696312;101.762085;103.094223;104.302101;105.397919,npp_d20151003_t1731466_e1737270_b20378,156.087,92.0359,11.5687,100.007,54.3512,70.0201
1100,VBD_npp_d20151003_t1734182_x1169127E_y014292S_l1366_s1837_v23,2017-06-01 16:11:27,-1.429192,116.912704,2.09539,2015-10-03 17:34:18,2015-10-04 01:34:18,1366,1837,0.425322,4,100517,0.14936,0.133146,0.554254,0.4,0.716297,0.75,0.0181195,0.0001,1.33178e-06,999999,4.330736e-02,3,Indonesian Exclusive Economic Zone,WPP713,,SVDNB_npp_d20151003_t1731466_e1737270_b20378_c20151003233728467558_noaa_ops.h5,GDNBO_npp_d20151003_t1731466_e1737270_b20378_c20151003233728467298_noaa_ops.h5,SVI04_npp_d20151003_t1731466_e1737270_b20378_c20151003233728541959_noaa_ops.dspace_rad,VNFF_npp_d20151003_t1731466_e1737270_b20378_v21.csv,World_EEZ_v8_2014.shp,WPP_BFAR_merge.shp,KKP_IDN_merge_20161208.shp,VNF-VBD_npp_20120301-20151231_global_asia-enhanced_c201607211230.bitmask,NCEI_NGA.union.nga_lead2.add_2015ntl.mask,timezone.shp,VBD_platforms-recurring_2015_r20170330.shp,999999,VBD_bridges_c20160811.shp,9.202956;7.293124;4.987635;0.117751;-4.766567;-9.662423;-14.566307;-12.781590;-10.252750;-5.421471;-0.565886;4.309883,106.389061;120.204430;133.795395;132.636734;131.583801;130.626740;129.763702;115.696312;101.762085;103.094223;104.302101;105.397919,npp_d20151003_t1731466_e1737270_b20378,156.152,103.325,11.4,99.2636,56.88,66.958
1101,VBD_npp_d20151003_t1732296_x1183305E_y048836N_l0400_s1838_v23,2017-06-01 16:11:27,4.883574,118.330460,4.00483,2015-10-03 17:32:29,2015-10-04 01:32:29,400,1838,0.446874,1,2529,0.311176,0.18779,0.697074,0.4,0.914731,0.75,0.020267,0.0001,3.79519e-06,999999,-6.820850e-02,3,Malaysian Exclusive Economic Zone,,,SVDNB_npp_d20151003_t1731466_e1737270_b20378_c20151003233728467558_noaa_ops.h5,GDNBO_npp_d20151003_t1731466_e1737270_b20378_c20151003233728467298_noaa_ops.h5,SVI04_npp_d20151003_t1731466_e1737270_b20378_c20151003233728541959_noaa_ops.dspace_rad,VNFF_npp_d20151003_t1731466_e1737270_b20378_v21.csv,World_EEZ_v8_2014.shp,WPP_BFAR_merge.shp,KKP_IDN_merge_20161208.shp,VNF-VBD_npp_20120301-20151231_global_asia-enhanced_c201607211230.bitmask,NCEI_NGA.union.nga_lead2.add_2015ntl.mask,timezone.shp,VBD_platforms-recurring_2015_r20170330.shp,999999,VBD_bridges_c20160811.shp,9.202956;7.293124;4.987635;0.117751;-4.766567;-9.662423;-14.566307;-12.781590;-10.252750;-5.421471;-0.565886;4.309883,106.389061;120.204430;133.795395;132.636734;131.583801;130.626740;129.763702;115.696312;101.762085;103.094223;104.302101;105.397919,npp_d20151003_t1731466_e1737270_b20378,155.865,88.9668,11.3525,96.2025,53.6614,70.9455
1102,VBD_npp_d20151003_t1734182_x1169657E_y014375S_l1366_s1845_v23,2017-06-01 16:11:27,-1.437534,116.965668,8.12823,2015-10-03 17:34:18,2015-10-04 01:34:18,1366,1845,0.404836,8,51681,0.39978,0.167637,0.662756,0.4,0.792674,0.75,0.0181492,0.0001,1.59773e-06,999999,-3.254072e-01,3,Indonesian Exclusive Economic Zone,WPP713,,SVDNB_npp_d20151003_t1731466_e1737270_b20378_c20151003233728467558_noaa_ops.h5,GDNBO_npp_d20151003_t1731466_e1737270_b20378_c20151003233728467298_noaa_ops.h5,SVI04_npp_d20151003_t1731466_e1737270_b20378_c20151003233728541959_noaa_ops.dspace_rad,VNFF_npp_d20151003_t1731466_e1737270_b20378_v21.csv,World_EEZ_v8_2014.shp,WPP_BFAR_merge.shp,KKP_IDN_merge_20161208.shp,VNF-VBD_npp_20120301-20151231_global_asia-enhanced_c201607211230.bitmask,NCEI_NGA.union.nga_lead2.add_2015ntl.mask,timezone.shp,VBD_platforms-recurring_2015_r20170330.shp,0.111131,VBD_bridges_c20160811.shp,9.202956;7.293124;4.987635;0.117751;-4.766567;-9.662423;-14.566307;-12.781590;-10.252750;-5.421471;-0.565886;4.309883,106.389061;120.204430;133.795395;132.636734;131.583801;130.626740;129.763702;115.696312;101.762085;103.094223;104.302101;105.397919,npp_d20151003_t1731466_e1737270_b20378,156.098,103.315,10.949,99.2826,56.8341,66.9376
1103,VBD_npp_d20151003_t1732421_x1182514E_y041661N_l0508_s1850_v23,2017-06-01 16:11:27,4.166087,118.251350,11.2571,2015-10-03 17:32:42,2015-10-04 01:32:42,508,1850,0.440828,1,2529,0.57975,0.181043,0.819782,0.4,0.923861,0.75,0.0200727,0.0001,4.51711e-06,999999,-1.306134e-02,3,Malaysian Exclusive Economic Zone,,,SVDNB_npp_d20151003_t1731466_e1737270_b20378_c20151003233728467558_noaa_ops.h5,GDNBO_npp_d20151003_t1731466_e1737270_b20378_c20151003233728467298_noaa_ops.h5,SVI04_npp_d20151003_t1731466_e1737270_b20378_c20151003233728541959_noaa_ops.dspace_rad,VNFF_npp_d20151003_t1731466_e1737270_b20378_v21.csv,World_EEZ_v8_2014.shp,WPP_BFAR_merge.shp,KKP_IDN_merge_20161208.shp,VNF-VBD_npp_20120301-20151231_global_asia-enhanced_c201607211230.bitmask,NCEI_NGA.union.nga_lead2.add_2015ntl.mask,timezone.shp,VBD_platforms-recurring_2015_r20170330.shp,999999,VBD_bridges_c20160811.shp,9.202956;7.293124;4.987635;0.117751;-4.766567;-9.662423;-14.566307;-12.781590;-10.252750;-5.421471;-0.565886;4.309883,106.389061;120.204430;133.795395;132.636734;131.583801;130.626740;129.763702;115.696312;101.762085;103.094223;104.302101;105.397919,npp_d20151003_t1731466_e1737270_b20378,155.895,90.567,10.6686,97.3258,53.9286,70.4406
1104,VBD_npp_d20151003_t1732314_x1184154E_y048174N_l0408_s1853_v23,2017-06-01 16:11:27,4.817366,118.415443,16.2979,2015-10-03 17:32:31,2015-10-04 01:32:31,408,1853,0.450431,1,2529,0.576346,0.177453,0.776569,0.4,0.869005,0.75,0.0203059,0.0001,5.49356e-06,999999,1.628373e-02,3,Malaysian Exclusive Economic Zone,,,SVDNB_npp_d20151003_t1731466_e1737270_b20378_c20151003233728467558_noaa_ops.h5,GDNBO_npp_d20151003_t1731466_e1737270_b20378_c20151003233728467298_noaa_ops.h5,SVI04_npp_d20151003_t1731466_e1737270_b20378_c20151003233728541959_noaa_ops.dspace_rad,VNFF_npp_d20151003_t1731466_e1737270_b20378_v21.csv,World_EEZ_v8_2014.shp,WPP_BFAR_merge.shp,KKP_IDN_merge_20161208.shp,VNF-VBD_npp_20120301-20151231_global_asia-enhanced_c201607211230.bitmask,NCEI_NGA.union.nga_lead2.add_2015ntl.mask,timezone.shp,VBD_platforms-recurring_2015_r20170330.shp,999999,VBD_bridges_c20160811.shp,9.202956;7.293124;4.987635;0.117751;-4.766567;-9.662423;-14.566307;-12.781590;-10.252750;-5.421471;-0.565886;4.309883,106.389061;120.204430;133.795395;132.636734;131.583801;130.626740;129.763702;115.696312;101.762085;103.094223;104.302101;105.397919,npp_d20151003_t1731466_e1737270_b20378,155.774,89.1255,10.4911,98.5592,53.5956,70.8831
1105,VBD_npp_d20151003_t1735418_x1159224E_y064167S_l2126_s1856_v23,2017-06-01 16:11:27,-6.416667,115.922394,17.1955,2015-10-03 17:35:41,2015-10-04 00:35:41,2126,1856,0.4101,8,18913,0.710751,0.111741,0.850481,0.4,0.944451,0.75,0.0164703,0.0001,6.7419e-07,999999,2.721328e-01,3,Indonesian Exclusive Economic Zone,WPP712,,SVDNB_npp_d20151003_t1731466_e1737270_b20378_c20151003233728467558_noaa_ops.h5,GDNBO_npp_d20151003_t1731466_e1737270_b20378_c20151003233728467298_noaa_ops.h5,SVI04_npp_d20151003_t1731466_e1737270_b20378_c20151003233728541959_noaa_ops.dspace_rad,VNFF_npp_d20151003_t1731466_e1737270_b20378_v21.csv,World_EEZ_v8_2014.shp,WPP_BFAR_merge.shp,KKP_IDN_merge_20161208.shp,VNF-VBD_npp_20120301-20151231_global_asia-enhanced_c201607211230.bitmask,NCEI_NGA.union.nga_lead2.add_2015ntl.mask,timezone.shp,VBD_platforms-recurring_2015_r20170330.shp,0.172406,VBD_bridges_c20160811.shp,9.202956;7.293124;4.987635;0.117751;-4.766567;-9.662423;-14.566307;-12.781590;-10.252750;-5.421471;-0.565886;4.309883,106.389061;120.204430;133.795395;132.636734;131.583801;130.626740;129.763702;115.696312;101.762085;103.094223;104.302101;105.397919,npp_d20151003_t1731466_e1737270_b20378,155.145,114.281,10.3275,96.8812,59.5597,64.269
1106,VBD_npp_d20151003_t1735062_x1164532E_y043214S_l1804_s1864_v23,2017-06-01 16:11:27,-4.321396,116.453194,3.76602,2015-10-03 17:35:06,2015-10-04 01:35:06,1804,1864,0.415434,1,2529,0.266549,0.140972,0.74935,0.4,0.772312,0.75,0.0172291,0.0001,1.31605e-06,999999,-4.035649e-02,3,Indonesian Exclusive Economic Zone,WPP713,,SVDNB_npp_d20151003_t1731466_e1737270_b20378_c20151003233728467558_noaa_ops.h5,GDNBO_npp_d20151003_t1731466_e1737270_b20378_c20151003233728467298_noaa_ops.h5,SVI04_npp_d20151003_t1731466_e1737270_b20378_c20151003233728541959_noaa_ops.dspace_rad,VNFF_npp_d20151003_t1731466_e1737270_b20378_v21.csv,World_EEZ_v8_2014.shp,WPP_BFAR_merge.shp,KKP_IDN_merge_20161208.shp,VNF-VBD_npp_20120301-20151231_global_asia-enhanced_c201607211230.bitmask,NCEI_NGA.union.nga_lead2.add_2015ntl.mask,timezone.shp,VBD_platforms-recurring_2015_r20170330.shp,999999,VBD_bridges_c20160811.shp,9.202956;7.293124;4.987635;0.117751;-4.766567;-9.662423;-14.566307;-12.781590;-10.252750;-5.421471;-0.565886;4.309883,106.389061;120.204430;133.795395;132.636734;131.583801;130.626740;129.763702;115.696312;101.762085;103.094223;104.302101;105.397919,npp_d20151003_t1731466_e1737270_b20378,155.577,109.696,9.856,97.3826,58.3068,65.3098
1107,VBD_npp_d20151003_t1735080_x1164550E_y043544S_l1809_s1866_v23,2017-06-01 16:11:27,-4.354386,116.455040,8.69809,2015-10-03 17:35:08,2015-10-04 01:35:08,1809,1866,0.377664,1,2529,0.441156,0.171709,0.765701,0.4,0.889701,0.75,0.0172233,0.0001,1.53098e-06,999999,-3.689404e-01,3,Indonesian Exclusive Economic Zone,WPP713,,SVDNB_npp_d20151003_t1731466_e1737270_b20378_c20151003233728467558_noaa_ops.h5,GDNBO_npp_d20151003_t1731466_e1737270_b20378_c20151003233728467298_noaa_ops.h5,SVI04_npp_d20151003_t1731466_e1737270_b20378_c20151003233728541959_noaa_ops.dspace_rad,VNFF_npp_d20151003_t1731466_e1737270_b20378_v21.csv,World_EEZ_v8_2014.shp,WPP_BFAR_merge.shp,KKP_IDN_merge_20161208.shp,VNF-VBD_npp_20120301-20151231_global_asia-enhanced_c201607211230.bitmask,NCEI_NGA.union.nga_lead2.add_2015ntl.mask,timezone.shp,VBD_platforms-recurring_2015_r20170330.shp,999999,VBD_bridges_c20160811.shp,9.202956;7.293124;4.987635;0.117751;-4.766567;-9.662423;-14.566307;-12.781590;-10.252750;-5.421471;-0.565886;4.309883,106.389061;120.204430;133.795395;132.636734;131.583801;130.626740;129.763702;115.696312;101.762085;103.094223;104.302101;105.397919,npp_d20151003_t1731466_e1737270_b20378,155.557,109.757,9.74067,101.127,58.3125,65.2876
1108,VBD_npp_d20151003_t1734110_x1172048E_y010626S_l1305_s1867_v23,2017-06-01 16:11:27,-1.062635,117.204750,6.21808,2015-10-03 17:34:11,2015-10-04 01:34:11,1305,1867,0.394095,1,2529,0.352212,0.235616,0.863779,0.4,0.797747,0.75,0.0183833,0.0001,2.75337e-06,999999,-4.591070e-01,3,Indonesian Exclusive Economic Zone,WPP713,,SVDNB_npp_d20151003_t1731466_e1737270_b20378_c20151003233728467558_noaa_ops.h5,GDNBO_npp_d20151003_t1731466_e1737270_b20378_c20151003233728467298_noaa_ops.h5,SVI04_npp_d20151003_t1731466_e1737270_b20378_c20151003233728541959_noaa_ops.dspace_rad,VNFF_npp_d20151003_t1731466_e1737270_b20378_v21.csv,World_EEZ_v8_2014.shp,WPP_BFAR_merge.shp,KKP_IDN_merge_20161208.shp,VNF-VBD_npp_20120301-20151231_global_asia-enhanced_c201607211230.bitmask,NCEI_NGA.union.nga_lead2.add_2015ntl.mask,timezone.shp,VBD_platforms-recurring_2015_r20170330.shp,999999,VBD_bridges_c20160811.shp,9.202956;7.293124;4.987635;0.117751;-4.766567;-9.662423;-14.566307;-12.781590;-10.252750;-5.421471;-0.565886;4.309883,106.389061;120.204430;133.795395;132.636734;131.583801;130.626740;129.763702;115.696312;101.762085;103.094223;104.302101;105.397919,npp_d20151003_t1731466_e1737270_b20378,155.977,102.383,9.67709,98.3078,56.4908,67.1113
1109,VBD_npp_d20151003_t1734199_x1171028E_y015334S_l1377_s1868_v23,2017-06-01 16:11:27,-1.533388,117.102844,5.85653,2015-10-03 17:34:19,2015-10-04 01:34:19,1377,1868,0.336123,2,2209,0.166825,0.130147,0.73944,0.4,0.649783,0.75,0.0182072,0.0001,2.77307e-06,999999,7.537374e-02,3,Indonesian Exclusive Economic Zone,WPP713,,SVDNB_npp_d20151003_t1731466_e1737270_b20378_c20151003233728467558_noaa_ops.h5,GDNBO_npp_d20151003_t1731466_e1737270_b20378_c20151003233728467298_noaa_ops.h5,SVI04_npp_d20151003_t1731466_e1737270_b20378_c20151003233728541959_noaa_ops.dspace_rad,VNFF_npp_d20151003_t1731466_e1737270_b20378_v21.csv,World_EEZ_v8_2014.shp,WPP_BFAR_merge.shp,KKP_IDN_merge_20161208.shp,VNF-VBD_npp_20120301-20151231_global_asia-enhanced_c201607211230.bitmask,NCEI_NGA.union.nga_lead2.add_2015ntl.mask,timezone.shp,VBD_platforms-recurring_2015_r20170330.shp,999999,VBD_bridges_c20160811.shp,9.202956;7.293124;4.987635;0.117751;-4.766567;-9.662423;-14.566307;-12.781590;-10.252750;-5.421471;-0.565886;4.309883,106.389061;120.204430;133.795395;132.636734;131.583801;130.626740;129.763702;115.696312;101.762085;103.094223;104.302101;105.397919,npp_d20151003_t1731466_e1737270_b20378,155.935,103.446,9.6252,101.068,56.7381,66.8361
1110,VBD_npp_d20151003_t1734199_x1171008E_y015468S_l1379_s1868_v23,2017-06-01 16:11:27,-1.546752,117.100754,16.0737,2015-10-03 17:34:19,2015-10-04 01:34:19,1379,1868,0.385631,1,2529,0.451787,0.144467,0.770074,0.4,0.796298,0.75,0.0182022,0.0001,2.7168e-06,999999,-7.771788e-02,3,Indonesian Exclusive Economic Zone,WPP713,,SVDNB_npp_d20151003_t1731466_e1737270_b20378_c20151003233728467558_noaa_ops.h5,GDNBO_npp_d20151003_t1731466_e1737270_b20378_c20151003233728467298_noaa_ops.h5,SVI04_npp_d20151003_t1731466_e1737270_b20378_c20151003233728541959_noaa_ops.dspace_rad,VNFF_npp_d20151003_t1731466_e1737270_b20378_v21.csv,World_EEZ_v8_2014.shp,WPP_BFAR_merge.shp,KKP_IDN_merge_20161208.shp,VNF-VBD_npp_20120301-20151231_global_asia-enhanced_c201607211230.bitmask,NCEI_NGA.union.nga_lead2.add_2015ntl.mask,timezone.shp,VBD_platforms-recurring_2015_r20170330.shp,999999,VBD_bridges_c20160811.shp,9.202956;7.293124;4.987635;0.117751;-4.766567;-9.662423;-14.566307;-12.781590;-10.252750;-5.421471;-0.565886;4.309883,106.389061;120.204430;133.795395;132.636734;131.583801;130.626740;129.763702;115.696312;101.762085;103.094223;104.302101;105.397919,npp_d20151003_t1731466_e1737270_b20378,155.934,103.476,9.62158,100.377,56.7454,66.8284
1111,VBD_npp_d20151003_t1734110_x1172214E_y010447S_l1302_s1869_v23,2017-06-01 16:11:27,-1.044715,117.221397,4.9816,2015-10-03 17:34:11,2015-10-04 01:34:11,1302,1869,0.391606,8,18849,0.251122,0.217359,0.86897,0.4,0.698107,0.75,0.0183982,0.0001,2.96723e-06,999999,-3.098803e-01,3,Indonesian Exclusive Economic Zone,WPP713,,SVDNB_npp_d20151003_t1731466_e1737270_b20378_c20151003233728467558_noaa_ops.h5,GDNBO_npp_d20151003_t1731466_e1737270_b20378_c20151003233728467298_noaa_ops.h5,SVI04_npp_d20151003_t1731466_e1737270_b20378_c20151003233728541959_noaa_ops.dspace_rad,VNFF_npp_d20151003_t1731466_e1737270_b20378_v21.csv,World_EEZ_v8_2014.shp,WPP_BFAR_merge.shp,KKP_IDN_merge_20161208.shp,VNF-VBD_npp_20120301-20151231_global_asia-enhanced_c201607211230.bitmask,NCEI_NGA.union.nga_lead2.add_2015ntl.mask,timezone.shp,VBD_platforms-recurring_2015_r20170330.shp,0.591092,VBD_bridges_c20160811.shp,9.202956;7.293124;4.987635;0.117751;-4.766567;-9.662423;-14.566307;-12.781590;-10.252750;-5.421471;-0.565886;4.309883,106.389061;120.204430;133.795395;132.636734;131.583801;130.626740;129.763702;115.696312;101.762085;103.094223;104.302101;105.397919,npp_d20151003_t1731466_e1737270_b20378,155.965,102.336,9.56071,99.3435,56.4683,67.1178
1112,VBD_npp_d20151003_t1734199_x1171086E_y015411S_l1378_s1869_v23,2017-06-01 16:11:27,-1.541139,117.108551,5.25215,2015-10-03 17:34:19,2015-10-04 01:34:19,1378,1869,0.427598,2,2465,0.199119,0.14037,0.73944,0.4,0.585517,0.75,0.0182084,0.0001,2.80623e-06,999999,-3.392098e-02,3,Indonesian Exclusive Economic Zone,WPP713,,SVDNB_npp_d20151003_t1731466_e1737270_b20378_c20151003233728467558_noaa_ops.h5,GDNBO_npp_d20151003_t1731466_e1737270_b20378_c20151003233728467298_noaa_ops.h5,SVI04_npp_d20151003_t1731466_e1737270_b20378_c20151003233728541959_noaa_ops.dspace_rad,VNFF_npp_d20151003_t1731466_e1737270_b20378_v21.csv,World_EEZ_v8_2014.shp,WPP_BFAR_merge.shp,KKP_IDN_merge_20161208.shp,VNF-VBD_npp_20120301-20151231_global_asia-enhanced_c201607211230.bitmask,NCEI_NGA.union.nga_lead2.add_2015ntl.mask,timezone.shp,VBD_platforms-recurring_2015_r20170330.shp,999999,VBD_bridges_c20160811.shp,9.202956;7.293124;4.987635;0.117751;-4.766567;-9.662423;-14.566307;-12.781590;-10.252750;-5.421471;-0.565886;4.309883,106.389061;120.204430;133.795395;132.636734;131.583801;130.626740;129.763702;115.696312;101.762085;103.094223;104.302101;105.397919,npp_d20151003_t1731466_e1737270_b20378,155.928,103.459,9.56517,100.734,56.7359,66.8296
1113,VBD_npp_d20151003_t1734110_x1172334E_y010124S_l1297_s1870_v23,2017-06-01 16:11:27,-1.012380,117.233353,21.821,2015-10-03 17:34:11,2015-10-04 01:34:11,1297,1870,0.433431,1,2529,0.749901,0.184046,0.84591,0.4,0.930072,0.75,0.0184144,0.0001,3.19026e-06,999999,-3.760819e-02,3,Indonesian Exclusive Economic Zone,WPP713,,SVDNB_npp_d20151003_t1731466_e1737270_b20378_c20151003233728467558_noaa_ops.h5,GDNBO_npp_d20151003_t1731466_e1737270_b20378_c20151003233728467298_noaa_ops.h5,SVI04_npp_d20151003_t1731466_e1737270_b20378_c20151003233728541959_noaa_ops.dspace_rad,VNFF_npp_d20151003_t1731466_e1737270_b20378_v21.csv,World_EEZ_v8_2014.shp,WPP_BFAR_merge.shp,KKP_IDN_merge_20161208.shp,VNF-VBD_npp_20120301-20151231_global_asia-enhanced_c201607211230.bitmask,NCEI_NGA.union.nga_lead2.add_2015ntl.mask,timezone.shp,VBD_platforms-recurring_2015_r20170330.shp,999999,VBD_bridges_c20160811.shp,9.202956;7.293124;4.987635;0.117751;-4.766567;-9.662423;-14.566307;-12.781590;-10.252750;-5.421471;-0.565886;4.309883,106.389061;120.204430;133.795395;132.636734;131.583801;130.626740;129.763702;115.696312;101.762085;103.094223;104.302101;105.397919,npp_d20151003_t1731466_e1737270_b20378,155.96,102.259,9.50926,101.093,56.4445,67.1348
1114,VBD_npp_d20151003_t1734199_x1171200E_y015566S_l1380_s1871_v23,2017-06-01 16:11:27,-1.556633,117.119987,3.8901,2015-10-03 17:34:19,2015-10-04 01:34:19,1380,1871,0.426602,8,18593,0.156275,0.152758,0.791814,0.4,0.625691,0.75,0.0182109,0.0001,2.87315e-06,999999,-1.663484e-01,3,Indonesian Exclusive Economic Zone,WPP713,,SVDNB_npp_d20151003_t1731466_e1737270_b20378_c20151003233728467558_noaa_ops.h5,GDNBO_npp_d20151003_t1731466_e1737270_b20378_c20151003233728467298_noaa_ops.h5,SVI04_npp_d20151003_t1731466_e1737270_b20378_c20151003233728541959_noaa_ops.dspace_rad,VNFF_npp_d20151003_t1731466_e1737270_b20378_v21.csv,World_EEZ_v8_2014.shp,WPP_BFAR_merge.shp,KKP_IDN_merge_20161208.shp,VNF-VBD_npp_20120301-20151231_global_asia-enhanced_c201607211230.bitmask,NCEI_NGA.union.nga_lead2.add_2015ntl.mask,timezone.shp,VBD_platforms-recurring_2015_r20170330.shp,0.459809,VBD_bridges_c20160811.shp,9.202956;7.293124;4.987635;0.117751;-4.766567;-9.662423;-14.566307;-12.781590;-10.252750;-5.421471;-0.565886;4.309883,106.389061;120.204430;133.795395;132.636734;131.583801;130.626740;129.763702;115.696312;101.762085;103.094223;104.302101;105.397919,npp_d20151003_t1731466_e1737270_b20378,155.913,103.487,9.4461,100.055,56.7315,66.8166
1115,VBD_npp_d20151003_t1734199_x1171247E_y015711S_l1382_s1872_v23,2017-06-01 16:11:27,-1.571054,117.124657,15.7377,2015-10-03 17:34:19,2015-10-04 01:34:19,1382,1872,0.429234,1,2529,0.592941,0.135651,0.791814,0.4,0.88026,0.75,0.0182096,0.0001,2.877e-06,999999,1.652930e-02,3,Indonesian Exclusive Economic Zone,WPP713,,SVDNB_npp_d20151003_t1731466_e1737270_b20378_c20151003233728467558_noaa_ops.h5,GDNBO_npp_d20151003_t1731466_e1737270_b20378_c20151003233728467298_noaa_ops.h5,SVI04_npp_d20151003_t1731466_e1737270_b20378_c20151003233728541959_noaa_ops.dspace_rad,VNFF_npp_d20151003_t1731466_e1737270_b20378_v21.csv,World_EEZ_v8_2014.shp,WPP_BFAR_merge.shp,KKP_IDN_merge_20161208.shp,VNF-VBD_npp_20120301-20151231_global_asia-enhanced_c201607211230.bitmask,NCEI_NGA.union.nga_lead2.add_2015ntl.mask,timezone.shp,VBD_platforms-recurring_2015_r20170330.shp,999999,VBD_bridges_c20160811.shp,9.202956;7.293124;4.987635;0.117751;-4.766567;-9.662423;-14.566307;-12.781590;-10.252750;-5.421471;-0.565886;4.309883,106.389061;120.204430;133.795395;132.636734;131.583801;130.626740;129.763702;115.696312;101.762085;103.094223;104.302101;105.397919,npp_d20151003_t1731466_e1737270_b20378,155.905,103.516,9.38645,99.3556,56.7329,66.8063
1116,VBD_npp_d20151003_t1732136_x1187835E_y058361N_l0249_s1873_v23,2017-06-01 16:11:27,5.836110,118.783463,2.05869,2015-10-03 17:32:13,2015-10-04 01:32:13,249,1873,0.451284,1,2273,0.184248,0.17157,0.795312,0.4,0.819745,0.75,0.0205882,0.0001,9.64936e-06,999999,6.436645e-02,3,Malaysian Exclusive Economic Zone,,,SVDNB_npp_d20151003_t1731466_e1737270_b20378_c20151003233728467558_noaa_ops.h5,GDNBO_npp_d20151003_t1731466_e1737270_b20378_c20151003233728467298_noaa_ops.h5,SVI04_npp_d20151003_t1731466_e1737270_b20378_c20151003233728541959_noaa_ops.dspace_rad,VNFF_npp_d20151003_t1731466_e1737270_b20378_v21.csv,World_EEZ_v8_2014.shp,WPP_BFAR_merge.shp,KKP_IDN_merge_20161208.shp,VNF-VBD_npp_20120301-20151231_global_asia-enhanced_c201607211230.bitmask,NCEI_NGA.union.nga_lead2.add_2015ntl.mask,timezone.shp,VBD_platforms-recurring_2015_r20170330.shp,999999,VBD_bridges_c20160811.shp,9.202956;7.293124;4.987635;0.117751;-4.766567;-9.662423;-14.566307;-12.781590;-10.252750;-5.421471;-0.565886;4.309883,106.389061;120.204430;133.795395;132.636734;131.583801;130.626740;129.763702;115.696312;101.762085;103.094223;104.302101;105.397919,npp_d20151003_t1731466_e1737270_b20378,155.447,86.9292,9.32677,98.2049,52.982,71.5774
1117,VBD_npp_d20151003_t1734110_x1172609E_y010578S_l1303_s1875_v23,2017-06-01 16:11:27,-1.057760,117.260864,29.1144,2015-10-03 17:34:11,2015-10-04 01:34:11,1303,1875,0.433857,1,2529,0.841498,0.165224,0.905593,0.4,0.942569,0.75,0.018418,0.0001,3.34837e-06,999999,1.162300e-01,3,Indonesian Exclusive Economic Zone,WPP713,,SVDNB_npp_d20151003_t1731466_e1737270_b20378_c20151003233728467558_noaa_ops.h5,GDNBO_npp_d20151003_t1731466_e1737270_b20378_c20151003233728467298_noaa_ops.h5,SVI04_npp_d20151003_t1731466_e1737270_b20378_c20151003233728541959_noaa_ops.dspace_rad,VNFF_npp_d20151003_t1731466_e1737270_b20378_v21.csv,World_EEZ_v8_2014.shp,WPP_BFAR_merge.shp,KKP_IDN_merge_20161208.shp,VNF-VBD_npp_20120301-20151231_global_asia-enhanced_c201607211230.bitmask,NCEI_NGA.union.nga_lead2.add_2015ntl.mask,timezone.shp,VBD_platforms-recurring_2015_r20170330.shp,999999,VBD_bridges_c20160811.shp,9.202956;7.293124;4.987635;0.117751;-4.766567;-9.662423;-14.566307;-12.781590;-10.252750;-5.421471;-0.565886;4.309883,106.389061;120.204430;133.795395;132.636734;131.583801;130.626740;129.763702;115.696312;101.762085;103.094223;104.302101;105.397919,npp_d20151003_t1731466_e1737270_b20378,155.924,102.345,9.21208,99.005,56.4367,67.0984
1118,VBD_npp_d20151003_t1734110_x1172707E_y010388S_l1300_s1876_v23,2017-06-01 16:11:27,-1.038799,117.270729,8.24164,2015-10-03 17:34:11,2015-10-04 01:34:11,1300,1876,0.429518,1,2529,0.417412,0.169611,0.903737,0.4,0.834843,0.75,0.0184292,0.0001,3.52742e-06,999999,8.037611e-02,3,Indonesian Exclusive Economic Zone,WPP713,,SVDNB_npp_d20151003_t1731466_e1737270_b20378_c20151003233728467558_noaa_ops.h5,GDNBO_npp_d20151003_t1731466_e1737270_b20378_c20151003233728467298_noaa_ops.h5,SVI04_npp_d20151003_t1731466_e1737270_b20378_c20151003233728541959_noaa_ops.dspace_rad,VNFF_npp_d20151003_t1731466_e1737270_b20378_v21.csv,World_EEZ_v8_2014.shp,WPP_BFAR_merge.shp,KKP_IDN_merge_20161208.shp,VNF-VBD_npp_20120301-20151231_global_asia-enhanced_c201607211230.bitmask,NCEI_NGA.union.nga_lead2.add_2015ntl.mask,timezone.shp,VBD_platforms-recurring_2015_r20170330.shp,999999,VBD_bridges_c20160811.shp,9.202956;7.293124;4.987635;0.117751;-4.766567;-9.662423;-14.566307;-12.781590;-10.252750;-5.421471;-0.565886;4.309883,106.389061;120.204430;133.795395;132.636734;131.583801;130.626740;129.763702;115.696312;101.762085;103.094223;104.302101;105.397919,npp_d20151003_t1731466_e1737270_b20378,155.918,102.298,9.15597,100.094,56.4201,67.1075
1119,VBD_npp_d20151003_t1734110_x1172806E_y010198S_l1297_s1877_v23,2017-06-01 16:11:27,-1.019844,117.280594,5.19472,2015-10-03 17:34:11,2015-10-04 01:34:11,1297,1877,0.431226,1,2529,0.29636,0.191658,0.884938,0.4,0.814501,0.75,0.0184404,0.0001,3.71471e-06,999999,-9.982448e-02,3,Indonesian Exclusive Economic Zone,WPP713,,SVDNB_npp_d20151003_t1731466_e1737270_b20378_c20151003233728467558_noaa_ops.h5,GDNBO_npp_d20151003_t1731466_e1737270_b20378_c20151003233728467298_noaa_ops.h5,SVI04_npp_d20151003_t1731466_e1737270_b20378_c20151003233728541959_noaa_ops.dspace_rad,VNFF_npp_d20151003_t1731466_e1737270_b20378_v21.csv,World_EEZ_v8_2014.shp,WPP_BFAR_merge.shp,KKP_IDN_merge_20161208.shp,VNF-VBD_npp_20120301-20151231_global_asia-enhanced_c201607211230.bitmask,NCEI_NGA.union.nga_lead2.add_2015ntl.mask,timezone.shp,VBD_platforms-recurring_2015_r20170330.shp,999999,VBD_bridges_c20160811.shp,9.202956;7.293124;4.987635;0.117751;-4.766567;-9.662423;-14.566307;-12.781590;-10.252750;-5.421471;-0.565886;4.309883,106.389061;120.204430;133.795395;132.636734;131.583801;130.626740;129.763702;115.696312;101.762085;103.094223;104.302101;105.397919,npp_d20151003_t1731466_e1737270_b20378,155.912,102.252,9.10317,101.196,56.4035,67.1167
1120,VBD_npp_d20151003_t1734110_x1172681E_y010999S_l1309_s1877_v23,2017-06-01 16:11:27,-1.099915,117.268120,16.0013,2015-10-03 17:34:11,2015-10-04 01:34:11,1309,1877,0.429874,1,2529,0.62248,0.18093,0.889039,0.4,0.90671,0.75,0.0184105,0.0001,3.2874e-06,999999,-1.213983e-02,3,Indonesian Exclusive Economic Zone,WPP713,,SVDNB_npp_d20151003_t1731466_e1737270_b20378_c20151003233728467558_noaa_ops.h5,GDNBO_npp_d20151003_t1731466_e1737270_b20378_c20151003233728467298_noaa_ops.h5,SVI04_npp_d20151003_t1731466_e1737270_b20378_c20151003233728541959_noaa_ops.dspace_rad,VNFF_npp_d20151003_t1731466_e1737270_b20378_v21.csv,World_EEZ_v8_2014.shp,WPP_BFAR_merge.shp,KKP_IDN_merge_20161208.shp,VNF-VBD_npp_20120301-20151231_global_asia-enhanced_c201607211230.bitmask,NCEI_NGA.union.nga_lead2.add_2015ntl.mask,timezone.shp,VBD_platforms-recurring_2015_r20170330.shp,999999,VBD_bridges_c20160811.shp,9.202956;7.293124;4.987635;0.117751;-4.766567;-9.662423;-14.566307;-12.781590;-10.252750;-5.421471;-0.565886;4.309883,106.389061;120.204430;133.795395;132.636734;131.583801;130.626740;129.763702;115.696312;101.762085;103.094223;104.302101;105.397919,npp_d20151003_t1731466_e1737270_b20378,155.908,102.433,9.10183,96.8208,56.4466,67.0698
1121,VBD_npp_d20151003_t1732136_x1188152E_y058176N_l0251_s1878_v23,2017-06-01 16:11:27,5.817557,118.815186,7.41156,2015-10-03 17:32:13,2015-10-04 01:32:13,251,1878,0.449577,8,18913,0.483858,0.206096,0.837144,0.4,0.940289,0.75,0.0206028,0.0001,1.05034e-05,999999,-2.178260e-01,3,Malaysian Exclusive Economic Zone,,,SVDNB_npp_d20151003_t1731466_e1737270_b20378_c20151003233728467558_noaa_ops.h5,GDNBO_npp_d20151003_t1731466_e1737270_b20378_c20151003233728467298_noaa_ops.h5,SVI04_npp_d20151003_t1731466_e1737270_b20378_c20151003233728541959_noaa_ops.dspace_rad,VNFF_npp_d20151003_t1731466_e1737270_b20378_v21.csv,World_EEZ_v8_2014.shp,WPP_BFAR_merge.shp,KKP_IDN_merge_20161208.shp,VNF-VBD_npp_20120301-20151231_global_asia-enhanced_c201607211230.bitmask,NCEI_NGA.union.nga_lead2.add_2015ntl.mask,timezone.shp,VBD_platforms-recurring_2015_r20170330.shp,0.470009,VBD_bridges_c20160811.shp,9.202956;7.293124;4.987635;0.117751;-4.766567;-9.662423;-14.566307;-12.781590;-10.252750;-5.421471;-0.565886;4.309883,106.389061;120.204430;133.795395;132.636734;131.583801;130.626740;129.763702;115.696312;101.762085;103.094223;104.302101;105.397919,npp_d20151003_t1731466_e1737270_b20378,155.416,86.9766,9.03847,97.4598,52.9576,71.5592
1122,VBD_npp_d20151003_t1734110_x1172801E_y010676S_l1304_s1878_v23,2017-06-01 16:11:27,-1.067610,117.280060,21.3183,2015-10-03 17:34:11,2015-10-04 01:34:11,1304,1878,0.433004,1,2529,0.709964,0.166623,0.905593,0.4,0.909638,0.75,0.0184267,0.0001,3.5367e-06,999999,1.047958e-01,3,Indonesian Exclusive Economic Zone,WPP713,,SVDNB_npp_d20151003_t1731466_e1737270_b20378_c20151003233728467558_noaa_ops.h5,GDNBO_npp_d20151003_t1731466_e1737270_b20378_c20151003233728467298_noaa_ops.h5,SVI04_npp_d20151003_t1731466_e1737270_b20378_c20151003233728541959_noaa_ops.dspace_rad,VNFF_npp_d20151003_t1731466_e1737270_b20378_v21.csv,World_EEZ_v8_2014.shp,WPP_BFAR_merge.shp,KKP_IDN_merge_20161208.shp,VNF-VBD_npp_20120301-20151231_global_asia-enhanced_c201607211230.bitmask,NCEI_NGA.union.nga_lead2.add_2015ntl.mask,timezone.shp,VBD_platforms-recurring_2015_r20170330.shp,999999,VBD_bridges_c20160811.shp,9.202956;7.293124;4.987635;0.117751;-4.766567;-9.662423;-14.566307;-12.781590;-10.252750;-5.421471;-0.565886;4.309883,106.389061;120.204430;133.795395;132.636734;131.583801;130.626740;129.763702;115.696312;101.762085;103.094223;104.302101;105.397919,npp_d20151003_t1731466_e1737270_b20378,155.903,102.356,9.03794,98.6426,56.4228,67.0867
1123,VBD_npp_d20151003_t1735062_x1165544E_y042963S_l1798_s1878_v23,2017-06-01 16:11:27,-4.296293,116.554390,2.73929,2015-10-03 17:35:06,2015-10-04 01:35:06,1798,1878,0.412447,2,2465,0.206186,0.157497,0.650903,0.4,0.672019,0.75,0.0172965,0.0001,1.93947e-06,999999,-2.170096e-01,3,Indonesian Exclusive Economic Zone,WPP713,,SVDNB_npp_d20151003_t1731466_e1737270_b20378_c20151003233728467558_noaa_ops.h5,GDNBO_npp_d20151003_t1731466_e1737270_b20378_c20151003233728467298_noaa_ops.h5,SVI04_npp_d20151003_t1731466_e1737270_b20378_c20151003233728541959_noaa_ops.dspace_rad,VNFF_npp_d20151003_t1731466_e1737270_b20378_v21.csv,World_EEZ_v8_2014.shp,WPP_BFAR_merge.shp,KKP_IDN_merge_20161208.shp,VNF-VBD_npp_20120301-20151231_global_asia-enhanced_c201607211230.bitmask,NCEI_NGA.union.nga_lead2.add_2015ntl.mask,timezone.shp,VBD_platforms-recurring_2015_r20170330.shp,999999,VBD_bridges_c20160811.shp,9.202956;7.293124;4.987635;0.117751;-4.766567;-9.662423;-14.566307;-12.781590;-10.252750;-5.421471;-0.565886;4.309883,106.389061;120.204430;133.795395;132.636734;131.583801;130.626740;129.763702;115.696312;101.762085;103.094223;104.302101;105.397919,npp_d20151003_t1731466_e1737270_b20378,155.49,109.562,9.03929,99.4469,58.2037,65.2898
1124,VBD_npp_d20151003_t1735080_x1165237E_y044474S_l1821_s1878_v23,2017-06-01 16:11:27,-4.447418,116.523697,16.1806,2015-10-03 17:35:08,2015-10-04 01:35:08,1821,1878,0.350919,1,2529,0.555002,0.164232,0.74677,0.4,0.84241,0.75,0.0172358,0.0001,1.75437e-06,999999,-2.890080e-01,3,Indonesian Exclusive Economic Zone,WPP713,,SVDNB_npp_d20151003_t1731466_e1737270_b20378_c20151003233728467558_noaa_ops.h5,GDNBO_npp_d20151003_t1731466_e1737270_b20378_c20151003233728467298_noaa_ops.h5,SVI04_npp_d20151003_t1731466_e1737270_b20378_c20151003233728541959_noaa_ops.dspace_rad,VNFF_npp_d20151003_t1731466_e1737270_b20378_v21.csv,World_EEZ_v8_2014.shp,WPP_BFAR_merge.shp,KKP_IDN_merge_20161208.shp,VNF-VBD_npp_20120301-20151231_global_asia-enhanced_c201607211230.bitmask,NCEI_NGA.union.nga_lead2.add_2015ntl.mask,timezone.shp,VBD_platforms-recurring_2015_r20170330.shp,999999,VBD_bridges_c20160811.shp,9.202956;7.293124;4.987635;0.117751;-4.766567;-9.662423;-14.566307;-12.781590;-10.252750;-5.421471;-0.565886;4.309883,106.389061;120.204430;133.795395;132.636734;131.583801;130.626740;129.763702;115.696312;101.762085;103.094223;104.302101;105.397919,npp_d20151003_t1731466_e1737270_b20378,155.461,109.893,9.04301,96.8921,58.2891,65.2102
1125,VBD_npp_d20151003_t1734110_x1172910E_y010420S_l1300_s1879_v23,2017-06-01 16:11:27,-1.041985,117.290962,18.1312,2015-10-03 17:34:11,2015-10-04 01:34:11,1300,1879,0.433146,1,2529,0.683224,0.171466,0.887866,0.4,0.908878,0.75,0.0184404,0.0001,3.76327e-06,999999,6.521271e-02,3,Indonesian Exclusive Economic Zone,WPP713,,SVDNB_npp_d20151003_t1731466_e1737270_b20378_c20151003233728467558_noaa_ops.h5,GDNBO_npp_d20151003_t1731466_e1737270_b20378_c20151003233728467298_noaa_ops.h5,SVI04_npp_d20151003_t1731466_e1737270_b20378_c20151003233728541959_noaa_ops.dspace_rad,VNFF_npp_d20151003_t1731466_e1737270_b20378_v21.csv,World_EEZ_v8_2014.shp,WPP_BFAR_merge.shp,KKP_IDN_merge_20161208.shp,VNF-VBD_npp_20120301-20151231_global_asia-enhanced_c201607211230.bitmask,NCEI_NGA.union.nga_lead2.add_2015ntl.mask,timezone.shp,VBD_platforms-recurring_2015_r20170330.shp,999999,VBD_bridges_c20160811.shp,9.202956;7.293124;4.987635;0.117751;-4.766567;-9.662423;-14.566307;-12.781590;-10.252750;-5.421471;-0.565886;4.309883,106.389061;120.204430;133.795395;132.636734;131.583801;130.626740;129.763702;115.696312;101.762085;103.094223;104.302101;105.397919,npp_d20151003_t1731466_e1737270_b20378,155.898,102.295,8.98182,100.119,56.4026,67.0998
1126,VBD_npp_d20151003_t1733479_x1175889E_y002364N_l1104_s1880_v23,2017-06-01 16:11:27,0.236436,117.588875,3.69607,2015-10-03 17:33:47,2015-10-04 01:33:47,1104,1880,0.43905,1,2273,0.221824,0.189751,0.770315,0.4,0.76529,0.75,0.0189259,0.0001,4.33939e-06,999999,-8.423748e-02,3,Indonesian Exclusive Economic Zone,WPP713,,SVDNB_npp_d20151003_t1731466_e1737270_b20378_c20151003233728467558_noaa_ops.h5,GDNBO_npp_d20151003_t1731466_e1737270_b20378_c20151003233728467298_noaa_ops.h5,SVI04_npp_d20151003_t1731466_e1737270_b20378_c20151003233728541959_noaa_ops.dspace_rad,VNFF_npp_d20151003_t1731466_e1737270_b20378_v21.csv,World_EEZ_v8_2014.shp,WPP_BFAR_merge.shp,KKP_IDN_merge_20161208.shp,VNF-VBD_npp_20120301-20151231_global_asia-enhanced_c201607211230.bitmask,NCEI_NGA.union.nga_lead2.add_2015ntl.mask,timezone.shp,VBD_platforms-recurring_2015_r20170330.shp,999999,VBD_bridges_c20160811.shp,9.202956;7.293124;4.987635;0.117751;-4.766567;-9.662423;-14.566307;-12.781590;-10.252750;-5.421471;-0.565886;4.309883,106.389061;120.204430;133.795395;132.636734;131.583801;130.626740;129.763702;115.696312;101.762085;103.094223;104.302101;105.397919,npp_d20151003_t1731466_e1737270_b20378,155.94,99.3989,8.93525,95.6239,55.7171,67.8627
1127,VBD_npp_d20151003_t1733497_x1175776E_y002122N_l1108_s1880_v23,2017-06-01 16:11:27,0.212152,117.577606,3.50618,2015-10-03 17:33:49,2015-10-04 01:33:49,1108,1880,0.44097,1,2529,0.256825,0.206836,0.748797,0.4,0.80426,0.75,0.0189161,0.0001,4.79008e-06,999999,-2.238717e-01,3,Indonesian Exclusive Economic Zone,WPP713,,SVDNB_npp_d20151003_t1731466_e1737270_b20378_c20151003233728467558_noaa_ops.h5,GDNBO_npp_d20151003_t1731466_e1737270_b20378_c20151003233728467298_noaa_ops.h5,SVI04_npp_d20151003_t1731466_e1737270_b20378_c20151003233728541959_noaa_ops.dspace_rad,VNFF_npp_d20151003_t1731466_e1737270_b20378_v21.csv,World_EEZ_v8_2014.shp,WPP_BFAR_merge.shp,KKP_IDN_merge_20161208.shp,VNF-VBD_npp_20120301-20151231_global_asia-enhanced_c201607211230.bitmask,NCEI_NGA.union.nga_lead2.add_2015ntl.mask,timezone.shp,VBD_platforms-recurring_2015_r20170330.shp,999999,VBD_bridges_c20160811.shp,9.202956;7.293124;4.987635;0.117751;-4.766567;-9.662423;-14.566307;-12.781590;-10.252750;-5.421471;-0.565886;4.309883,106.389061;120.204430;133.795395;132.636734;131.583801;130.626740;129.763702;115.696312;101.762085;103.094223;104.302101;105.397919,npp_d20151003_t1731466_e1737270_b20378,155.94,99.454,8.92645,100.098,55.7302,67.8479
1128,VBD_npp_d20151003_t1733497_x1175874E_y002311N_l1105_s1881_v23,2017-06-01 16:11:27,0.231097,117.587440,4.38927,2015-10-03 17:33:49,2015-10-04 01:33:49,1105,1881,0.440259,1,2529,0.281644,0.195383,0.770315,0.4,0.823468,0.75,0.0189272,0.0001,5.03525e-06,999999,-1.302631e-01,3,Indonesian Exclusive Economic Zone,WPP713,,SVDNB_npp_d20151003_t1731466_e1737270_b20378_c20151003233728467558_noaa_ops.h5,GDNBO_npp_d20151003_t1731466_e1737270_b20378_c20151003233728467298_noaa_ops.h5,SVI04_npp_d20151003_t1731466_e1737270_b20378_c20151003233728541959_noaa_ops.dspace_rad,VNFF_npp_d20151003_t1731466_e1737270_b20378_v21.csv,World_EEZ_v8_2014.shp,WPP_BFAR_merge.shp,KKP_IDN_merge_20161208.shp,VNF-VBD_npp_20120301-20151231_global_asia-enhanced_c201607211230.bitmask,NCEI_NGA.union.nga_lead2.add_2015ntl.mask,timezone.shp,VBD_platforms-recurring_2015_r20170330.shp,999999,VBD_bridges_c20160811.shp,9.202956;7.293124;4.987635;0.117751;-4.766567;-9.662423;-14.566307;-12.781590;-10.252750;-5.421471;-0.565886;4.309883,106.389061;120.204430;133.795395;132.636734;131.583801;130.626740;129.763702;115.696312;101.762085;103.094223;104.302101;105.397919,npp_d20151003_t1731466_e1737270_b20378,155.934,99.4086,8.87379,101.23,55.7138,67.8577
1129,VBD_npp_d20151003_t1732314_x1186131E_y047936N_l0407_s1882_v23,2017-06-01 16:11:27,4.793570,118.613106,5.35793,2015-10-03 17:32:31,2015-10-04 01:32:31,407,1882,0.442749,1,2529,0.373832,0.173455,0.856265,0.4,0.885926,0.75,0.0204174,0.0001,1.01019e-05,999999,4.895533e-02,3,Malaysian Exclusive Economic Zone,,,SVDNB_npp_d20151003_t1731466_e1737270_b20378_c20151003233728467558_noaa_ops.h5,GDNBO_npp_d20151003_t1731466_e1737270_b20378_c20151003233728467298_noaa_ops.h5,SVI04_npp_d20151003_t1731466_e1737270_b20378_c20151003233728541959_noaa_ops.dspace_rad,VNFF_npp_d20151003_t1731466_e1737270_b20378_v21.csv,World_EEZ_v8_2014.shp,WPP_BFAR_merge.shp,KKP_IDN_merge_20161208.shp,VNF-VBD_npp_20120301-20151231_global_asia-enhanced_c201607211230.bitmask,NCEI_NGA.union.nga_lead2.add_2015ntl.mask,timezone.shp,VBD_platforms-recurring_2015_r20170330.shp,999999,VBD_bridges_c20160811.shp,9.202956;7.293124;4.987635;0.117751;-4.766567;-9.662423;-14.566307;-12.781590;-10.252750;-5.421471;-0.565886;4.309883,106.389061;120.204430;133.795395;132.636734;131.583801;130.626740;129.763702;115.696312;101.762085;103.094223;104.302101;105.397919,npp_d20151003_t1731466_e1737270_b20378,155.577,89.2011,8.80682,98.9346,53.4155,70.8334
1130,VBD_npp_d20151003_t1735062_x1165913E_y042816S_l1795_s1883_v23,2017-06-01 16:11:27,-4.281632,116.591331,2.47192,2015-10-03 17:35:06,2015-10-04 01:35:06,1795,1883,0.402773,1,2273,0.173111,0.155463,0.826257,0.4,0.77413,0.75,0.0173228,0.0001,2.2425e-06,999999,-1.952643e-01,3,Indonesian Exclusive Economic Zone,WPP713,,SVDNB_npp_d20151003_t1731466_e1737270_b20378_c20151003233728467558_noaa_ops.h5,GDNBO_npp_d20151003_t1731466_e1737270_b20378_c20151003233728467298_noaa_ops.h5,SVI04_npp_d20151003_t1731466_e1737270_b20378_c20151003233728541959_noaa_ops.dspace_rad,VNFF_npp_d20151003_t1731466_e1737270_b20378_v21.csv,World_EEZ_v8_2014.shp,WPP_BFAR_merge.shp,KKP_IDN_merge_20161208.shp,VNF-VBD_npp_20120301-20151231_global_asia-enhanced_c201607211230.bitmask,NCEI_NGA.union.nga_lead2.add_2015ntl.mask,timezone.shp,VBD_platforms-recurring_2015_r20170330.shp,999999,VBD_bridges_c20160811.shp,9.202956;7.293124;4.987635;0.117751;-4.766567;-9.662423;-14.566307;-12.781590;-10.252750;-5.421471;-0.565886;4.309883,106.389061;120.204430;133.795395;132.636734;131.583801;130.626740;129.763702;115.696312;101.762085;103.094223;104.302101;105.397919,npp_d20151003_t1731466_e1737270_b20378,155.46,109.502,8.75217,100.602,58.1638,65.2857
1131,VBD_npp_d20151003_t1733497_x1176066E_y002213N_l1106_s1884_v23,2017-06-01 16:11:27,0.221253,117.606598,4.5572,2015-10-03 17:33:49,2015-10-04 01:33:49,1106,1884,0.438125,1,2529,0.304753,0.201331,0.758754,0.4,0.827715,0.75,0.0189359,0.0001,5.31204e-06,999999,-1.788822e-01,3,Indonesian Exclusive Economic Zone,WPP713,,SVDNB_npp_d20151003_t1731466_e1737270_b20378_c20151003233728467558_noaa_ops.h5,GDNBO_npp_d20151003_t1731466_e1737270_b20378_c20151003233728467298_noaa_ops.h5,SVI04_npp_d20151003_t1731466_e1737270_b20378_c20151003233728541959_noaa_ops.dspace_rad,VNFF_npp_d20151003_t1731466_e1737270_b20378_v21.csv,World_EEZ_v8_2014.shp,WPP_BFAR_merge.shp,KKP_IDN_merge_20161208.shp,VNF-VBD_npp_20120301-20151231_global_asia-enhanced_c201607211230.bitmask,NCEI_NGA.union.nga_lead2.add_2015ntl.mask,timezone.shp,VBD_platforms-recurring_2015_r20170330.shp,999999,VBD_bridges_c20160811.shp,9.202956;7.293124;4.987635;0.117751;-4.766567;-9.662423;-14.566307;-12.781590;-10.252750;-5.421471;-0.565886;4.309883,106.389061;120.204430;133.795395;132.636734;131.583801;130.626740;129.763702;115.696312;101.762085;103.094223;104.302101;105.397919,npp_d20151003_t1731466_e1737270_b20378,155.913,99.4234,8.69763,100.898,55.6996,67.8463
1132,VBD_npp_d20151003_t1733444_x1176813E_y005205N_l1060_s1885_v23,2017-06-01 16:11:27,0.520490,117.681335,2.55895,2015-10-03 17:33:44,2015-10-04 01:33:44,1060,1885,0.439192,2,2209,0.159258,0.15483,0.759995,0.4,0.682768,0.75,0.0190526,0.0001,5.61391e-06,999999,2.011913e-01,3,Indonesian Exclusive Economic Zone,WPP713,,SVDNB_npp_d20151003_t1731466_e1737270_b20378_c20151003233728467558_noaa_ops.h5,GDNBO_npp_d20151003_t1731466_e1737270_b20378_c20151003233728467298_noaa_ops.h5,SVI04_npp_d20151003_t1731466_e1737270_b20378_c20151003233728541959_noaa_ops.dspace_rad,VNFF_npp_d20151003_t1731466_e1737270_b20378_v21.csv,World_EEZ_v8_2014.shp,WPP_BFAR_merge.shp,KKP_IDN_merge_20161208.shp,VNF-VBD_npp_20120301-20151231_global_asia-enhanced_c201607211230.bitmask,NCEI_NGA.union.nga_lead2.add_2015ntl.mask,timezone.shp,VBD_platforms-recurring_2015_r20170330.shp,999999,VBD_bridges_c20160811.shp,9.202956;7.293124;4.987635;0.117751;-4.766567;-9.662423;-14.566307;-12.781590;-10.252750;-5.421471;-0.565886;4.309883,106.389061;120.204430;133.795395;132.636734;131.583801;130.626740;129.763702;115.696312;101.762085;103.094223;104.302101;105.397919,npp_d20151003_t1731466_e1737270_b20378,155.908,98.7443,8.63511,100.128,55.5363,68.028
1133,VBD_npp_d20151003_t1733533_x1175716E_y000034S_l1140_s1886_v23,2017-06-01 16:11:27,-0.003416,117.571556,2.51347,2015-10-03 17:33:53,2015-10-04 01:33:53,1140,1886,0.441326,2,2209,0.182884,0.163956,0.691099,0.4,0.734862,0.75,0.0188603,0.0001,5.24682e-06,999999,1.265951e-01,3,Indonesian Exclusive Economic Zone,WPP713,,SVDNB_npp_d20151003_t1731466_e1737270_b20378_c20151003233728467558_noaa_ops.h5,GDNBO_npp_d20151003_t1731466_e1737270_b20378_c20151003233728467298_noaa_ops.h5,SVI04_npp_d20151003_t1731466_e1737270_b20378_c20151003233728541959_noaa_ops.dspace_rad,VNFF_npp_d20151003_t1731466_e1737270_b20378_v21.csv,World_EEZ_v8_2014.shp,WPP_BFAR_merge.shp,KKP_IDN_merge_20161208.shp,VNF-VBD_npp_20120301-20151231_global_asia-enhanced_c201607211230.bitmask,NCEI_NGA.union.nga_lead2.add_2015ntl.mask,timezone.shp,VBD_platforms-recurring_2015_r20170330.shp,999999,VBD_bridges_c20160811.shp,9.202956;7.293124;4.987635;0.117751;-4.766567;-9.662423;-14.566307;-12.781590;-10.252750;-5.421471;-0.565886;4.309883,106.389061;120.204430;133.795395;132.636734;131.583801;130.626740;129.763702;115.696312;101.762085;103.094223;104.302101;105.397919,npp_d20151003_t1731466_e1737270_b20378,155.895,99.9262,8.57609,100.16,55.8048,67.7059
1134,VBD_npp_d20151003_t1735044_x1166236E_y042534S_l1790_s1886_v23,2017-06-01 16:11:27,-4.253375,116.623566,5.74016,2015-10-03 17:35:04,2015-10-04 01:35:04,1790,1886,0.417142,1,2529,0.349921,0.137809,0.794273,0.4,0.807064,0.75,0.017347,0.0001,2.16078e-06,999999,-6.542435e-03,3,Indonesian Exclusive Economic Zone,WPP713,,SVDNB_npp_d20151003_t1731466_e1737270_b20378_c20151003233728467558_noaa_ops.h5,GDNBO_npp_d20151003_t1731466_e1737270_b20378_c20151003233728467298_noaa_ops.h5,SVI04_npp_d20151003_t1731466_e1737270_b20378_c20151003233728541959_noaa_ops.dspace_rad,VNFF_npp_d20151003_t1731466_e1737270_b20378_v21.csv,World_EEZ_v8_2014.shp,WPP_BFAR_merge.shp,KKP_IDN_merge_20161208.shp,VNF-VBD_npp_20120301-20151231_global_asia-enhanced_c201607211230.bitmask,NCEI_NGA.union.nga_lead2.add_2015ntl.mask,timezone.shp,VBD_platforms-recurring_2015_r20170330.shp,999999,VBD_bridges_c20160811.shp,9.202956;7.293124;4.987635;0.117751;-4.766567;-9.662423;-14.566307;-12.781590;-10.252750;-5.421471;-0.565886;4.309883,106.389061;120.204430;133.795395;132.636734;131.583801;130.626740;129.763702;115.696312;101.762085;103.094223;104.302101;105.397919,npp_d20151003_t1731466_e1737270_b20378,155.447,109.424,8.58362,96.3955,58.1289,65.2936
1135,VBD_npp_d20151003_t1732314_x1186427E_y047617N_l0411_s1887_v23,2017-06-01 16:11:27,4.761703,118.642708,17.6784,2015-10-03 17:32:31,2015-10-04 01:32:31,411,1887,0.439121,1,2529,0.725167,0.22378,0.894218,0.4,0.936185,0.75,0.0204272,0.0001,1.07999e-05,999999,-3.623647e-01,3,Malaysian Exclusive Economic Zone,,,SVDNB_npp_d20151003_t1731466_e1737270_b20378_c20151003233728467558_noaa_ops.h5,GDNBO_npp_d20151003_t1731466_e1737270_b20378_c20151003233728467298_noaa_ops.h5,SVI04_npp_d20151003_t1731466_e1737270_b20378_c20151003233728541959_noaa_ops.dspace_rad,VNFF_npp_d20151003_t1731466_e1737270_b20378_v21.csv,World_EEZ_v8_2014.shp,WPP_BFAR_merge.shp,KKP_IDN_merge_20161208.shp,VNF-VBD_npp_20120301-20151231_global_asia-enhanced_c201607211230.bitmask,NCEI_NGA.union.nga_lead2.add_2015ntl.mask,timezone.shp,VBD_platforms-recurring_2015_r20170330.shp,999999,VBD_bridges_c20160811.shp,9.202956;7.293124;4.987635;0.117751;-4.766567;-9.662423;-14.566307;-12.781590;-10.252750;-5.421471;-0.565886;4.309883,106.389061;120.204430;133.795395;132.636734;131.583801;130.626740;129.763702;115.696312;101.762085;103.094223;104.302101;105.397919,npp_d20151003_t1731466_e1737270_b20378,155.548,89.2745,8.51923,97.3896,53.3979,70.8055
1136,VBD_npp_d20151003_t1732314_x1186396E_y047417N_l0414_s1887_v23,2017-06-01 16:11:27,4.741728,118.639618,7.90501,2015-10-03 17:32:31,2015-10-04 01:32:31,414,1887,0.439548,1,2529,0.483559,0.224083,0.894218,0.4,0.923248,0.75,0.0204206,0.0001,1.05317e-05,999999,-3.648376e-01,3,Malaysian Exclusive Economic Zone,,,SVDNB_npp_d20151003_t1731466_e1737270_b20378_c20151003233728467558_noaa_ops.h5,GDNBO_npp_d20151003_t1731466_e1737270_b20378_c20151003233728467298_noaa_ops.h5,SVI04_npp_d20151003_t1731466_e1737270_b20378_c20151003233728541959_noaa_ops.dspace_rad,VNFF_npp_d20151003_t1731466_e1737270_b20378_v21.csv,World_EEZ_v8_2014.shp,WPP_BFAR_merge.shp,KKP_IDN_merge_20161208.shp,VNF-VBD_npp_20120301-20151231_global_asia-enhanced_c201607211230.bitmask,NCEI_NGA.union.nga_lead2.add_2015ntl.mask,timezone.shp,VBD_platforms-recurring_2015_r20170330.shp,999999,VBD_bridges_c20160811.shp,9.202956;7.293124;4.987635;0.117751;-4.766567;-9.662423;-14.566307;-12.781590;-10.252750;-5.421471;-0.565886;4.309883,106.389061;120.204430;133.795395;132.636734;131.583801;130.626740;129.763702;115.696312;101.762085;103.094223;104.302101;105.397919,npp_d20151003_t1731466_e1737270_b20378,155.552,89.3181,8.52528,96.2224,53.4075,70.7916
1137,VBD_npp_d20151003_t1735062_x1166183E_y042859S_l1795_s1887_v23,2017-06-01 16:11:27,-4.285915,116.618324,11.007,2015-10-03 17:35:06,2015-10-04 01:35:06,1795,1887,0.416146,1,2529,0.470847,0.150683,0.866873,0.4,0.804407,0.75,0.0173374,0.0001,2.4495e-06,999999,-1.441632e-01,3,Indonesian Exclusive Economic Zone,WPP713,,SVDNB_npp_d20151003_t1731466_e1737270_b20378_c20151003233728467558_noaa_ops.h5,GDNBO_npp_d20151003_t1731466_e1737270_b20378_c20151003233728467298_noaa_ops.h5,SVI04_npp_d20151003_t1731466_e1737270_b20378_c20151003233728541959_noaa_ops.dspace_rad,VNFF_npp_d20151003_t1731466_e1737270_b20378_v21.csv,World_EEZ_v8_2014.shp,WPP_BFAR_merge.shp,KKP_IDN_merge_20161208.shp,VNF-VBD_npp_20120301-20151231_global_asia-enhanced_c201607211230.bitmask,NCEI_NGA.union.nga_lead2.add_2015ntl.mask,timezone.shp,VBD_platforms-recurring_2015_r20170330.shp,999999,VBD_bridges_c20160811.shp,9.202956;7.293124;4.987635;0.117751;-4.766567;-9.662423;-14.566307;-12.781590;-10.252750;-5.421471;-0.565886;4.309883,106.389061;120.204430;133.795395;132.636734;131.583801;130.626740;129.763702;115.696312;101.762085;103.094223;104.302101;105.397919,npp_d20151003_t1731466_e1737270_b20378,155.434,109.489,8.52004,100.648,58.1409,65.274
1138,VBD_npp_d20151003_t1735062_x1166240E_y042936S_l1796_s1888_v23,2017-06-01 16:11:27,-4.293649,116.624008,13.6306,2015-10-03 17:35:06,2015-10-04 01:35:06,1796,1888,0.391463,1,2529,0.511245,0.147076,0.866873,0.4,0.820024,0.75,0.0173384,0.0001,2.47606e-06,999999,-1.056062e-01,3,Indonesian Exclusive Economic Zone,WPP713,,SVDNB_npp_d20151003_t1731466_e1737270_b20378_c20151003233728467558_noaa_ops.h5,GDNBO_npp_d20151003_t1731466_e1737270_b20378_c20151003233728467298_noaa_ops.h5,SVI04_npp_d20151003_t1731466_e1737270_b20378_c20151003233728541959_noaa_ops.dspace_rad,VNFF_npp_d20151003_t1731466_e1737270_b20378_v21.csv,World_EEZ_v8_2014.shp,WPP_BFAR_merge.shp,KKP_IDN_merge_20161208.shp,VNF-VBD_npp_20120301-20151231_global_asia-enhanced_c201607211230.bitmask,NCEI_NGA.union.nga_lead2.add_2015ntl.mask,timezone.shp,VBD_platforms-recurring_2015_r20170330.shp,999999,VBD_bridges_c20160811.shp,9.202956;7.293124;4.987635;0.117751;-4.766567;-9.662423;-14.566307;-12.781590;-10.252750;-5.421471;-0.565886;4.309883,106.389061;120.204430;133.795395;132.636734;131.583801;130.626740;129.763702;115.696312;101.762085;103.094223;104.302101;105.397919,npp_d20151003_t1731466_e1737270_b20378,155.426,109.501,8.46054,100.268,58.139,65.2675
1139,VBD_npp_d20151003_t1735080_x1165959E_y044724S_l1823_s1889_v23,2017-06-01 16:11:27,-4.472434,116.595879,9.37197,2015-10-03 17:35:08,2015-10-04 01:35:08,1823,1889,0.411451,1,2529,0.432728,0.142015,0.716071,0.4,0.804201,0.75,0.0172707,0.0001,2.18898e-06,999999,-5.150255e-02,3,Indonesian Exclusive Economic Zone,WPP713,,SVDNB_npp_d20151003_t1731466_e1737270_b20378_c20151003233728467558_noaa_ops.h5,GDNBO_npp_d20151003_t1731466_e1737270_b20378_c20151003233728467298_noaa_ops.h5,SVI04_npp_d20151003_t1731466_e1737270_b20378_c20151003233728541959_noaa_ops.dspace_rad,VNFF_npp_d20151003_t1731466_e1737270_b20378_v21.csv,World_EEZ_v8_2014.shp,WPP_BFAR_merge.shp,KKP_IDN_merge_20161208.shp,VNF-VBD_npp_20120301-20151231_global_asia-enhanced_c201607211230.bitmask,NCEI_NGA.union.nga_lead2.add_2015ntl.mask,timezone.shp,VBD_platforms-recurring_2015_r20170330.shp,999999,VBD_bridges_c20160811.shp,9.202956;7.293124;4.987635;0.117751;-4.766567;-9.662423;-14.566307;-12.781590;-10.252750;-5.421471;-0.565886;4.309883,106.389061;120.204430;133.795395;132.636734;131.583801;130.626740;129.763702;115.696312;101.762085;103.094223;104.302101;105.397919,npp_d20151003_t1731466_e1737270_b20378,155.385,109.885,8.41009,95.9516,58.2337,65.1709
1140,VBD_npp_d20151003_t1732314_x1186671E_y047852N_l0407_s1890_v23,2017-06-01 16:11:27,4.785197,118.667053,12.5839,2015-10-03 17:32:31,2015-10-04 01:32:31,407,1890,0.445452,1,2529,0.620182,0.153068,0.895692,0.4,0.927317,0.75,0.0204472,0.0001,1.18468e-05,999999,2.155864e-01,3,Malaysian Exclusive Economic Zone,,,SVDNB_npp_d20151003_t1731466_e1737270_b20378_c20151003233728467558_noaa_ops.h5,GDNBO_npp_d20151003_t1731466_e1737270_b20378_c20151003233728467298_noaa_ops.h5,SVI04_npp_d20151003_t1731466_e1737270_b20378_c20151003233728541959_noaa_ops.dspace_rad,VNFF_npp_d20151003_t1731466_e1737270_b20378_v21.csv,World_EEZ_v8_2014.shp,WPP_BFAR_merge.shp,KKP_IDN_merge_20161208.shp,VNF-VBD_npp_20120301-20151231_global_asia-enhanced_c201607211230.bitmask,NCEI_NGA.union.nga_lead2.add_2015ntl.mask,timezone.shp,VBD_platforms-recurring_2015_r20170330.shp,999999,VBD_bridges_c20160811.shp,9.202956;7.293124;4.987635;0.117751;-4.766567;-9.662423;-14.566307;-12.781590;-10.252750;-5.421471;-0.565886;4.309883,106.389061;120.204430;133.795395;132.636734;131.583801;130.626740;129.763702;115.696312;101.762085;103.094223;104.302101;105.397919,npp_d20151003_t1731466_e1737270_b20378,155.524,89.2256,8.34248,98.9538,53.367,70.8184
1141,VBD_npp_d20151003_t1733408_x1177623E_y006836N_l1034_s1891_v23,2017-06-01 16:11:27,0.683648,117.762299,2.85677,2015-10-03 17:33:40,2015-10-04 01:33:40,1034,1891,0.444669,1,2273,0.219345,0.185609,0.712281,0.4,0.81803,0.75,0.0191387,0.0001,6.22348e-06,999999,-5.037938e-02,3,Indonesian Exclusive Economic Zone,WPP713,,SVDNB_npp_d20151003_t1731466_e1737270_b20378_c20151003233728467558_noaa_ops.h5,GDNBO_npp_d20151003_t1731466_e1737270_b20378_c20151003233728467298_noaa_ops.h5,SVI04_npp_d20151003_t1731466_e1737270_b20378_c20151003233728541959_noaa_ops.dspace_rad,VNFF_npp_d20151003_t1731466_e1737270_b20378_v21.csv,World_EEZ_v8_2014.shp,WPP_BFAR_merge.shp,KKP_IDN_merge_20161208.shp,VNF-VBD_npp_20120301-20151231_global_asia-enhanced_c201607211230.bitmask,NCEI_NGA.union.nga_lead2.add_2015ntl.mask,timezone.shp,VBD_platforms-recurring_2015_r20170330.shp,999999,VBD_bridges_c20160811.shp,9.202956;7.293124;4.987635;0.117751;-4.766567;-9.662423;-14.566307;-12.781590;-10.252750;-5.421471;-0.565886;4.309883,106.389061;120.204430;133.795395;132.636734;131.583801;130.626740;129.763702;115.696312;101.762085;103.094223;104.302101;105.397919,npp_d20151003_t1731466_e1737270_b20378,155.867,98.3625,8.28472,97.7979,55.4123,68.1182
1142,VBD_npp_d20151003_t1735062_x1166432E_y043035S_l1797_s1891_v23,2017-06-01 16:11:27,-4.303515,116.643173,9.40121,2015-10-03 17:35:06,2015-10-04 01:35:06,1797,1891,0.414937,1,2529,0.439479,0.147861,0.885376,0.4,0.851216,0.75,0.0173466,0.0001,2.61444e-06,999999,-1.139944e-01,3,Indonesian Exclusive Economic Zone,WPP713,,SVDNB_npp_d20151003_t1731466_e1737270_b20378_c20151003233728467558_noaa_ops.h5,GDNBO_npp_d20151003_t1731466_e1737270_b20378_c20151003233728467298_noaa_ops.h5,SVI04_npp_d20151003_t1731466_e1737270_b20378_c20151003233728541959_noaa_ops.dspace_rad,VNFF_npp_d20151003_t1731466_e1737270_b20378_v21.csv,World_EEZ_v8_2014.shp,WPP_BFAR_merge.shp,KKP_IDN_merge_20161208.shp,VNF-VBD_npp_20120301-20151231_global_asia-enhanced_c201607211230.bitmask,NCEI_NGA.union.nga_lead2.add_2015ntl.mask,timezone.shp,VBD_platforms-recurring_2015_r20170330.shp,999999,VBD_bridges_c20160811.shp,9.202956;7.293124;4.987635;0.117751;-4.766567;-9.662423;-14.566307;-12.781590;-10.252750;-5.421471;-0.565886;4.309883,106.389061;120.204430;133.795395;132.636734;131.583801;130.626740;129.763702;115.696312;101.762085;103.094223;104.302101;105.397919,npp_d20151003_t1731466_e1737270_b20378,155.404,109.506,8.28537,99.8961,58.1256,65.2552
1143,VBD_npp_d20151003_t1733408_x1177721E_y007026N_l1031_s1892_v23,2017-06-01 16:11:27,0.702572,117.772102,2.48089,2015-10-03 17:33:40,2015-10-04 01:33:40,1031,1892,0.442322,2,2209,0.178925,0.172121,0.712281,0.4,0.745554,0.75,0.0191498,0.0001,6.53734e-06,999999,5.986376e-02,3,Indonesian Exclusive Economic Zone,WPP713,,SVDNB_npp_d20151003_t1731466_e1737270_b20378_c20151003233728467558_noaa_ops.h5,GDNBO_npp_d20151003_t1731466_e1737270_b20378_c20151003233728467298_noaa_ops.h5,SVI04_npp_d20151003_t1731466_e1737270_b20378_c20151003233728541959_noaa_ops.dspace_rad,VNFF_npp_d20151003_t1731466_e1737270_b20378_v21.csv,World_EEZ_v8_2014.shp,WPP_BFAR_merge.shp,KKP_IDN_merge_20161208.shp,VNF-VBD_npp_20120301-20151231_global_asia-enhanced_c201607211230.bitmask,NCEI_NGA.union.nga_lead2.add_2015ntl.mask,timezone.shp,VBD_platforms-recurring_2015_r20170330.shp,999999,VBD_bridges_c20160811.shp,9.202956;7.293124;4.987635;0.117751;-4.766567;-9.662423;-14.566307;-12.781590;-10.252750;-5.421471;-0.565886;4.309883,106.389061;120.204430;133.795395;132.636734;131.583801;130.626740;129.763702;115.696312;101.762085;103.094223;104.302101;105.397919,npp_d20151003_t1731466_e1737270_b20378,155.86,98.3176,8.22528,99,55.396,68.1282
1144,VBD_npp_d20151003_t1733533_x1176150E_y000102N_l1137_s1892_v23,2017-06-01 16:11:27,0.010224,117.614960,5.19328,2015-10-03 17:33:53,2015-10-04 01:33:53,1137,1892,0.436489,1,2529,0.363973,0.190557,0.774172,0.4,0.898774,0.75,0.0188896,0.0001,6.118e-06,999999,-9.082326e-02,3,Indonesian Exclusive Economic Zone,WPP713,,SVDNB_npp_d20151003_t1731466_e1737270_b20378_c20151003233728467558_noaa_ops.h5,GDNBO_npp_d20151003_t1731466_e1737270_b20378_c20151003233728467298_noaa_ops.h5,SVI04_npp_d20151003_t1731466_e1737270_b20378_c20151003233728541959_noaa_ops.dspace_rad,VNFF_npp_d20151003_t1731466_e1737270_b20378_v21.csv,World_EEZ_v8_2014.shp,WPP_BFAR_merge.shp,KKP_IDN_merge_20161208.shp,VNF-VBD_npp_20120301-20151231_global_asia-enhanced_c201607211230.bitmask,NCEI_NGA.union.nga_lead2.add_2015ntl.mask,timezone.shp,VBD_platforms-recurring_2015_r20170330.shp,999999,VBD_bridges_c20160811.shp,9.202956;7.293124;4.987635;0.117751;-4.766567;-9.662423;-14.566307;-12.781590;-10.252750;-5.421471;-0.565886;4.309883,106.389061;120.204430;133.795395;132.636734;131.583801;130.626740;129.763702;115.696312;101.762085;103.094223;104.302101;105.397919,npp_d20151003_t1731466_e1737270_b20378,155.855,99.8795,8.23384,101.429,55.759,67.7032
1145,VBD_npp_d20151003_t1735044_x1166640E_y042597S_l1790_s1892_v23,2017-06-01 16:11:27,-4.259729,116.664017,5.29476,2015-10-03 17:35:04,2015-10-04 01:35:04,1790,1892,0.413656,2,2465,0.327523,0.137626,0.82278,0.4,0.740087,0.75,0.0173687,0.0001,2.46432e-06,999999,-4.582339e-03,3,Indonesian Exclusive Economic Zone,WPP713,,SVDNB_npp_d20151003_t1731466_e1737270_b20378_c20151003233728467558_noaa_ops.h5,GDNBO_npp_d20151003_t1731466_e1737270_b20378_c20151003233728467298_noaa_ops.h5,SVI04_npp_d20151003_t1731466_e1737270_b20378_c20151003233728541959_noaa_ops.dspace_rad,VNFF_npp_d20151003_t1731466_e1737270_b20378_v21.csv,World_EEZ_v8_2014.shp,WPP_BFAR_merge.shp,KKP_IDN_merge_20161208.shp,VNF-VBD_npp_20120301-20151231_global_asia-enhanced_c201607211230.bitmask,NCEI_NGA.union.nga_lead2.add_2015ntl.mask,timezone.shp,VBD_platforms-recurring_2015_r20170330.shp,999999,VBD_bridges_c20160811.shp,9.202956;7.293124;4.987635;0.117751;-4.766567;-9.662423;-14.566307;-12.781590;-10.252750;-5.421471;-0.565886;4.309883,106.389061;120.204430;133.795395;132.636734;131.583801;130.626740;129.763702;115.696312;101.762085;103.094223;104.302101;105.397919,npp_d20151003_t1731466_e1737270_b20378,155.406,109.405,8.23568,96.2908,58.0946,65.2761
1146,VBD_npp_d20151003_t1735062_x1166468E_y043246S_l1800_s1892_v23,2017-06-01 16:11:27,-4.324567,116.646767,10.0631,2015-10-03 17:35:06,2015-10-04 01:35:06,1800,1892,0.418635,1,2529,0.444881,0.136844,0.896283,0.4,0.867352,0.75,0.0173423,0.0001,2.5834e-06,999999,3.780028e-03,3,Indonesian Exclusive Economic Zone,WPP713,,SVDNB_npp_d20151003_t1731466_e1737270_b20378_c20151003233728467558_noaa_ops.h5,GDNBO_npp_d20151003_t1731466_e1737270_b20378_c20151003233728467298_noaa_ops.h5,SVI04_npp_d20151003_t1731466_e1737270_b20378_c20151003233728541959_noaa_ops.dspace_rad,VNFF_npp_d20151003_t1731466_e1737270_b20378_v21.csv,World_EEZ_v8_2014.shp,WPP_BFAR_merge.shp,KKP_IDN_merge_20161208.shp,VNF-VBD_npp_20120301-20151231_global_asia-enhanced_c201607211230.bitmask,NCEI_NGA.union.nga_lead2.add_2015ntl.mask,timezone.shp,VBD_platforms-recurring_2015_r20170330.shp,999999,VBD_bridges_c20160811.shp,9.202956;7.293124;4.987635;0.117751;-4.766567;-9.662423;-14.566307;-12.781590;-10.252750;-5.421471;-0.565886;4.309883,106.389061;120.204430;133.795395;132.636734;131.583801;130.626740;129.763702;115.696312;101.762085;103.094223;104.302101;105.397919,npp_d20151003_t1731466_e1737270_b20378,155.394,109.546,8.22637,98.6947,58.1312,65.2417
1147,VBD_npp_d20151003_t1735062_x1166447E_y043379S_l1802_s1892_v23,2017-06-01 16:11:27,-4.337891,116.644661,15.2545,2015-10-03 17:35:06,2015-10-04 01:35:06,1802,1892,0.417426,1,2529,0.635038,0.127621,0.896283,0.4,0.91911,0.75,0.017337,0.0001,2.52554e-06,999999,1.023741e-01,3,Indonesian Exclusive Economic Zone,WPP713,,SVDNB_npp_d20151003_t1731466_e1737270_b20378_c20151003233728467558_noaa_ops.h5,GDNBO_npp_d20151003_t1731466_e1737270_b20378_c20151003233728467298_noaa_ops.h5,SVI04_npp_d20151003_t1731466_e1737270_b20378_c20151003233728541959_noaa_ops.dspace_rad,VNFF_npp_d20151003_t1731466_e1737270_b20378_v21.csv,World_EEZ_v8_2014.shp,WPP_BFAR_merge.shp,KKP_IDN_merge_20161208.shp,VNF-VBD_npp_20120301-20151231_global_asia-enhanced_c201607211230.bitmask,NCEI_NGA.union.nga_lead2.add_2015ntl.mask,timezone.shp,VBD_platforms-recurring_2015_r20170330.shp,999999,VBD_bridges_c20160811.shp,9.202956;7.293124;4.987635;0.117751;-4.766567;-9.662423;-14.566307;-12.781590;-10.252750;-5.421471;-0.565886;4.309883,106.389061;120.204430;133.795395;132.636734;131.583801;130.626740;129.763702;115.696312;101.762085;103.094223;104.302101;105.397919,npp_d20151003_t1731466_e1737270_b20378,155.392,109.575,8.22774,97.8892,58.1388,65.2347
1148,VBD_npp_d20151003_t1733568_x1175713E_y002269S_l1173_s1893_v23,2017-06-01 16:11:27,-0.226860,117.571335,4.65177,2015-10-03 17:33:56,2015-10-04 01:33:56,1173,1893,0.431795,1,2529,0.297203,0.186588,0.762562,0.4,0.857583,0.75,0.0188055,0.0001,5.80607e-06,999999,-5.838353e-02,3,Indonesian Exclusive Economic Zone,WPP713,,SVDNB_npp_d20151003_t1731466_e1737270_b20378_c20151003233728467558_noaa_ops.h5,GDNBO_npp_d20151003_t1731466_e1737270_b20378_c20151003233728467298_noaa_ops.h5,SVI04_npp_d20151003_t1731466_e1737270_b20378_c20151003233728541959_noaa_ops.dspace_rad,VNFF_npp_d20151003_t1731466_e1737270_b20378_v21.csv,World_EEZ_v8_2014.shp,WPP_BFAR_merge.shp,KKP_IDN_merge_20161208.shp,VNF-VBD_npp_20120301-20151231_global_asia-enhanced_c201607211230.bitmask,NCEI_NGA.union.nga_lead2.add_2015ntl.mask,timezone.shp,VBD_platforms-recurring_2015_r20170330.shp,999999,VBD_bridges_c20160811.shp,9.202956;7.293124;4.987635;0.117751;-4.766567;-9.662423;-14.566307;-12.781590;-10.252750;-5.421471;-0.565886;4.309883,106.389061;120.204430;133.795395;132.636734;131.583801;130.626740;129.763702;115.696312;101.762085;103.094223;104.302101;105.397919,npp_d20151003_t1731466_e1737270_b20378,155.841,100.411,8.16447,99.8226,55.8775,67.5577
1149,VBD_npp_d20151003_t1733568_x1175693E_y002402S_l1175_s1893_v23,2017-06-01 16:11:27,-0.240175,117.569260,4.42655,2015-10-03 17:33:56,2015-10-04 01:33:56,1175,1893,0.437272,1,2529,0.254982,0.199772,0.783032,0.4,0.778799,0.75,0.0188006,0.0001,5.69357e-06,999999,-1.661414e-01,3,Indonesian Exclusive Economic Zone,WPP713,,SVDNB_npp_d20151003_t1731466_e1737270_b20378_c20151003233728467558_noaa_ops.h5,GDNBO_npp_d20151003_t1731466_e1737270_b20378_c20151003233728467298_noaa_ops.h5,SVI04_npp_d20151003_t1731466_e1737270_b20378_c20151003233728541959_noaa_ops.dspace_rad,VNFF_npp_d20151003_t1731466_e1737270_b20378_v21.csv,World_EEZ_v8_2014.shp,WPP_BFAR_merge.shp,KKP_IDN_merge_20161208.shp,VNF-VBD_npp_20120301-20151231_global_asia-enhanced_c201607211230.bitmask,NCEI_NGA.union.nga_lead2.add_2015ntl.mask,timezone.shp,VBD_platforms-recurring_2015_r20170330.shp,999999,VBD_bridges_c20160811.shp,9.202956;7.293124;4.987635;0.117751;-4.766567;-9.662423;-14.566307;-12.781590;-10.252750;-5.421471;-0.565886;4.309883,106.389061;120.204430;133.795395;132.636734;131.583801;130.626740;129.763702;115.696312;101.762085;103.094223;104.302101;105.397919,npp_d20151003_t1731466_e1737270_b20378,155.841,100.441,8.1634,99.0107,55.8846,67.5497
1150,VBD_npp_d20151003_t1735062_x1166577E_y042990S_l1796_s1893_v23,2017-06-01 16:11:27,-4.298986,116.657692,7.49869,2015-10-03 17:35:06,2015-10-04 01:35:06,1796,1893,0.417355,1,2529,0.379238,0.133973,0.885376,0.4,0.810184,0.75,0.0173565,0.0001,2.76131e-06,999999,3.446852e-02,3,Indonesian Exclusive Economic Zone,WPP713,,SVDNB_npp_d20151003_t1731466_e1737270_b20378_c20151003233728467558_noaa_ops.h5,GDNBO_npp_d20151003_t1731466_e1737270_b20378_c20151003233728467298_noaa_ops.h5,SVI04_npp_d20151003_t1731466_e1737270_b20378_c20151003233728541959_noaa_ops.dspace_rad,VNFF_npp_d20151003_t1731466_e1737270_b20378_v21.csv,World_EEZ_v8_2014.shp,WPP_BFAR_merge.shp,KKP_IDN_merge_20161208.shp,VNF-VBD_npp_20120301-20151231_global_asia-enhanced_c201607211230.bitmask,NCEI_NGA.union.nga_lead2.add_2015ntl.mask,timezone.shp,VBD_platforms-recurring_2015_r20170330.shp,999999,VBD_bridges_c20160811.shp,9.202956;7.293124;4.987635;0.117751;-4.766567;-9.662423;-14.566307;-12.781590;-10.252750;-5.421471;-0.565886;4.309883,106.389061;120.204430;133.795395;132.636734;131.583801;130.626740;129.763702;115.696312;101.762085;103.094223;104.302101;105.397919,npp_d20151003_t1731466_e1737270_b20378,155.392,109.485,8.17046,100.316,58.1105,65.2529
1151,VBD_npp_d20151003_t1735062_x1166613E_y043200S_l1799_s1894_v23,2017-06-01 16:11:27,-4.320033,116.661270,4.79773,2015-10-03 17:35:06,2015-10-04 01:35:06,1799,1894,0.416288,7,2465,0.25759,0.135899,0.896283,0.4,0.704567,0.75,0.0173522,0.0001,2.72861e-06,999999,1.387881e-02,3,,,,SVDNB_npp_d20151003_t1731466_e1737270_b20378_c20151003233728467558_noaa_ops.h5,GDNBO_npp_d20151003_t1731466_e1737270_b20378_c20151003233728467298_noaa_ops.h5,SVI04_npp_d20151003_t1731466_e1737270_b20378_c20151003233728541959_noaa_ops.dspace_rad,VNFF_npp_d20151003_t1731466_e1737270_b20378_v21.csv,World_EEZ_v8_2014.shp,WPP_BFAR_merge.shp,KKP_IDN_merge_20161208.shp,VNF-VBD_npp_20120301-20151231_global_asia-enhanced_c201607211230.bitmask,NCEI_NGA.union.nga_lead2.add_2015ntl.mask,timezone.shp,VBD_platforms-recurring_2015_r20170330.shp,999999,VBD_bridges_c20160811.shp,9.202956;7.293124;4.987635;0.117751;-4.766567;-9.662423;-14.566307;-12.781590;-10.252750;-5.421471;-0.565886;4.309883,106.389061;120.204430;133.795395;132.636734;131.583801;130.626740;129.763702;115.696312;101.762085;103.094223;104.302101;105.397919,npp_d20151003_t1731466_e1737270_b20378,155.382,109.525,8.11021,99.1003,58.1161,65.2394
1152,VBD_npp_d20151003_t1733568_x1175796E_y002622S_l1178_s1895_v23,2017-06-01 16:11:27,-0.262246,117.579575,6.22138,2015-10-03 17:33:56,2015-10-04 01:33:56,1178,1895,0.441113,1,2529,0.372432,0.201129,0.801315,0.4,0.873364,0.75,0.0188006,0.0001,5.76052e-06,999999,-1.772322e-01,3,Indonesian Exclusive Economic Zone,WPP713,,SVDNB_npp_d20151003_t1731466_e1737270_b20378_c20151003233728467558_noaa_ops.h5,GDNBO_npp_d20151003_t1731466_e1737270_b20378_c20151003233728467298_noaa_ops.h5,SVI04_npp_d20151003_t1731466_e1737270_b20378_c20151003233728541959_noaa_ops.dspace_rad,VNFF_npp_d20151003_t1731466_e1737270_b20378_v21.csv,World_EEZ_v8_2014.shp,WPP_BFAR_merge.shp,KKP_IDN_merge_20161208.shp,VNF-VBD_npp_20120301-20151231_global_asia-enhanced_c201607211230.bitmask,NCEI_NGA.union.nga_lead2.add_2015ntl.mask,timezone.shp,VBD_platforms-recurring_2015_r20170330.shp,999999,VBD_bridges_c20160811.shp,9.202956;7.293124;4.987635;0.117751;-4.766567;-9.662423;-14.566307;-12.781590;-10.252750;-5.421471;-0.565886;4.309883,106.389061;120.204430;133.795395;132.636734;131.583801;130.626740;129.763702;115.696312;101.762085;103.094223;104.302101;105.397919,npp_d20151003_t1731466_e1737270_b20378,155.827,100.486,8.04879,97.7797,55.8835,67.5327
1153,VBD_npp_d20151003_t1732296_x1187239E_y048368N_l0398_s1896_v23,2017-06-01 16:11:27,4.836750,118.723854,7.89589,2015-10-03 17:32:29,2015-10-04 01:32:29,398,1896,0.443247,1,2529,0.486768,0.20541,0.823347,0.4,0.930446,0.75,0.0204893,0.0001,1.27794e-05,999999,-2.122190e-01,3,Malaysian Exclusive Economic Zone,,,SVDNB_npp_d20151003_t1731466_e1737270_b20378_c20151003233728467558_noaa_ops.h5,GDNBO_npp_d20151003_t1731466_e1737270_b20378_c20151003233728467298_noaa_ops.h5,SVI04_npp_d20151003_t1731466_e1737270_b20378_c20151003233728541959_noaa_ops.dspace_rad,VNFF_npp_d20151003_t1731466_e1737270_b20378_v21.csv,World_EEZ_v8_2014.shp,WPP_BFAR_merge.shp,KKP_IDN_merge_20161208.shp,VNF-VBD_npp_20120301-20151231_global_asia-enhanced_c201607211230.bitmask,NCEI_NGA.union.nga_lead2.add_2015ntl.mask,timezone.shp,VBD_platforms-recurring_2015_r20170330.shp,999999,VBD_bridges_c20160811.shp,9.202956;7.293124;4.987635;0.117751;-4.766567;-9.662423;-14.566307;-12.781590;-10.252750;-5.421471;-0.565886;4.309883,106.389061;120.204430;133.795395;132.636734;131.583801;130.626740;129.763702;115.696312;101.762085;103.094223;104.302101;105.397919,npp_d20151003_t1731466_e1737270_b20378,155.474,89.1182,8.00029,96.0548,53.3026,70.8474
1154,VBD_npp_d20151003_t1733568_x1175894E_y002433S_l1175_s1896_v23,2017-06-01 16:11:27,-0.243330,117.589386,6.36165,2015-10-03 17:33:56,2015-10-04 01:33:56,1175,1896,0.437272,1,2529,0.304043,0.161461,0.801315,0.4,0.818412,0.75,0.0188116,0.0001,6.05666e-06,999999,1.469888e-01,3,Indonesian Exclusive Economic Zone,WPP713,,SVDNB_npp_d20151003_t1731466_e1737270_b20378_c20151003233728467558_noaa_ops.h5,GDNBO_npp_d20151003_t1731466_e1737270_b20378_c20151003233728467298_noaa_ops.h5,SVI04_npp_d20151003_t1731466_e1737270_b20378_c20151003233728541959_noaa_ops.dspace_rad,VNFF_npp_d20151003_t1731466_e1737270_b20378_v21.csv,World_EEZ_v8_2014.shp,WPP_BFAR_merge.shp,KKP_IDN_merge_20161208.shp,VNF-VBD_npp_20120301-20151231_global_asia-enhanced_c201607211230.bitmask,NCEI_NGA.union.nga_lead2.add_2015ntl.mask,timezone.shp,VBD_platforms-recurring_2015_r20170330.shp,999999,VBD_bridges_c20160811.shp,9.202956;7.293124;4.987635;0.117751;-4.766567;-9.662423;-14.566307;-12.781590;-10.252750;-5.421471;-0.565886;4.309883,106.389061;120.204430;133.795395;132.636734;131.583801;130.626740;129.763702;115.696312;101.762085;103.094223;104.302101;105.397919,npp_d20151003_t1731466_e1737270_b20378,155.821,100.44,7.98932,99.0167,55.867,67.5422
1155,VBD_npp_d20151003_t1735062_x1166726E_y043355S_l1801_s1896_v23,2017-06-01 16:11:27,-4.335478,116.672623,22.6154,2015-10-03 17:35:06,2015-10-04 01:35:06,1801,1896,0.413443,1,2529,0.719455,0.138206,0.903894,0.4,0.932073,0.75,0.0173542,0.0001,2.78569e-06,999999,-1.078280e-02,3,Indonesian Exclusive Economic Zone,WPP713,,SVDNB_npp_d20151003_t1731466_e1737270_b20378_c20151003233728467558_noaa_ops.h5,GDNBO_npp_d20151003_t1731466_e1737270_b20378_c20151003233728467298_noaa_ops.h5,SVI04_npp_d20151003_t1731466_e1737270_b20378_c20151003233728541959_noaa_ops.dspace_rad,VNFF_npp_d20151003_t1731466_e1737270_b20378_v21.csv,World_EEZ_v8_2014.shp,WPP_BFAR_merge.shp,KKP_IDN_merge_20161208.shp,VNF-VBD_npp_20120301-20151231_global_asia-enhanced_c201607211230.bitmask,NCEI_NGA.union.nga_lead2.add_2015ntl.mask,timezone.shp,VBD_platforms-recurring_2015_r20170330.shp,999999,VBD_bridges_c20160811.shp,9.202956;7.293124;4.987635;0.117751;-4.766567;-9.662423;-14.566307;-12.781590;-10.252750;-5.421471;-0.565886;4.309883,106.389061;120.204430;133.795395;132.636734;131.583801;130.626740;129.763702;115.696312;101.762085;103.094223;104.302101;105.397919,npp_d20151003_t1731466_e1737270_b20378,155.366,109.548,7.99468,98.2746,58.1122,65.2265
1156,VBD_npp_d20151003_t1735044_x1167071E_y042051S_l1781_s1897_v23,2017-06-01 16:11:27,-4.205096,116.707077,12.2672,2015-10-03 17:35:04,2015-10-04 01:35:04,1781,1897,0.417924,1,2529,0.624009,0.134611,0.857281,0.4,0.936401,0.75,0.0174105,0.0001,3.03942e-06,999999,2.764903e-02,3,Indonesian Exclusive Economic Zone,WPP713,,SVDNB_npp_d20151003_t1731466_e1737270_b20378_c20151003233728467558_noaa_ops.h5,GDNBO_npp_d20151003_t1731466_e1737270_b20378_c20151003233728467298_noaa_ops.h5,SVI04_npp_d20151003_t1731466_e1737270_b20378_c20151003233728541959_noaa_ops.dspace_rad,VNFF_npp_d20151003_t1731466_e1737270_b20378_v21.csv,World_EEZ_v8_2014.shp,WPP_BFAR_merge.shp,KKP_IDN_merge_20161208.shp,VNF-VBD_npp_20120301-20151231_global_asia-enhanced_c201607211230.bitmask,NCEI_NGA.union.nga_lead2.add_2015ntl.mask,timezone.shp,VBD_platforms-recurring_2015_r20170330.shp,999999,VBD_bridges_c20160811.shp,9.202956;7.293124;4.987635;0.117751;-4.766567;-9.662423;-14.566307;-12.781590;-10.252750;-5.421471;-0.565886;4.309883,106.389061;120.204430;133.795395;132.636734;131.583801;130.626740;129.763702;115.696312;101.762085;103.094223;104.302101;105.397919,npp_d20151003_t1731466_e1737270_b20378,155.384,109.258,7.93774,99.9521,58.0322,65.2933
1157,VBD_npp_d20151003_t1735062_x1166741E_y043698S_l1806_s1897_v23,2017-06-01 16:11:27,-4.369829,116.674110,2.61948,2015-10-03 17:35:06,2015-10-04 01:35:06,1806,1897,0.415506,7,2209,0.169367,0.139594,0.902148,0.4,0.74982,0.75,0.0173446,0.0001,2.6888e-06,999999,-2.561744e-02,3,,,,SVDNB_npp_d20151003_t1731466_e1737270_b20378_c20151003233728467558_noaa_ops.h5,GDNBO_npp_d20151003_t1731466_e1737270_b20378_c20151003233728467298_noaa_ops.h5,SVI04_npp_d20151003_t1731466_e1737270_b20378_c20151003233728541959_noaa_ops.dspace_rad,VNFF_npp_d20151003_t1731466_e1737270_b20378_v21.csv,World_EEZ_v8_2014.shp,WPP_BFAR_merge.shp,KKP_IDN_merge_20161208.shp,VNF-VBD_npp_20120301-20151231_global_asia-enhanced_c201607211230.bitmask,NCEI_NGA.union.nga_lead2.add_2015ntl.mask,timezone.shp,VBD_platforms-recurring_2015_r20170330.shp,999999,VBD_bridges_c20160811.shp,9.202956;7.293124;4.987635;0.117751;-4.766567;-9.662423;-14.566307;-12.781590;-10.252750;-5.421471;-0.565886;4.309883,106.389061;120.204430;133.795395;132.636734;131.583801;130.626740;129.763702;115.696312;101.762085;103.094223;104.302101;105.397919,npp_d20151003_t1731466_e1737270_b20378,155.353,109.617,7.94536,96.1841,58.1254,65.2059
1158,VBD_npp_d20151003_t1732314_x1187209E_y047768N_l0407_s1898_v23,2017-06-01 16:11:27,4.776839,118.720856,2.90451,2015-10-03 17:32:31,2015-10-04 01:32:31,407,1898,0.448084,1,2529,0.231885,0.169474,0.839449,0.4,0.836148,0.75,0.0204768,0.0001,1.3856e-05,999999,8.150033e-02,3,Malaysian Exclusive Economic Zone,,,SVDNB_npp_d20151003_t1731466_e1737270_b20378_c20151003233728467558_noaa_ops.h5,GDNBO_npp_d20151003_t1731466_e1737270_b20378_c20151003233728467298_noaa_ops.h5,SVI04_npp_d20151003_t1731466_e1737270_b20378_c20151003233728541959_noaa_ops.dspace_rad,VNFF_npp_d20151003_t1731466_e1737270_b20378_v21.csv,World_EEZ_v8_2014.shp,WPP_BFAR_merge.shp,KKP_IDN_merge_20161208.shp,VNF-VBD_npp_20120301-20151231_global_asia-enhanced_c201607211230.bitmask,NCEI_NGA.union.nga_lead2.add_2015ntl.mask,timezone.shp,VBD_platforms-recurring_2015_r20170330.shp,999999,VBD_bridges_c20160811.shp,9.202956;7.293124;4.987635;0.117751;-4.766567;-9.662423;-14.566307;-12.781590;-10.252750;-5.421471;-0.565886;4.309883,106.389061;120.204430;133.795395;132.636734;131.583801;130.626740;129.763702;115.696312;101.762085;103.094223;104.302101;105.397919,npp_d20151003_t1731466_e1737270_b20378,155.47,89.25,7.87824,98.9747,53.3186,70.8034
1159,VBD_npp_d20151003_t1735062_x1166850E_y043443S_l1802_s1898_v23,2017-06-01 16:11:27,-4.344257,116.685036,20.2721,2015-10-03 17:35:06,2015-10-04 01:35:06,1802,1898,0.417284,1,2529,0.657143,0.134987,0.903894,0.4,0.88536,0.75,0.0173588,0.0001,2.87558e-06,999999,2.363160e-02,3,Indonesian Exclusive Economic Zone,WPP713,,SVDNB_npp_d20151003_t1731466_e1737270_b20378_c20151003233728467558_noaa_ops.h5,GDNBO_npp_d20151003_t1731466_e1737270_b20378_c20151003233728467298_noaa_ops.h5,SVI04_npp_d20151003_t1731466_e1737270_b20378_c20151003233728541959_noaa_ops.dspace_rad,VNFF_npp_d20151003_t1731466_e1737270_b20378_v21.csv,World_EEZ_v8_2014.shp,WPP_BFAR_merge.shp,KKP_IDN_merge_20161208.shp,VNF-VBD_npp_20120301-20151231_global_asia-enhanced_c201607211230.bitmask,NCEI_NGA.union.nga_lead2.add_2015ntl.mask,timezone.shp,VBD_platforms-recurring_2015_r20170330.shp,999999,VBD_bridges_c20160811.shp,9.202956;7.293124;4.987635;0.117751;-4.766567;-9.662423;-14.566307;-12.781590;-10.252750;-5.421471;-0.565886;4.309883,106.389061;120.204430;133.795395;132.636734;131.583801;130.626740;129.763702;115.696312;101.762085;103.094223;104.302101;105.397919,npp_d20151003_t1731466_e1737270_b20378,155.351,109.556,7.87952,97.8453,58.1046,65.2171
1160,VBD_npp_d20151003_t1733568_x1176064E_y002664S_l1178_s1899_v23,2017-06-01 16:11:27,-0.266439,117.606392,4.96284,2015-10-03 17:33:56,2015-10-04 01:33:56,1178,1899,0.437129,1,2529,0.290006,0.165746,0.772964,0.4,0.819653,0.75,0.0188153,0.0001,6.25301e-06,999999,1.119684e-01,3,Indonesian Exclusive Economic Zone,WPP713,,SVDNB_npp_d20151003_t1731466_e1737270_b20378_c20151003233728467558_noaa_ops.h5,GDNBO_npp_d20151003_t1731466_e1737270_b20378_c20151003233728467298_noaa_ops.h5,SVI04_npp_d20151003_t1731466_e1737270_b20378_c20151003233728541959_noaa_ops.dspace_rad,VNFF_npp_d20151003_t1731466_e1737270_b20378_v21.csv,World_EEZ_v8_2014.shp,WPP_BFAR_merge.shp,KKP_IDN_merge_20161208.shp,VNF-VBD_npp_20120301-20151231_global_asia-enhanced_c201607211230.bitmask,NCEI_NGA.union.nga_lead2.add_2015ntl.mask,timezone.shp,VBD_platforms-recurring_2015_r20170330.shp,999999,VBD_bridges_c20160811.shp,9.202956;7.293124;4.987635;0.117751;-4.766567;-9.662423;-14.566307;-12.781590;-10.252750;-5.421471;-0.565886;4.309883,106.389061;120.204430;133.795395;132.636734;131.583801;130.626740;129.763702;115.696312;101.762085;103.094223;104.302101;105.397919,npp_d20151003_t1731466_e1737270_b20378,155.8,100.484,7.81675,97.7516,55.8601,67.5227
1161,VBD_npp_d20151003_t1733568_x1176120E_y002741S_l1179_s1900_v23,2017-06-01 16:11:27,-0.274138,117.612045,5.18168,2015-10-03 17:33:56,2015-10-04 01:33:56,1179,1900,0.440259,1,2529,0.246473,0.174503,0.753835,0.4,0.80158,0.75,0.0188165,0.0001,6.319e-06,999999,4.038965e-02,3,Indonesian Exclusive Economic Zone,WPP713,,SVDNB_npp_d20151003_t1731466_e1737270_b20378_c20151003233728467558_noaa_ops.h5,GDNBO_npp_d20151003_t1731466_e1737270_b20378_c20151003233728467298_noaa_ops.h5,SVI04_npp_d20151003_t1731466_e1737270_b20378_c20151003233728541959_noaa_ops.dspace_rad,VNFF_npp_d20151003_t1731466_e1737270_b20378_v21.csv,World_EEZ_v8_2014.shp,WPP_BFAR_merge.shp,KKP_IDN_merge_20161208.shp,VNF-VBD_npp_20120301-20151231_global_asia-enhanced_c201607211230.bitmask,NCEI_NGA.union.nga_lead2.add_2015ntl.mask,timezone.shp,VBD_platforms-recurring_2015_r20170330.shp,999999,VBD_bridges_c20160811.shp,9.202956;7.293124;4.987635;0.117751;-4.766567;-9.662423;-14.566307;-12.781590;-10.252750;-5.421471;-0.565886;4.309883,106.389061;120.204430;133.795395;132.636734;131.583801;130.626740;129.763702;115.696312;101.762085;103.094223;104.302101;105.397919,npp_d20151003_t1731466_e1737270_b20378,155.793,100.498,7.7601,97.3175,55.8577,67.5162
1162,VBD_npp_d20151003_t1733550_x1176407E_y001773S_l1164_s1901_v23,2017-06-01 16:11:27,-0.177316,117.640709,2.57464,2015-10-03 17:33:55,2015-10-04 01:33:55,1164,1901,0.444171,8,18657,0.203182,0.126791,0.678616,0.4,0.827386,0.75,0.0188568,0.0001,6.4934e-06,999999,4.303572e-01,3,Indonesian Exclusive Economic Zone,WPP713,,SVDNB_npp_d20151003_t1731466_e1737270_b20378_c20151003233728467558_noaa_ops.h5,GDNBO_npp_d20151003_t1731466_e1737270_b20378_c20151003233728467298_noaa_ops.h5,SVI04_npp_d20151003_t1731466_e1737270_b20378_c20151003233728541959_noaa_ops.dspace_rad,VNFF_npp_d20151003_t1731466_e1737270_b20378_v21.csv,World_EEZ_v8_2014.shp,WPP_BFAR_merge.shp,KKP_IDN_merge_20161208.shp,VNF-VBD_npp_20120301-20151231_global_asia-enhanced_c201607211230.bitmask,NCEI_NGA.union.nga_lead2.add_2015ntl.mask,timezone.shp,VBD_platforms-recurring_2015_r20170330.shp,0.411916,VBD_bridges_c20160811.shp,9.202956;7.293124;4.987635;0.117751;-4.766567;-9.662423;-14.566307;-12.781590;-10.252750;-5.421471;-0.565886;4.309883,106.389061;120.204430;133.795395;132.636734;131.583801;130.626740;129.763702;115.696312;101.762085;103.094223;104.302101;105.397919,npp_d20151003_t1731466_e1737270_b20378,155.789,100.278,7.70679,96.8668,55.8003,67.5729
1163,VBD_npp_d20151003_t1733568_x1176177E_y002818S_l1180_s1901_v23,2017-06-01 16:11:27,-0.281836,117.617714,3.26086,2015-10-03 17:33:56,2015-10-04 01:33:56,1180,1901,0.434426,2,2209,0.19646,0.177319,0.753835,0.4,0.713843,0.75,0.0188177,0.0001,6.38526e-06,999999,1.737462e-02,3,Indonesian Exclusive Economic Zone,WPP713,,SVDNB_npp_d20151003_t1731466_e1737270_b20378_c20151003233728467558_noaa_ops.h5,GDNBO_npp_d20151003_t1731466_e1737270_b20378_c20151003233728467298_noaa_ops.h5,SVI04_npp_d20151003_t1731466_e1737270_b20378_c20151003233728541959_noaa_ops.dspace_rad,VNFF_npp_d20151003_t1731466_e1737270_b20378_v21.csv,World_EEZ_v8_2014.shp,WPP_BFAR_merge.shp,KKP_IDN_merge_20161208.shp,VNF-VBD_npp_20120301-20151231_global_asia-enhanced_c201607211230.bitmask,NCEI_NGA.union.nga_lead2.add_2015ntl.mask,timezone.shp,VBD_platforms-recurring_2015_r20170330.shp,999999,VBD_bridges_c20160811.shp,9.202956;7.293124;4.987635;0.117751;-4.766567;-9.662423;-14.566307;-12.781590;-10.252750;-5.421471;-0.565886;4.309883,106.389061;120.204430;133.795395;132.636734;131.583801;130.626740;129.763702;115.696312;101.762085;103.094223;104.302101;105.397919,npp_d20151003_t1731466_e1737270_b20378,155.786,100.513,7.70388,96.877,55.8554,67.5097
1164,VBD_npp_d20151003_t1735098_x1166608E_y045365S_l1831_s1901_v23,2017-06-01 16:11:27,-4.536498,116.660835,20.8073,2015-10-03 17:35:09,2015-10-04 01:35:09,1831,1901,0.414937,1,2529,0.744333,0.128382,0.816384,0.4,0.883809,0.75,0.0172931,0.0001,3.04034e-06,999999,9.423859e-02,3,Indonesian Exclusive Economic Zone,WPP713,,SVDNB_npp_d20151003_t1731466_e1737270_b20378_c20151003233728467558_noaa_ops.h5,GDNBO_npp_d20151003_t1731466_e1737270_b20378_c20151003233728467298_noaa_ops.h5,SVI04_npp_d20151003_t1731466_e1737270_b20378_c20151003233728541959_noaa_ops.dspace_rad,VNFF_npp_d20151003_t1731466_e1737270_b20378_v21.csv,World_EEZ_v8_2014.shp,WPP_BFAR_merge.shp,KKP_IDN_merge_20161208.shp,VNF-VBD_npp_20120301-20151231_global_asia-enhanced_c201607211230.bitmask,NCEI_NGA.union.nga_lead2.add_2015ntl.mask,timezone.shp,VBD_platforms-recurring_2015_r20170330.shp,999999,VBD_bridges_c20160811.shp,9.202956;7.293124;4.987635;0.117751;-4.766567;-9.662423;-14.566307;-12.781590;-10.252750;-5.421471;-0.565886;4.309883,106.389061;120.204430;133.795395;132.636734;131.583801;130.626740;129.763702;115.696312;101.762085;103.094223;104.302101;105.397919,npp_d20151003_t1731466_e1737270_b20378,155.295,109.957,7.70735,99.1187,58.1951,65.1087
1165,VBD_npp_d20151003_t1735062_x1167098E_y043618S_l1804_s1902_v23,2017-06-01 16:11:27,-4.361802,116.709816,12.4515,2015-10-03 17:35:06,2015-10-04 01:35:06,1804,1902,0.417639,1,2529,0.579933,0.131219,0.902923,0.4,0.924307,0.75,0.017368,0.0001,3.06218e-06,999999,6.391085e-02,3,Indonesian Exclusive Economic Zone,WPP713,,SVDNB_npp_d20151003_t1731466_e1737270_b20378_c20151003233728467558_noaa_ops.h5,GDNBO_npp_d20151003_t1731466_e1737270_b20378_c20151003233728467298_noaa_ops.h5,SVI04_npp_d20151003_t1731466_e1737270_b20378_c20151003233728541959_noaa_ops.dspace_rad,VNFF_npp_d20151003_t1731466_e1737270_b20378_v21.csv,World_EEZ_v8_2014.shp,WPP_BFAR_merge.shp,KKP_IDN_merge_20161208.shp,VNF-VBD_npp_20120301-20151231_global_asia-enhanced_c201607211230.bitmask,NCEI_NGA.union.nga_lead2.add_2015ntl.mask,timezone.shp,VBD_platforms-recurring_2015_r20170330.shp,999999,VBD_bridges_c20160811.shp,9.202956;7.293124;4.987635;0.117751;-4.766567;-9.662423;-14.566307;-12.781590;-10.252750;-5.421471;-0.565886;4.309883,106.389061;120.204430;133.795395;132.636734;131.583801;130.626740;129.763702;115.696312;101.762085;103.094223;104.302101;105.397919,npp_d20151003_t1731466_e1737270_b20378,155.322,109.572,7.65065,96.948,58.0894,65.1983
1166,VBD_npp_d20151003_t1735062_x1167067E_y043818S_l1807_s1902_v23,2017-06-01 16:11:27,-4.381763,116.706680,16.9579,2015-10-03 17:35:06,2015-10-04 01:35:06,1807,1902,0.417497,1,2529,0.668127,0.135924,0.885916,0.4,0.924751,0.75,0.0173601,0.0001,2.95882e-06,999999,1.361493e-02,3,Indonesian Exclusive Economic Zone,WPP713,,SVDNB_npp_d20151003_t1731466_e1737270_b20378_c20151003233728467558_noaa_ops.h5,GDNBO_npp_d20151003_t1731466_e1737270_b20378_c20151003233728467298_noaa_ops.h5,SVI04_npp_d20151003_t1731466_e1737270_b20378_c20151003233728541959_noaa_ops.dspace_rad,VNFF_npp_d20151003_t1731466_e1737270_b20378_v21.csv,World_EEZ_v8_2014.shp,WPP_BFAR_merge.shp,KKP_IDN_merge_20161208.shp,VNF-VBD_npp_20120301-20151231_global_asia-enhanced_c201607211230.bitmask,NCEI_NGA.union.nga_lead2.add_2015ntl.mask,timezone.shp,VBD_platforms-recurring_2015_r20170330.shp,999999,VBD_bridges_c20160811.shp,9.202956;7.293124;4.987635;0.117751;-4.766567;-9.662423;-14.566307;-12.781590;-10.252750;-5.421471;-0.565886;4.309883,106.389061;120.204430;133.795395;132.636734;131.583801;130.626740;129.763702;115.696312;101.762085;103.094223;104.302101;105.397919,npp_d20151003_t1731466_e1737270_b20378,155.319,109.615,7.65868,95.6496,58.1007,65.1878
1167,VBD_npp_d20151003_t1735080_x1166980E_y043930S_l1809_s1902_v23,2017-06-01 16:11:27,-4.393017,116.698029,9.8939,2015-10-03 17:35:08,2015-10-04 01:35:08,1809,1902,0.413443,1,2529,0.481825,0.135139,0.885916,0.4,0.873223,0.75,0.0173548,0.0001,3.39716e-06,999999,2.200566e-02,3,Indonesian Exclusive Economic Zone,WPP713,,SVDNB_npp_d20151003_t1731466_e1737270_b20378_c20151003233728467558_noaa_ops.h5,GDNBO_npp_d20151003_t1731466_e1737270_b20378_c20151003233728467298_noaa_ops.h5,SVI04_npp_d20151003_t1731466_e1737270_b20378_c20151003233728541959_noaa_ops.dspace_rad,VNFF_npp_d20151003_t1731466_e1737270_b20378_v21.csv,World_EEZ_v8_2014.shp,WPP_BFAR_merge.shp,KKP_IDN_merge_20161208.shp,VNF-VBD_npp_20120301-20151231_global_asia-enhanced_c201607211230.bitmask,NCEI_NGA.union.nga_lead2.add_2015ntl.mask,timezone.shp,VBD_platforms-recurring_2015_r20170330.shp,999999,VBD_bridges_c20160811.shp,9.202956;7.293124;4.987635;0.117751;-4.766567;-9.662423;-14.566307;-12.781590;-10.252750;-5.421471;-0.565886;4.309883,106.389061;120.204430;133.795395;132.636734;131.583801;130.626740;129.763702;115.696312;101.762085;103.094223;104.302101;105.397919,npp_d20151003_t1731466_e1737270_b20378,155.316,109.639,7.65288,101.728,58.1068,65.1817
1168,VBD_npp_d20151003_t1733177_x1181464E_y019904N_l0832_s1904_v23,2017-06-01 16:11:27,1.990357,118.146416,3.89611,2015-10-03 17:33:17,2015-10-04 01:33:17,832,1904,0.440615,1,2529,0.272402,0.218401,0.835262,0.4,0.810097,0.75,0.0195838,0.0001,9.5561e-06,999999,-3.184019e-01,3,Indonesian Exclusive Economic Zone,WPP716,,SVDNB_npp_d20151003_t1731466_e1737270_b20378_c20151003233728467558_noaa_ops.h5,GDNBO_npp_d20151003_t1731466_e1737270_b20378_c20151003233728467298_noaa_ops.h5,SVI04_npp_d20151003_t1731466_e1737270_b20378_c20151003233728541959_noaa_ops.dspace_rad,VNFF_npp_d20151003_t1731466_e1737270_b20378_v21.csv,World_EEZ_v8_2014.shp,WPP_BFAR_merge.shp,KKP_IDN_merge_20161208.shp,VNF-VBD_npp_20120301-20151231_global_asia-enhanced_c201607211230.bitmask,NCEI_NGA.union.nga_lead2.add_2015ntl.mask,timezone.shp,VBD_platforms-recurring_2015_r20170330.shp,999999,VBD_bridges_c20160811.shp,9.202956;7.293124;4.987635;0.117751;-4.766567;-9.662423;-14.566307;-12.781590;-10.252750;-5.421471;-0.565886;4.309883,106.389061;120.204430;133.795395;132.636734;131.583801;130.626740;129.763702;115.696312;101.762085;103.094223;104.302101;105.397919,npp_d20151003_t1731466_e1737270_b20378,155.738,95.4049,7.54409,95.0604,54.6556,68.9237
1169,VBD_npp_d20151003_t1735062_x1167264E_y043440S_l1801_s1904_v23,2017-06-01 16:11:27,-4.343958,116.726387,16.3934,2015-10-03 17:35:06,2015-10-04 01:35:06,1801,1904,0.416217,1,2529,0.669538,0.131132,0.883481,0.4,0.91757,0.75,0.0173832,0.0001,3.30557e-06,999999,6.483589e-02,3,Indonesian Exclusive Economic Zone,WPP713,,SVDNB_npp_d20151003_t1731466_e1737270_b20378_c20151003233728467558_noaa_ops.h5,GDNBO_npp_d20151003_t1731466_e1737270_b20378_c20151003233728467298_noaa_ops.h5,SVI04_npp_d20151003_t1731466_e1737270_b20378_c20151003233728541959_noaa_ops.dspace_rad,VNFF_npp_d20151003_t1731466_e1737270_b20378_v21.csv,World_EEZ_v8_2014.shp,WPP_BFAR_merge.shp,KKP_IDN_merge_20161208.shp,VNF-VBD_npp_20120301-20151231_global_asia-enhanced_c201607211230.bitmask,NCEI_NGA.union.nga_lead2.add_2015ntl.mask,timezone.shp,VBD_platforms-recurring_2015_r20170330.shp,999999,VBD_bridges_c20160811.shp,9.202956;7.293124;4.987635;0.117751;-4.766567;-9.662423;-14.566307;-12.781590;-10.252750;-5.421471;-0.565886;4.309883,106.389061;120.204430;133.795395;132.636734;131.583801;130.626740;129.763702;115.696312;101.762085;103.094223;104.302101;105.397919,npp_d20151003_t1731466_e1737270_b20378,155.313,109.522,7.5305,98.2372,58.0667,65.203
1170,VBD_npp_d20151003_t1735115_x1166545E_y046640S_l1850_s1904_v23,2017-06-01 16:11:27,-4.664041,116.654526,20.6571,2015-10-03 17:35:11,2015-10-04 01:35:11,1850,1904,0.323249,1,2529,0.639785,0.180587,0.857715,0.4,0.894294,0.75,0.0172538,0.0001,3.07188e-06,999999,-4.638427e-01,3,Indonesian Exclusive Economic Zone,WPP713,,SVDNB_npp_d20151003_t1731466_e1737270_b20378_c20151003233728467558_noaa_ops.h5,GDNBO_npp_d20151003_t1731466_e1737270_b20378_c20151003233728467298_noaa_ops.h5,SVI04_npp_d20151003_t1731466_e1737270_b20378_c20151003233728541959_noaa_ops.dspace_rad,VNFF_npp_d20151003_t1731466_e1737270_b20378_v21.csv,World_EEZ_v8_2014.shp,WPP_BFAR_merge.shp,KKP_IDN_merge_20161208.shp,VNF-VBD_npp_20120301-20151231_global_asia-enhanced_c201607211230.bitmask,NCEI_NGA.union.nga_lead2.add_2015ntl.mask,timezone.shp,VBD_platforms-recurring_2015_r20170330.shp,999999,VBD_bridges_c20160811.shp,9.202956;7.293124;4.987635;0.117751;-4.766567;-9.662423;-14.566307;-12.781590;-10.252750;-5.421471;-0.565886;4.309883,106.389061;120.204430;133.795395;132.636734;131.583801;130.626740;129.763702;115.696312;101.762085;103.094223;104.302101;105.397919,npp_d20151003_t1731466_e1737270_b20378,155.25,110.216,7.53291,97.8208,58.2486,65.0344
1171,VBD_npp_d20151003_t1735115_x1166514E_y046840S_l1853_s1904_v23,2017-06-01 16:11:27,-4.683999,116.651382,8.22708,2015-10-03 17:35:11,2015-10-04 01:35:11,1853,1904,0.402631,1,2529,0.444499,0.16738,0.868452,0.4,0.861793,0.75,0.0172459,0.0001,2.96799e-06,999999,-3.226552e-01,3,Indonesian Exclusive Economic Zone,WPP713,,SVDNB_npp_d20151003_t1731466_e1737270_b20378_c20151003233728467558_noaa_ops.h5,GDNBO_npp_d20151003_t1731466_e1737270_b20378_c20151003233728467298_noaa_ops.h5,SVI04_npp_d20151003_t1731466_e1737270_b20378_c20151003233728541959_noaa_ops.dspace_rad,VNFF_npp_d20151003_t1731466_e1737270_b20378_v21.csv,World_EEZ_v8_2014.shp,WPP_BFAR_merge.shp,KKP_IDN_merge_20161208.shp,VNF-VBD_npp_20120301-20151231_global_asia-enhanced_c201607211230.bitmask,NCEI_NGA.union.nga_lead2.add_2015ntl.mask,timezone.shp,VBD_platforms-recurring_2015_r20170330.shp,999999,VBD_bridges_c20160811.shp,9.202956;7.293124;4.987635;0.117751;-4.766567;-9.662423;-14.566307;-12.781590;-10.252750;-5.421471;-0.565886;4.309883,106.389061;120.204430;133.795395;132.636734;131.583801;130.626740;129.763702;115.696312;101.762085;103.094223;104.302101;105.397919,npp_d20151003_t1731466_e1737270_b20378,155.246,110.26,7.53836,96.5024,58.2599,65.024
1172,VBD_npp_d20151003_t1732314_x1187689E_y047762N_l0406_s1905_v23,2017-06-01 16:11:27,4.776179,118.768890,14.5347,2015-10-03 17:32:31,2015-10-04 01:32:31,406,1905,0.44787,1,2529,0.651673,0.160341,0.872566,0.4,0.879659,0.75,0.020505,0.0001,1.59868e-05,999999,1.561450e-01,3,Malaysian Exclusive Economic Zone,,,SVDNB_npp_d20151003_t1731466_e1737270_b20378_c20151003233728467558_noaa_ops.h5,GDNBO_npp_d20151003_t1731466_e1737270_b20378_c20151003233728467298_noaa_ops.h5,SVI04_npp_d20151003_t1731466_e1737270_b20378_c20151003233728541959_noaa_ops.dspace_rad,VNFF_npp_d20151003_t1731466_e1737270_b20378_v21.csv,World_EEZ_v8_2014.shp,WPP_BFAR_merge.shp,KKP_IDN_merge_20161208.shp,VNF-VBD_npp_20120301-20151231_global_asia-enhanced_c201607211230.bitmask,NCEI_NGA.union.nga_lead2.add_2015ntl.mask,timezone.shp,VBD_platforms-recurring_2015_r20170330.shp,999999,VBD_bridges_c20160811.shp,9.202956;7.293124;4.987635;0.117751;-4.766567;-9.662423;-14.566307;-12.781590;-10.252750;-5.421471;-0.565886;4.309883,106.389061;120.204430;133.795395;132.636734;131.583801;130.626740;129.763702;115.696312;101.762085;103.094223;104.302101;105.397919,npp_d20151003_t1731466_e1737270_b20378,155.422,89.2568,7.47251,99.438,53.2731,70.7948
1173,VBD_npp_d20151003_t1733177_x1181572E_y020159N_l0828_s1905_v23,2017-06-01 16:11:27,2.015901,118.157219,4.45951,2015-10-03 17:33:17,2015-10-04 01:33:17,828,1905,0.449364,1,2529,0.326309,0.191636,0.807964,0.4,0.894083,0.75,0.0195913,0.0001,1.01133e-05,999999,-9.963798e-02,3,Indonesian Exclusive Economic Zone,WPP716,,SVDNB_npp_d20151003_t1731466_e1737270_b20378_c20151003233728467558_noaa_ops.h5,GDNBO_npp_d20151003_t1731466_e1737270_b20378_c20151003233728467298_noaa_ops.h5,SVI04_npp_d20151003_t1731466_e1737270_b20378_c20151003233728541959_noaa_ops.dspace_rad,VNFF_npp_d20151003_t1731466_e1737270_b20378_v21.csv,World_EEZ_v8_2014.shp,WPP_BFAR_merge.shp,KKP_IDN_merge_20161208.shp,VNF-VBD_npp_20120301-20151231_global_asia-enhanced_c201607211230.bitmask,NCEI_NGA.union.nga_lead2.add_2015ntl.mask,timezone.shp,VBD_platforms-recurring_2015_r20170330.shp,999999,VBD_bridges_c20160811.shp,9.202956;7.293124;4.987635;0.117751;-4.766567;-9.662423;-14.566307;-12.781590;-10.252750;-5.421471;-0.565886;4.309883,106.389061;120.204430;133.795395;132.636734;131.583801;130.626740;129.763702;115.696312;101.762085;103.094223;104.302101;105.397919,npp_d20151003_t1731466_e1737270_b20378,155.73,95.3466,7.47446,96.8046,54.6362,68.9386
1174,VBD_npp_d20151003_t1733194_x1181313E_y018979N_l0846_s1905_v23,2017-06-01 16:11:27,1.897860,118.131294,4.1857,2015-10-03 17:33:19,2015-10-04 01:33:19,846,1905,0.453703,1,2529,0.322376,0.180179,0.792586,0.4,0.864882,0.75,0.0195742,0.0001,9.74681e-06,999999,-5.997302e-03,3,Indonesian Exclusive Economic Zone,WPP716,,SVDNB_npp_d20151003_t1731466_e1737270_b20378_c20151003233728467558_noaa_ops.h5,GDNBO_npp_d20151003_t1731466_e1737270_b20378_c20151003233728467298_noaa_ops.h5,SVI04_npp_d20151003_t1731466_e1737270_b20378_c20151003233728541959_noaa_ops.dspace_rad,VNFF_npp_d20151003_t1731466_e1737270_b20378_v21.csv,World_EEZ_v8_2014.shp,WPP_BFAR_merge.shp,KKP_IDN_merge_20161208.shp,VNF-VBD_npp_20120301-20151231_global_asia-enhanced_c201607211230.bitmask,NCEI_NGA.union.nga_lead2.add_2015ntl.mask,timezone.shp,VBD_platforms-recurring_2015_r20170330.shp,999999,VBD_bridges_c20160811.shp,9.202956;7.293124;4.987635;0.117751;-4.766567;-9.662423;-14.566307;-12.781590;-10.252750;-5.421471;-0.565886;4.309883,106.389061;120.204430;133.795395;132.636734;131.583801;130.626740;129.763702;115.696312;101.762085;103.094223;104.302101;105.397919,npp_d20151003_t1731466_e1737270_b20378,155.737,95.6106,7.48414,95.9077,54.6968,68.8626
1175,VBD_npp_d20151003_t1734057_x1175226E_y008356S_l1264_s1905_v23,2017-06-01 16:11:27,-0.835595,117.522598,27.0501,2015-10-03 17:34:05,2015-10-04 01:34:05,1264,1905,0.480021,4,117221,0.86238,0.167688,0.822645,0.4,0.958657,0.75,0.0186251,0.0001,6.05474e-06,999999,9.609197e-02,3,Indonesian Exclusive Economic Zone,WPP713,,SVDNB_npp_d20151003_t1731466_e1737270_b20378_c20151003233728467558_noaa_ops.h5,GDNBO_npp_d20151003_t1731466_e1737270_b20378_c20151003233728467298_noaa_ops.h5,SVI04_npp_d20151003_t1731466_e1737270_b20378_c20151003233728541959_noaa_ops.dspace_rad,VNFF_npp_d20151003_t1731466_e1737270_b20378_v21.csv,World_EEZ_v8_2014.shp,WPP_BFAR_merge.shp,KKP_IDN_merge_20161208.shp,VNF-VBD_npp_20120301-20151231_global_asia-enhanced_c201607211230.bitmask,NCEI_NGA.union.nga_lead2.add_2015ntl.mask,timezone.shp,VBD_platforms-recurring_2015_r20170330.shp,0.34091,VBD_bridges_c20160811.shp,9.202956;7.293124;4.987635;0.117751;-4.766567;-9.662423;-14.566307;-12.781590;-10.252750;-5.421471;-0.565886;4.309883,106.389061;120.204430;133.795395;132.636734;131.583801;130.626740;129.763702;115.696312;101.762085;103.094223;104.302101;105.397919,npp_d20151003_t1731466_e1737270_b20378,155.736,101.745,7.49163,95.0544,56.1261,67.1709
1176,VBD_npp_d20151003_t1735258_x1164764E_y054749S_l1974_s1905_v23,2017-06-01 16:11:27,-5.474876,116.476402,2.53377,2015-10-03 17:35:25,2015-10-04 01:35:25,1974,1905,0.401777,8,18913,0.205291,0.141093,0.766531,0.4,0.7687,0.75,0.0170521,0.0001,2.77777e-06,999999,-4.164738e-02,3,Indonesian Exclusive Economic Zone,WPP713,,SVDNB_npp_d20151003_t1731466_e1737270_b20378_c20151003233728467558_noaa_ops.h5,GDNBO_npp_d20151003_t1731466_e1737270_b20378_c20151003233728467298_noaa_ops.h5,SVI04_npp_d20151003_t1731466_e1737270_b20378_c20151003233728541959_noaa_ops.dspace_rad,VNFF_npp_d20151003_t1731466_e1737270_b20378_v21.csv,World_EEZ_v8_2014.shp,WPP_BFAR_merge.shp,KKP_IDN_merge_20161208.shp,VNF-VBD_npp_20120301-20151231_global_asia-enhanced_c201607211230.bitmask,NCEI_NGA.union.nga_lead2.add_2015ntl.mask,timezone.shp,VBD_platforms-recurring_2015_r20170330.shp,0.155803,VBD_bridges_c20160811.shp,9.202956;7.293124;4.987635;0.117751;-4.766567;-9.662423;-14.566307;-12.781590;-10.252750;-5.421471;-0.565886;4.309883,106.389061;120.204430;133.795395;132.636734;131.583801;130.626740;129.763702;115.696312;101.762085;103.094223;104.302101;105.397919,npp_d20151003_t1731466_e1737270_b20378,155.069,111.953,7.47547,99.6069,58.7065,64.613
1177,VBD_npp_d20151003_t1732314_x1187797E_y048017N_l0402_s1906_v23,2017-06-01 16:11:27,4.801704,118.779709,9.92409,2015-10-03 17:32:31,2015-10-04 01:32:31,402,1906,0.443887,1,2529,0.540377,0.19873,0.872977,0.4,0.919118,0.75,0.0205176,0.0001,1.68286e-05,999999,-1.576206e-01,3,Malaysian Exclusive Economic Zone,,,SVDNB_npp_d20151003_t1731466_e1737270_b20378_c20151003233728467558_noaa_ops.h5,GDNBO_npp_d20151003_t1731466_e1737270_b20378_c20151003233728467298_noaa_ops.h5,SVI04_npp_d20151003_t1731466_e1737270_b20378_c20151003233728541959_noaa_ops.dspace_rad,VNFF_npp_d20151003_t1731466_e1737270_b20378_v21.csv,World_EEZ_v8_2014.shp,WPP_BFAR_merge.shp,KKP_IDN_merge_20161208.shp,VNF-VBD_npp_20120301-20151231_global_asia-enhanced_c201607211230.bitmask,NCEI_NGA.union.nga_lead2.add_2015ntl.mask,timezone.shp,VBD_platforms-recurring_2015_r20170330.shp,999999,VBD_bridges_c20160811.shp,9.202956;7.293124;4.987635;0.117751;-4.766567;-9.662423;-14.566307;-12.781590;-10.252750;-5.421471;-0.565886;4.309883,106.389061;120.204430;133.795395;132.636734;131.583801;130.626740;129.763702;115.696312;101.762085;103.094223;104.302101;105.397919,npp_d20151003_t1731466_e1737270_b20378,155.411,89.2022,7.42055,101.232,53.2543,70.8115
1178,VBD_npp_d20151003_t1733177_x1181598E_y019883N_l0832_s1906_v23,2017-06-01 16:11:27,1.988281,118.159790,3.47245,2015-10-03 17:33:17,2015-10-04 01:33:17,832,1906,0.447443,1,2529,0.235219,0.211991,0.835262,0.4,0.839842,0.75,0.0195912,0.0001,9.93997e-06,999999,-2.660059e-01,3,Indonesian Exclusive Economic Zone,WPP716,,SVDNB_npp_d20151003_t1731466_e1737270_b20378_c20151003233728467558_noaa_ops.h5,GDNBO_npp_d20151003_t1731466_e1737270_b20378_c20151003233728467298_noaa_ops.h5,SVI04_npp_d20151003_t1731466_e1737270_b20378_c20151003233728541959_noaa_ops.dspace_rad,VNFF_npp_d20151003_t1731466_e1737270_b20378_v21.csv,World_EEZ_v8_2014.shp,WPP_BFAR_merge.shp,KKP_IDN_merge_20161208.shp,VNF-VBD_npp_20120301-20151231_global_asia-enhanced_c201607211230.bitmask,NCEI_NGA.union.nga_lead2.add_2015ntl.mask,timezone.shp,VBD_platforms-recurring_2015_r20170330.shp,999999,VBD_bridges_c20160811.shp,9.202956;7.293124;4.987635;0.117751;-4.766567;-9.662423;-14.566307;-12.781590;-10.252750;-5.421471;-0.565886;4.309883,106.389061;120.204430;133.795395;132.636734;131.583801;130.626740;129.763702;115.696312;101.762085;103.094223;104.302101;105.397919,npp_d20151003_t1731466_e1737270_b20378,155.725,95.4072,7.42831,95.0045,54.6438,68.9192
1179,VBD_npp_d20151003_t1733194_x1181462E_y019500N_l0838_s1906_v23,2017-06-01 16:11:27,1.949979,118.146225,7.36733,2015-10-03 17:33:19,2015-10-04 01:33:19,838,1906,0.449506,1,2529,0.458961,0.186089,0.839798,0.4,0.911671,0.75,0.0195855,0.0001,1.06941e-05,999999,-5.430151e-02,3,Indonesian Exclusive Economic Zone,WPP716,,SVDNB_npp_d20151003_t1731466_e1737270_b20378_c20151003233728467558_noaa_ops.h5,GDNBO_npp_d20151003_t1731466_e1737270_b20378_c20151003233728467298_noaa_ops.h5,SVI04_npp_d20151003_t1731466_e1737270_b20378_c20151003233728541959_noaa_ops.dspace_rad,VNFF_npp_d20151003_t1731466_e1737270_b20378_v21.csv,World_EEZ_v8_2014.shp,WPP_BFAR_merge.shp,KKP_IDN_merge_20161208.shp,VNF-VBD_npp_20120301-20151231_global_asia-enhanced_c201607211230.bitmask,NCEI_NGA.union.nga_lead2.add_2015ntl.mask,timezone.shp,VBD_platforms-recurring_2015_r20170330.shp,999999,VBD_bridges_c20160811.shp,9.202956;7.293124;4.987635;0.117751;-4.766567;-9.662423;-14.566307;-12.781590;-10.252750;-5.421471;-0.565886;4.309883,106.389061;120.204430;133.795395;132.636734;131.583801;130.626740;129.763702;115.696312;101.762085;103.094223;104.302101;105.397919,npp_d20151003_t1731466_e1737270_b20378,155.727,95.4928,7.41671,99.4569,54.6638,68.8946
1180,VBD_npp_d20151003_t1735098_x1166976E_y045219S_l1828_s1906_v23,2017-06-01 16:11:27,-4.521851,116.697556,4.70385,2015-10-03 17:35:09,2015-10-04 01:35:09,1828,1906,0.413798,1,2529,0.278588,0.148439,0.797256,0.4,0.791794,0.75,0.0173192,0.0001,3.49719e-06,999999,-1.201795e-01,3,Indonesian Exclusive Economic Zone,WPP713,,SVDNB_npp_d20151003_t1731466_e1737270_b20378_c20151003233728467558_noaa_ops.h5,GDNBO_npp_d20151003_t1731466_e1737270_b20378_c20151003233728467298_noaa_ops.h5,SVI04_npp_d20151003_t1731466_e1737270_b20378_c20151003233728541959_noaa_ops.dspace_rad,VNFF_npp_d20151003_t1731466_e1737270_b20378_v21.csv,World_EEZ_v8_2014.shp,WPP_BFAR_merge.shp,KKP_IDN_merge_20161208.shp,VNF-VBD_npp_20120301-20151231_global_asia-enhanced_c201607211230.bitmask,NCEI_NGA.union.nga_lead2.add_2015ntl.mask,timezone.shp,VBD_platforms-recurring_2015_r20170330.shp,999999,VBD_bridges_c20160811.shp,9.202956;7.293124;4.987635;0.117751;-4.766567;-9.662423;-14.566307;-12.781590;-10.252750;-5.421471;-0.565886;4.309883,106.389061;120.204430;133.795395;132.636734;131.583801;130.626740;129.763702;115.696312;101.762085;103.094223;104.302101;105.397919,npp_d20151003_t1731466_e1737270_b20378,155.266,109.897,7.41973,100.467,58.1554,65.1044
1181,VBD_npp_d20151003_t1733586_x1176351E_y003863S_l1195_s1907_v23,2017-06-01 16:11:27,-0.386273,117.635078,5.22463,2015-10-03 17:33:58,2015-10-04 01:33:58,1195,1907,0.457544,4,117221,0.344367,0.150285,0.733588,0.4,0.86438,0.75,0.018803,0.0001,7.1391e-06,999999,2.383333e-01,3,Indonesian Exclusive Economic Zone,WPP713,,SVDNB_npp_d20151003_t1731466_e1737270_b20378_c20151003233728467558_noaa_ops.h5,GDNBO_npp_d20151003_t1731466_e1737270_b20378_c20151003233728467298_noaa_ops.h5,SVI04_npp_d20151003_t1731466_e1737270_b20378_c20151003233728541959_noaa_ops.dspace_rad,VNFF_npp_d20151003_t1731466_e1737270_b20378_v21.csv,World_EEZ_v8_2014.shp,WPP_BFAR_merge.shp,KKP_IDN_merge_20161208.shp,VNF-VBD_npp_20120301-20151231_global_asia-enhanced_c201607211230.bitmask,NCEI_NGA.union.nga_lead2.add_2015ntl.mask,timezone.shp,VBD_platforms-recurring_2015_r20170330.shp,0.30191,VBD_bridges_c20160811.shp,9.202956;7.293124;4.987635;0.117751;-4.766567;-9.662423;-14.566307;-12.781590;-10.252750;-5.421471;-0.565886;4.309883,106.389061;120.204430;133.795395;132.636734;131.583801;130.626740;129.763702;115.696312;101.762085;103.094223;104.302101;105.397919,npp_d20151003_t1731466_e1737270_b20378,155.742,100.73,7.35793,97.2243,55.873,67.4356
1182,VBD_npp_d20151003_t1734093_x1174967E_y010004S_l1289_s1907_v23,2017-06-01 16:11:27,-1.000356,117.496696,443.439,2015-10-03 17:34:09,2015-10-04 01:34:09,1289,1907,0.532801,4,100845,1.51947,0.120073,0.859538,0.4,0.974642,0.75,0.0185707,0.0001,6.5311e-06,999999,4.852680e-01,3,Indonesian Exclusive Economic Zone,WPP713,,SVDNB_npp_d20151003_t1731466_e1737270_b20378_c20151003233728467558_noaa_ops.h5,GDNBO_npp_d20151003_t1731466_e1737270_b20378_c20151003233728467298_noaa_ops.h5,SVI04_npp_d20151003_t1731466_e1737270_b20378_c20151003233728541959_noaa_ops.dspace_rad,VNFF_npp_d20151003_t1731466_e1737270_b20378_v21.csv,World_EEZ_v8_2014.shp,WPP_BFAR_merge.shp,KKP_IDN_merge_20161208.shp,VNF-VBD_npp_20120301-20151231_global_asia-enhanced_c201607211230.bitmask,NCEI_NGA.union.nga_lead2.add_2015ntl.mask,timezone.shp,VBD_platforms-recurring_2015_r20170330.shp,999999,VBD_bridges_c20160811.shp,9.202956;7.293124;4.987635;0.117751;-4.766567;-9.662423;-14.566307;-12.781590;-10.252750;-5.421471;-0.565886;4.309883,106.389061;120.204430;133.795395;132.636734;131.583801;130.626740;129.763702;115.696312;101.762085;103.094223;104.302101;105.397919,npp_d20151003_t1731466_e1737270_b20378,155.712,102.108,7.35777,98.1502,56.2015,67.0694
1183,VBD_npp_d20151003_t1735133_x1166563E_y047388S_l1861_s1907_v23,2017-06-01 16:11:27,-4.738798,116.656326,16.0083,2015-10-03 17:35:13,2015-10-04 01:35:13,1861,1907,0.377024,8,18913,0.57787,0.144047,0.817136,0.4,0.816117,0.75,0.0172357,0.0001,3.39284e-06,999999,-7.322123e-02,3,Indonesian Exclusive Economic Zone,WPP713,,SVDNB_npp_d20151003_t1731466_e1737270_b20378_c20151003233728467558_noaa_ops.h5,GDNBO_npp_d20151003_t1731466_e1737270_b20378_c20151003233728467298_noaa_ops.h5,SVI04_npp_d20151003_t1731466_e1737270_b20378_c20151003233728541959_noaa_ops.dspace_rad,VNFF_npp_d20151003_t1731466_e1737270_b20378_v21.csv,World_EEZ_v8_2014.shp,WPP_BFAR_merge.shp,KKP_IDN_merge_20161208.shp,VNF-VBD_npp_20120301-20151231_global_asia-enhanced_c201607211230.bitmask,NCEI_NGA.union.nga_lead2.add_2015ntl.mask,timezone.shp,VBD_platforms-recurring_2015_r20170330.shp,0.279408,VBD_bridges_c20160811.shp,9.202956;7.293124;4.987635;0.117751;-4.766567;-9.662423;-14.566307;-12.781590;-10.252750;-5.421471;-0.565886;4.309883,106.389061;120.204430;133.795395;132.636734;131.583801;130.626740;129.763702;115.696312;101.762085;103.094223;104.302101;105.397919,npp_d20151003_t1731466_e1737270_b20378,155.216,110.361,7.35826,100.03,58.2723,64.988
1184,VBD_npp_d20151003_t1732296_x1188065E_y048376N_l0396_s1908_v23,2017-06-01 16:11:27,4.837582,118.806480,4.88591,2015-10-03 17:32:29,2015-10-04 01:32:29,396,1908,0.448581,1,2529,0.364175,0.159589,0.867074,0.4,0.878759,0.75,0.0205363,0.0001,1.63708e-05,999999,1.622941e-01,3,Malaysian Exclusive Economic Zone,,,SVDNB_npp_d20151003_t1731466_e1737270_b20378_c20151003233728467558_noaa_ops.h5,GDNBO_npp_d20151003_t1731466_e1737270_b20378_c20151003233728467298_noaa_ops.h5,SVI04_npp_d20151003_t1731466_e1737270_b20378_c20151003233728541959_noaa_ops.dspace_rad,VNFF_npp_d20151003_t1731466_e1737270_b20378_v21.csv,World_EEZ_v8_2014.shp,WPP_BFAR_merge.shp,KKP_IDN_merge_20161208.shp,VNF-VBD_npp_20120301-20151231_global_asia-enhanced_c201607211230.bitmask,NCEI_NGA.union.nga_lead2.add_2015ntl.mask,timezone.shp,VBD_platforms-recurring_2015_r20170330.shp,999999,VBD_bridges_c20160811.shp,9.202956;7.293124;4.987635;0.117751;-4.766567;-9.662423;-14.566307;-12.781590;-10.252750;-5.421471;-0.565886;4.309883,106.389061;120.204430;133.795395;132.636734;131.583801;130.626740;129.763702;115.696312;101.762085;103.094223;104.302101;105.397919,npp_d20151003_t1731466_e1737270_b20378,155.392,89.1261,7.29979,96.721,53.2238,70.8342
1185,VBD_npp_d20151003_t1732296_x1188024E_y048110N_l0400_s1908_v23,2017-06-01 16:11:27,4.811020,118.802361,3.90176,2015-10-03 17:32:29,2015-10-04 01:32:29,400,1908,0.450787,1,2529,0.302413,0.204498,0.871211,0.4,0.88872,0.75,0.0205294,0.0001,1.58347e-05,999999,-2.047684e-01,3,Malaysian Exclusive Economic Zone,,,SVDNB_npp_d20151003_t1731466_e1737270_b20378_c20151003233728467558_noaa_ops.h5,GDNBO_npp_d20151003_t1731466_e1737270_b20378_c20151003233728467298_noaa_ops.h5,SVI04_npp_d20151003_t1731466_e1737270_b20378_c20151003233728541959_noaa_ops.dspace_rad,VNFF_npp_d20151003_t1731466_e1737270_b20378_v21.csv,World_EEZ_v8_2014.shp,WPP_BFAR_merge.shp,KKP_IDN_merge_20161208.shp,VNF-VBD_npp_20120301-20151231_global_asia-enhanced_c201607211230.bitmask,NCEI_NGA.union.nga_lead2.add_2015ntl.mask,timezone.shp,VBD_platforms-recurring_2015_r20170330.shp,999999,VBD_bridges_c20160811.shp,9.202956;7.293124;4.987635;0.117751;-4.766567;-9.662423;-14.566307;-12.781590;-10.252750;-5.421471;-0.565886;4.309883,106.389061;120.204430;133.795395;132.636734;131.583801;130.626740;129.763702;115.696312;101.762085;103.094223;104.302101;105.397919,npp_d20151003_t1731466_e1737270_b20378,155.396,89.1836,7.31191,94.907,53.2365,70.8157
1186,VBD_npp_d20151003_t1733177_x1181742E_y019928N_l0831_s1908_v23,2017-06-01 16:11:27,1.992849,118.174202,5.06527,2015-10-03 17:33:17,2015-10-04 01:33:17,831,1908,0.449364,1,2529,0.350985,0.21166,0.831974,0.4,0.893714,0.75,0.0195995,0.0001,1.0434e-05,999999,-2.633035e-01,3,Indonesian Exclusive Economic Zone,WPP716,,SVDNB_npp_d20151003_t1731466_e1737270_b20378_c20151003233728467558_noaa_ops.h5,GDNBO_npp_d20151003_t1731466_e1737270_b20378_c20151003233728467298_noaa_ops.h5,SVI04_npp_d20151003_t1731466_e1737270_b20378_c20151003233728541959_noaa_ops.dspace_rad,VNFF_npp_d20151003_t1731466_e1737270_b20378_v21.csv,World_EEZ_v8_2014.shp,WPP_BFAR_merge.shp,KKP_IDN_merge_20161208.shp,VNF-VBD_npp_20120301-20151231_global_asia-enhanced_c201607211230.bitmask,NCEI_NGA.union.nga_lead2.add_2015ntl.mask,timezone.shp,VBD_platforms-recurring_2015_r20170330.shp,999999,VBD_bridges_c20160811.shp,9.202956;7.293124;4.987635;0.117751;-4.766567;-9.662423;-14.566307;-12.781590;-10.252750;-5.421471;-0.565886;4.309883,106.389061;120.204430;133.795395;132.636734;131.583801;130.626740;129.763702;115.696312;101.762085;103.094223;104.302101;105.397919,npp_d20151003_t1731466_e1737270_b20378,155.711,95.3946,7.30885,95.4001,54.6286,68.919
1187,VBD_npp_d20151003_t1733194_x1181637E_y019745N_l0834_s1908_v23,2017-06-01 16:11:27,1.974460,118.163719,2.95297,2015-10-03 17:33:19,2015-10-04 01:33:19,834,1908,0.446519,2,2209,0.210373,0.187907,0.831974,0.4,0.634652,0.75,0.0195967,0.0001,1.15265e-05,999999,-6.916393e-02,3,Indonesian Exclusive Economic Zone,WPP716,,SVDNB_npp_d20151003_t1731466_e1737270_b20378_c20151003233728467558_noaa_ops.h5,GDNBO_npp_d20151003_t1731466_e1737270_b20378_c20151003233728467298_noaa_ops.h5,SVI04_npp_d20151003_t1731466_e1737270_b20378_c20151003233728541959_noaa_ops.dspace_rad,VNFF_npp_d20151003_t1731466_e1737270_b20378_v21.csv,World_EEZ_v8_2014.shp,WPP_BFAR_merge.shp,KKP_IDN_merge_20161208.shp,VNF-VBD_npp_20120301-20151231_global_asia-enhanced_c201607211230.bitmask,NCEI_NGA.union.nga_lead2.add_2015ntl.mask,timezone.shp,VBD_platforms-recurring_2015_r20170330.shp,999999,VBD_bridges_c20160811.shp,9.202956;7.293124;4.987635;0.117751;-4.766567;-9.662423;-14.566307;-12.781590;-10.252750;-5.421471;-0.565886;4.309883,106.389061;120.204430;133.795395;132.636734;131.583801;130.626740;129.763702;115.696312;101.762085;103.094223;104.302101;105.397919,npp_d20151003_t1731466_e1737270_b20378,155.712,95.4357,7.30678,101.284,54.6384,68.9073
1188,VBD_npp_d20151003_t1733586_x1176438E_y003740S_l1193_s1908_v23,2017-06-01 16:11:27,-0.374027,117.643822,2.34855,2015-10-03 17:33:58,2015-10-04 01:33:58,1193,1908,0.448155,7,116897,0.161239,0.141471,0.748239,0.4,0.733479,0.75,0.0188116,0.0001,7.42937e-06,999999,3.103763e-01,3,,,,SVDNB_npp_d20151003_t1731466_e1737270_b20378_c20151003233728467558_noaa_ops.h5,GDNBO_npp_d20151003_t1731466_e1737270_b20378_c20151003233728467298_noaa_ops.h5,SVI04_npp_d20151003_t1731466_e1737270_b20378_c20151003233728541959_noaa_ops.dspace_rad,VNFF_npp_d20151003_t1731466_e1737270_b20378_v21.csv,World_EEZ_v8_2014.shp,WPP_BFAR_merge.shp,KKP_IDN_merge_20161208.shp,VNF-VBD_npp_20120301-20151231_global_asia-enhanced_c201607211230.bitmask,NCEI_NGA.union.nga_lead2.add_2015ntl.mask,timezone.shp,VBD_platforms-recurring_2015_r20170330.shp,0.419679,VBD_bridges_c20160811.shp,9.202956;7.293124;4.987635;0.117751;-4.766567;-9.662423;-14.566307;-12.781590;-10.252750;-5.421471;-0.565886;4.309883,106.389061;120.204430;133.795395;132.636734;131.583801;130.626740;129.763702;115.696312;101.762085;103.094223;104.302101;105.397919,npp_d20151003_t1731466_e1737270_b20378,155.736,100.7,7.29751,98.1194,55.8601,67.4411
1189,VBD_npp_d20151003_t1734075_x1175299E_y008767S_l1270_s1908_v23,2017-06-01 16:11:27,-0.876693,117.529892,2.32033,2015-10-03 17:34:07,2015-10-04 01:34:07,1270,1908,0.455695,7,18593,0.16039,0.151202,0.809998,0.4,0.731287,0.75,0.0186213,0.0001,6.99508e-06,999999,2.308426e-01,3,,,,SVDNB_npp_d20151003_t1731466_e1737270_b20378_c20151003233728467558_noaa_ops.h5,GDNBO_npp_d20151003_t1731466_e1737270_b20378_c20151003233728467298_noaa_ops.h5,SVI04_npp_d20151003_t1731466_e1737270_b20378_c20151003233728541959_noaa_ops.dspace_rad,VNFF_npp_d20151003_t1731466_e1737270_b20378_v21.csv,World_EEZ_v8_2014.shp,WPP_BFAR_merge.shp,KKP_IDN_merge_20161208.shp,VNF-VBD_npp_20120301-20151231_global_asia-enhanced_c201607211230.bitmask,NCEI_NGA.union.nga_lead2.add_2015ntl.mask,timezone.shp,VBD_platforms-recurring_2015_r20170330.shp,0.286717,VBD_bridges_c20160811.shp,9.202956;7.293124;4.987635;0.117751;-4.766567;-9.662423;-14.566307;-12.781590;-10.252750;-5.421471;-0.565886;4.309883,106.389061;120.204430;133.795395;132.636734;131.583801;130.626740;129.763702;115.696312;101.762085;103.094223;104.302101;105.397919,npp_d20151003_t1731466_e1737270_b20378,155.713,101.827,7.29949,99.5157,56.1287,67.1406
1190,VBD_npp_d20151003_t1734093_x1174961E_y010479S_l1296_s1908_v23,2017-06-01 16:11:27,-1.047930,117.496140,3.36125,2015-10-03 17:34:09,2015-10-04 01:34:09,1296,1908,0.435422,1,35041,0.21342,0.184647,0.808607,0.4,0.805809,0.75,0.0185569,0.0001,6.20562e-06,999999,-4.251459e-02,3,Indonesian Exclusive Economic Zone,WPP713,,SVDNB_npp_d20151003_t1731466_e1737270_b20378_c20151003233728467558_noaa_ops.h5,GDNBO_npp_d20151003_t1731466_e1737270_b20378_c20151003233728467298_noaa_ops.h5,SVI04_npp_d20151003_t1731466_e1737270_b20378_c20151003233728541959_noaa_ops.dspace_rad,VNFF_npp_d20151003_t1731466_e1737270_b20378_v21.csv,World_EEZ_v8_2014.shp,WPP_BFAR_merge.shp,KKP_IDN_merge_20161208.shp,VNF-VBD_npp_20120301-20151231_global_asia-enhanced_c201607211230.bitmask,NCEI_NGA.union.nga_lead2.add_2015ntl.mask,timezone.shp,VBD_platforms-recurring_2015_r20170330.shp,999999,VBD_bridges_c20160811.shp,9.202956;7.293124;4.987635;0.117751;-4.766567;-9.662423;-14.566307;-12.781590;-10.252750;-5.421471;-0.565886;4.309883,106.389061;120.204430;133.795395;132.636734;131.583801;130.626740;129.763702;115.696312;101.762085;103.094223;104.302101;105.397919,npp_d20151003_t1731466_e1737270_b20378,155.703,102.211,7.31613,94.9725,56.2207,67.0394
1191,VBD_npp_d20151003_t1735044_x1167726E_y042700S_l1789_s1908_v23,2017-06-01 16:11:27,-4.269972,116.772591,2.99955,2015-10-03 17:35:04,2015-10-04 01:35:04,1789,1908,0.416928,1,2529,0.232188,0.135792,0.679643,0.4,0.822296,0.75,0.0174294,0.0001,3.50969e-06,999999,1.502080e-02,3,Indonesian Exclusive Economic Zone,WPP713,,SVDNB_npp_d20151003_t1731466_e1737270_b20378_c20151003233728467558_noaa_ops.h5,GDNBO_npp_d20151003_t1731466_e1737270_b20378_c20151003233728467298_noaa_ops.h5,SVI04_npp_d20151003_t1731466_e1737270_b20378_c20151003233728541959_noaa_ops.dspace_rad,VNFF_npp_d20151003_t1731466_e1737270_b20378_v21.csv,World_EEZ_v8_2014.shp,WPP_BFAR_merge.shp,KKP_IDN_merge_20161208.shp,VNF-VBD_npp_20120301-20151231_global_asia-enhanced_c201607211230.bitmask,NCEI_NGA.union.nga_lead2.add_2015ntl.mask,timezone.shp,VBD_platforms-recurring_2015_r20170330.shp,999999,VBD_bridges_c20160811.shp,9.202956;7.293124;4.987635;0.117751;-4.766567;-9.662423;-14.566307;-12.781590;-10.252750;-5.421471;-0.565886;4.309883,106.389061;120.204430;133.795395;132.636734;131.583801;130.626740;129.763702;115.696312;101.762085;103.094223;104.302101;105.397919,npp_d20151003_t1731466_e1737270_b20378,155.301,109.339,7.30544,96.4173,57.9997,65.2328
1192,VBD_npp_d20151003_t1733390_x1179041E_y007563N_l1020_s1909_v23,2017-06-01 16:11:27,0.756335,117.904091,2.70953,2015-10-03 17:33:39,2015-10-04 01:33:39,1020,1909,0.436418,1,2273,0.215337,0.197849,0.632013,0.4,0.841951,0.75,0.0192393,0.0001,8.9323e-06,999999,-1.504251e-01,3,Indonesian Exclusive Economic Zone,WPP713,,SVDNB_npp_d20151003_t1731466_e1737270_b20378_c20151003233728467558_noaa_ops.h5,GDNBO_npp_d20151003_t1731466_e1737270_b20378_c20151003233728467298_noaa_ops.h5,SVI04_npp_d20151003_t1731466_e1737270_b20378_c20151003233728541959_noaa_ops.dspace_rad,VNFF_npp_d20151003_t1731466_e1737270_b20378_v21.csv,World_EEZ_v8_2014.shp,WPP_BFAR_merge.shp,KKP_IDN_merge_20161208.shp,VNF-VBD_npp_20120301-20151231_global_asia-enhanced_c201607211230.bitmask,NCEI_NGA.union.nga_lead2.add_2015ntl.mask,timezone.shp,VBD_platforms-recurring_2015_r20170330.shp,999999,VBD_bridges_c20160811.shp,9.202956;7.293124;4.987635;0.117751;-4.766567;-9.662423;-14.566307;-12.781590;-10.252750;-5.421471;-0.565886;4.309883,106.389061;120.204430;133.795395;132.636734;131.583801;130.626740;129.763702;115.696312;101.762085;103.094223;104.302101;105.397919,npp_d20151003_t1731466_e1737270_b20378,155.745,98.1611,7.24418,96.7648,55.2588,68.1322
1193,VBD_npp_d20151003_t1734093_x1175132E_y009825S_l1286_s1909_v23,2017-06-01 16:11:27,-0.982515,117.513176,3.20594,2015-10-03 17:34:09,2015-10-04 01:34:09,1286,1909,0.444242,7,116897,0.150655,0.122127,0.837129,0.4,0.463677,0.75,0.0185854,0.0001,7.00764e-06,999999,4.684796e-01,3,,,,SVDNB_npp_d20151003_t1731466_e1737270_b20378_c20151003233728467558_noaa_ops.h5,GDNBO_npp_d20151003_t1731466_e1737270_b20378_c20151003233728467298_noaa_ops.h5,SVI04_npp_d20151003_t1731466_e1737270_b20378_c20151003233728541959_noaa_ops.dspace_rad,VNFF_npp_d20151003_t1731466_e1737270_b20378_v21.csv,World_EEZ_v8_2014.shp,WPP_BFAR_merge.shp,KKP_IDN_merge_20161208.shp,VNF-VBD_npp_20120301-20151231_global_asia-enhanced_c201607211230.bitmask,NCEI_NGA.union.nga_lead2.add_2015ntl.mask,timezone.shp,VBD_platforms-recurring_2015_r20170330.shp,0.546012,VBD_bridges_c20160811.shp,9.202956;7.293124;4.987635;0.117751;-4.766567;-9.662423;-14.566307;-12.781590;-10.252750;-5.421471;-0.565886;4.309883,106.389061;120.204430;133.795395;132.636734;131.583801;130.626740;129.763702;115.696312;101.762085;103.094223;104.302101;105.397919,npp_d20151003_t1731466_e1737270_b20378,155.7,102.061,7.24157,99.512,56.1792,67.076
1194,VBD_npp_d20151003_t1735258_x1165044E_y054725S_l1973_s1909_v23,2017-06-01 16:11:27,-5.472485,116.504356,13.5597,2015-10-03 17:35:25,2015-10-04 01:35:25,1973,1909,0.40256,8,18913,0.560188,0.123727,0.805842,0.4,0.865778,0.75,0.0170678,0.0001,3.0607e-06,999999,1.439998e-01,3,Indonesian Exclusive Economic Zone,WPP713,,SVDNB_npp_d20151003_t1731466_e1737270_b20378_c20151003233728467558_noaa_ops.h5,GDNBO_npp_d20151003_t1731466_e1737270_b20378_c20151003233728467298_noaa_ops.h5,SVI04_npp_d20151003_t1731466_e1737270_b20378_c20151003233728541959_noaa_ops.dspace_rad,VNFF_npp_d20151003_t1731466_e1737270_b20378_v21.csv,World_EEZ_v8_2014.shp,WPP_BFAR_merge.shp,KKP_IDN_merge_20161208.shp,VNF-VBD_npp_20120301-20151231_global_asia-enhanced_c201607211230.bitmask,NCEI_NGA.union.nga_lead2.add_2015ntl.mask,timezone.shp,VBD_platforms-recurring_2015_r20170330.shp,0.184756,VBD_bridges_c20160811.shp,9.202956;7.293124;4.987635;0.117751;-4.766567;-9.662423;-14.566307;-12.781590;-10.252750;-5.421471;-0.565886;4.309883,106.389061;120.204430;133.795395;132.636734;131.583801;130.626740;129.763702;115.696312;101.762085;103.094223;104.302101;105.397919,npp_d20151003_t1731466_e1737270_b20378,155.044,111.923,7.24423,100.086,58.6802,64.6042
1195,VBD_npp_d20151003_t1735115_x1166917E_y046903S_l1853_s1910_v23,2017-06-01 16:11:27,-4.690333,116.691650,32.1813,2015-10-03 17:35:11,2015-10-04 01:35:11,1853,1910,0.415008,1,2529,0.849387,0.137536,0.87381,0.4,0.932723,0.75,0.0172677,0.0001,3.36997e-06,999999,-3.621412e-03,3,Indonesian Exclusive Economic Zone,WPP713,,SVDNB_npp_d20151003_t1731466_e1737270_b20378_c20151003233728467558_noaa_ops.h5,GDNBO_npp_d20151003_t1731466_e1737270_b20378_c20151003233728467298_noaa_ops.h5,SVI04_npp_d20151003_t1731466_e1737270_b20378_c20151003233728541959_noaa_ops.dspace_rad,VNFF_npp_d20151003_t1731466_e1737270_b20378_v21.csv,World_EEZ_v8_2014.shp,WPP_BFAR_merge.shp,KKP_IDN_merge_20161208.shp,VNF-VBD_npp_20120301-20151231_global_asia-enhanced_c201607211230.bitmask,NCEI_NGA.union.nga_lead2.add_2015ntl.mask,timezone.shp,VBD_platforms-recurring_2015_r20170330.shp,999999,VBD_bridges_c20160811.shp,9.202956;7.293124;4.987635;0.117751;-4.766567;-9.662423;-14.566307;-12.781590;-10.252750;-5.421471;-0.565886;4.309883,106.389061;120.204430;133.795395;132.636734;131.583801;130.626740;129.763702;115.696312;101.762085;103.094223;104.302101;105.397919,npp_d20151003_t1731466_e1737270_b20378,155.207,110.239,7.19056,96.3876,58.2259,65.0062
1196,VBD_npp_d20151003_t1733230_x1181344E_y017420N_l0869_s1911_v23,2017-06-01 16:11:27,1.742015,118.134392,4.57318,2015-10-03 17:33:23,2015-10-04 01:33:23,869,1911,0.444242,1,2529,0.323799,0.226443,0.675825,0.4,0.891875,0.75,0.0195744,0.0001,1.15256e-05,999999,-3.841339e-01,3,Indonesian Exclusive Economic Zone,WPP716,,SVDNB_npp_d20151003_t1731466_e1737270_b20378_c20151003233728467558_noaa_ops.h5,GDNBO_npp_d20151003_t1731466_e1737270_b20378_c20151003233728467298_noaa_ops.h5,SVI04_npp_d20151003_t1731466_e1737270_b20378_c20151003233728541959_noaa_ops.dspace_rad,VNFF_npp_d20151003_t1731466_e1737270_b20378_v21.csv,World_EEZ_v8_2014.shp,WPP_BFAR_merge.shp,KKP_IDN_merge_20161208.shp,VNF-VBD_npp_20120301-20151231_global_asia-enhanced_c201607211230.bitmask,NCEI_NGA.union.nga_lead2.add_2015ntl.mask,timezone.shp,VBD_platforms-recurring_2015_r20170330.shp,999999,VBD_bridges_c20160811.shp,9.202956;7.293124;4.987635;0.117751;-4.766567;-9.662423;-14.566307;-12.781590;-10.252750;-5.421471;-0.565886;4.309883,106.389061;120.204430;133.795395;132.636734;131.583801;130.626740;129.763702;115.696312;101.762085;103.094223;104.302101;105.397919,npp_d20151003_t1731466_e1737270_b20378,155.704,95.9509,7.12467,99.9509,54.7373,68.7527
1197,VBD_npp_d20151003_t1733568_x1176887E_y002657S_l1176_s1911_v23,2017-06-01 16:11:27,-0.265702,117.688652,3.786,2015-10-03 17:33:56,2015-10-04 01:33:56,1176,1911,0.430443,1,2529,0.255953,0.180046,0.736641,0.4,0.83557,0.75,0.0188641,0.0001,8.12232e-06,999999,-4.910078e-03,3,Indonesian Exclusive Economic Zone,WPP713,,SVDNB_npp_d20151003_t1731466_e1737270_b20378_c20151003233728467558_noaa_ops.h5,GDNBO_npp_d20151003_t1731466_e1737270_b20378_c20151003233728467298_noaa_ops.h5,SVI04_npp_d20151003_t1731466_e1737270_b20378_c20151003233728541959_noaa_ops.dspace_rad,VNFF_npp_d20151003_t1731466_e1737270_b20378_v21.csv,World_EEZ_v8_2014.shp,WPP_BFAR_merge.shp,KKP_IDN_merge_20161208.shp,VNF-VBD_npp_20120301-20151231_global_asia-enhanced_c201607211230.bitmask,NCEI_NGA.union.nga_lead2.add_2015ntl.mask,timezone.shp,VBD_platforms-recurring_2015_r20170330.shp,999999,VBD_bridges_c20160811.shp,9.202956;7.293124;4.987635;0.117751;-4.766567;-9.662423;-14.566307;-12.781590;-10.252750;-5.421471;-0.565886;4.309883,106.389061;120.204430;133.795395;132.636734;131.583801;130.626740;129.763702;115.696312;101.762085;103.094223;104.302101;105.397919,npp_d20151003_t1731466_e1737270_b20378,155.719,100.449,7.1192,98.5863,55.783,67.5007
1198,VBD_npp_d20151003_t1733568_x1176835E_y002989S_l1181_s1911_v23,2017-06-01 16:11:27,-0.298919,117.683487,4.03506,2015-10-03 17:33:56,2015-10-04 01:33:56,1181,1911,0.433502,1,2529,0.241421,0.171989,0.734336,0.4,0.765568,0.75,0.0188519,0.0001,7.73185e-06,999999,6.094487e-02,3,Indonesian Exclusive Economic Zone,WPP713,,SVDNB_npp_d20151003_t1731466_e1737270_b20378_c20151003233728467558_noaa_ops.h5,GDNBO_npp_d20151003_t1731466_e1737270_b20378_c20151003233728467298_noaa_ops.h5,SVI04_npp_d20151003_t1731466_e1737270_b20378_c20151003233728541959_noaa_ops.dspace_rad,VNFF_npp_d20151003_t1731466_e1737270_b20378_v21.csv,World_EEZ_v8_2014.shp,WPP_BFAR_merge.shp,KKP_IDN_merge_20161208.shp,VNF-VBD_npp_20120301-20151231_global_asia-enhanced_c201607211230.bitmask,NCEI_NGA.union.nga_lead2.add_2015ntl.mask,timezone.shp,VBD_platforms-recurring_2015_r20170330.shp,999999,VBD_bridges_c20160811.shp,9.202956;7.293124;4.987635;0.117751;-4.766567;-9.662423;-14.566307;-12.781590;-10.252750;-5.421471;-0.565886;4.309883,106.389061;120.204430;133.795395;132.636734;131.583801;130.626740;129.763702;115.696312;101.762085;103.094223;104.302101;105.397919,npp_d20151003_t1731466_e1737270_b20378,155.718,100.523,7.12649,96.2624,55.8006,67.4807
1199,VBD_npp_d20151003_t1735258_x1165178E_y054746S_l1973_s1911_v23,2017-06-01 16:11:27,-5.474612,116.517784,26.3372,2015-10-03 17:35:25,2015-10-04 01:35:25,1973,1911,0.404125,1,2529,0.785111,0.131203,0.806772,0.4,0.894527,0.75,0.017075,0.0001,3.19334e-06,999999,6.408544e-02,3,Indonesian Exclusive Economic Zone,WPP713,,SVDNB_npp_d20151003_t1731466_e1737270_b20378_c20151003233728467558_noaa_ops.h5,GDNBO_npp_d20151003_t1731466_e1737270_b20378_c20151003233728467298_noaa_ops.h5,SVI04_npp_d20151003_t1731466_e1737270_b20378_c20151003233728541959_noaa_ops.dspace_rad,VNFF_npp_d20151003_t1731466_e1737270_b20378_v21.csv,World_EEZ_v8_2014.shp,WPP_BFAR_merge.shp,KKP_IDN_merge_20161208.shp,VNF-VBD_npp_20120301-20151231_global_asia-enhanced_c201607211230.bitmask,NCEI_NGA.union.nga_lead2.add_2015ntl.mask,timezone.shp,VBD_platforms-recurring_2015_r20170330.shp,999999,VBD_bridges_c20160811.shp,9.202956;7.293124;4.987635;0.117751;-4.766567;-9.662423;-14.566307;-12.781590;-10.252750;-5.421471;-0.565886;4.309883,106.389061;120.204430;133.795395;132.636734;131.583801;130.626740;129.763702;115.696312;101.762085;103.094223;104.302101;105.397919,npp_d20151003_t1731466_e1737270_b20378,155.031,111.916,7.12825,100.104,58.6689,64.5981
1200,VBD_npp_d20151003_t1732296_x1188395E_y048733N_l0390_s1912_v23,2017-06-01 16:11:27,4.873256,118.839462,12.0261,2015-10-03 17:32:29,2015-10-04 01:32:29,390,1912,0.44723,1,2529,0.631536,0.194802,0.889713,0.4,0.957199,0.75,0.0205559,0.0001,1.85427e-05,999999,-1.255192e-01,3,Malaysian Exclusive Economic Zone,,,SVDNB_npp_d20151003_t1731466_e1737270_b20378_c20151003233728467558_noaa_ops.h5,GDNBO_npp_d20151003_t1731466_e1737270_b20378_c20151003233728467298_noaa_ops.h5,SVI04_npp_d20151003_t1731466_e1737270_b20378_c20151003233728541959_noaa_ops.dspace_rad,VNFF_npp_d20151003_t1731466_e1737270_b20378_v21.csv,World_EEZ_v8_2014.shp,WPP_BFAR_merge.shp,KKP_IDN_merge_20161208.shp,VNF-VBD_npp_20120301-20151231_global_asia-enhanced_c201607211230.bitmask,NCEI_NGA.union.nga_lead2.add_2015ntl.mask,timezone.shp,VBD_platforms-recurring_2015_r20170330.shp,999999,VBD_bridges_c20160811.shp,9.202956;7.293124;4.987635;0.117751;-4.766567;-9.662423;-14.566307;-12.781590;-10.252750;-5.421471;-0.565886;4.309883,106.389061;120.204430;133.795395;132.636734;131.583801;130.626740;129.763702;115.696312;101.762085;103.094223;104.302101;105.397919,npp_d20151003_t1731466_e1737270_b20378,155.358,89.0522,7.0633,99.4707,53.1806,70.8547
1201,VBD_npp_d20151003_t1733568_x1176912E_y002933S_l1180_s1912_v23,2017-06-01 16:11:27,-0.293319,117.691208,4.72366,2015-10-03 17:33:56,2015-10-04 01:33:56,1180,1912,0.433715,1,2529,0.270871,0.158781,0.734336,0.4,0.789325,0.75,0.018858,0.0001,7.96583e-06,999999,1.688970e-01,3,Indonesian Exclusive Economic Zone,WPP713,,SVDNB_npp_d20151003_t1731466_e1737270_b20378_c20151003233728467558_noaa_ops.h5,GDNBO_npp_d20151003_t1731466_e1737270_b20378_c20151003233728467298_noaa_ops.h5,SVI04_npp_d20151003_t1731466_e1737270_b20378_c20151003233728541959_noaa_ops.dspace_rad,VNFF_npp_d20151003_t1731466_e1737270_b20378_v21.csv,World_EEZ_v8_2014.shp,WPP_BFAR_merge.shp,KKP_IDN_merge_20161208.shp,VNF-VBD_npp_20120301-20151231_global_asia-enhanced_c201607211230.bitmask,NCEI_NGA.union.nga_lead2.add_2015ntl.mask,timezone.shp,VBD_platforms-recurring_2015_r20170330.shp,999999,VBD_bridges_c20160811.shp,9.202956;7.293124;4.987635;0.117751;-4.766567;-9.662423;-14.566307;-12.781590;-10.252750;-5.421471;-0.565886;4.309883,106.389061;120.204430;133.795395;132.636734;131.583801;130.626740;129.763702;115.696312;101.762085;103.094223;104.302101;105.397919,npp_d20151003_t1731466_e1737270_b20378,155.711,100.508,7.06614,96.7107,55.7913,67.4822
1202,VBD_npp_d20151003_t1733568_x1177020E_y002678S_l1176_s1913_v23,2017-06-01 16:11:27,-0.267794,117.702003,3.07913,2015-10-03 17:33:56,2015-10-04 01:33:56,1176,1913,0.433644,1,2273,0.219653,0.181411,0.736641,0.4,0.770969,0.75,0.0188715,0.0001,8.45126e-06,999999,-1.606928e-02,3,Indonesian Exclusive Economic Zone,WPP713,,SVDNB_npp_d20151003_t1731466_e1737270_b20378_c20151003233728467558_noaa_ops.h5,GDNBO_npp_d20151003_t1731466_e1737270_b20378_c20151003233728467298_noaa_ops.h5,SVI04_npp_d20151003_t1731466_e1737270_b20378_c20151003233728541959_noaa_ops.dspace_rad,VNFF_npp_d20151003_t1731466_e1737270_b20378_v21.csv,World_EEZ_v8_2014.shp,WPP_BFAR_merge.shp,KKP_IDN_merge_20161208.shp,VNF-VBD_npp_20120301-20151231_global_asia-enhanced_c201607211230.bitmask,NCEI_NGA.union.nga_lead2.add_2015ntl.mask,timezone.shp,VBD_platforms-recurring_2015_r20170330.shp,999999,VBD_bridges_c20160811.shp,9.202956;7.293124;4.987635;0.117751;-4.766567;-9.662423;-14.566307;-12.781590;-10.252750;-5.421471;-0.565886;4.309883,106.389061;120.204430;133.795395;132.636734;131.583801;130.626740;129.763702;115.696312;101.762085;103.094223;104.302101;105.397919,npp_d20151003_t1731466_e1737270_b20378,155.705,100.448,7.00322,98.5839,55.7713,67.4958
1203,VBD_npp_d20151003_t1733568_x1176989E_y002877S_l1179_s1913_v23,2017-06-01 16:11:27,-0.287720,117.698914,3.47617,2015-10-03 17:33:56,2015-10-04 01:33:56,1179,1913,0.432292,1,2273,0.198548,0.172098,0.734336,0.4,0.756636,0.75,0.0188642,0.0001,8.20617e-06,999999,6.004930e-02,3,Indonesian Exclusive Economic Zone,WPP713,,SVDNB_npp_d20151003_t1731466_e1737270_b20378_c20151003233728467558_noaa_ops.h5,GDNBO_npp_d20151003_t1731466_e1737270_b20378_c20151003233728467298_noaa_ops.h5,SVI04_npp_d20151003_t1731466_e1737270_b20378_c20151003233728541959_noaa_ops.dspace_rad,VNFF_npp_d20151003_t1731466_e1737270_b20378_v21.csv,World_EEZ_v8_2014.shp,WPP_BFAR_merge.shp,KKP_IDN_merge_20161208.shp,VNF-VBD_npp_20120301-20151231_global_asia-enhanced_c201607211230.bitmask,NCEI_NGA.union.nga_lead2.add_2015ntl.mask,timezone.shp,VBD_platforms-recurring_2015_r20170330.shp,999999,VBD_bridges_c20160811.shp,9.202956;7.293124;4.987635;0.117751;-4.766567;-9.662423;-14.566307;-12.781590;-10.252750;-5.421471;-0.565886;4.309883,106.389061;120.204430;133.795395;132.636734;131.583801;130.626740;129.763702;115.696312;101.762085;103.094223;104.302101;105.397919,npp_d20151003_t1731466_e1737270_b20378,155.705,100.492,7.00623,97.1665,55.7819,67.4837
1204,VBD_npp_d20151003_t1732172_x1190148E_y055972N_l0279_s1914_v23,2017-06-01 16:11:27,5.597228,119.014832,10.1142,2015-10-03 17:32:17,2015-10-04 01:32:17,279,1914,0.452423,8,18913,0.564219,0.186112,0.859685,0.4,0.941036,0.75,0.0206772,0.0001,2.11053e-05,999999,-5.449122e-02,3,Malaysian Exclusive Economic Zone,,,SVDNB_npp_d20151003_t1731466_e1737270_b20378_c20151003233728467558_noaa_ops.h5,GDNBO_npp_d20151003_t1731466_e1737270_b20378_c20151003233728467298_noaa_ops.h5,SVI04_npp_d20151003_t1731466_e1737270_b20378_c20151003233728541959_noaa_ops.dspace_rad,VNFF_npp_d20151003_t1731466_e1737270_b20378_v21.csv,World_EEZ_v8_2014.shp,WPP_BFAR_merge.shp,KKP_IDN_merge_20161208.shp,VNF-VBD_npp_20120301-20151231_global_asia-enhanced_c201607211230.bitmask,NCEI_NGA.union.nga_lead2.add_2015ntl.mask,timezone.shp,VBD_platforms-recurring_2015_r20170330.shp,0.255541,VBD_bridges_c20160811.shp,9.202956;7.293124;4.987635;0.117751;-4.766567;-9.662423;-14.566307;-12.781590;-10.252750;-5.421471;-0.565886;4.309883,106.389061;120.204430;133.795395;132.636734;131.583801;130.626740;129.763702;115.696312;101.762085;103.094223;104.302101;105.397919,npp_d20151003_t1731466_e1737270_b20378,155.213,87.4991,6.94968,99.0199,52.8245,71.3654
1205,VBD_npp_d20151003_t1732172_x1190066E_y055441N_l0287_s1914_v23,2017-06-01 16:11:27,5.544144,119.006592,50.6331,2015-10-03 17:32:17,2015-10-04 01:32:17,287,1914,0.450431,1,2529,1.04481,0.19682,0.880012,0.4,0.95674,0.75,0.0206601,0.0001,1.98008e-05,999999,-1.420129e-01,3,Malaysian Exclusive Economic Zone,,,SVDNB_npp_d20151003_t1731466_e1737270_b20378_c20151003233728467558_noaa_ops.h5,GDNBO_npp_d20151003_t1731466_e1737270_b20378_c20151003233728467298_noaa_ops.h5,SVI04_npp_d20151003_t1731466_e1737270_b20378_c20151003233728541959_noaa_ops.dspace_rad,VNFF_npp_d20151003_t1731466_e1737270_b20378_v21.csv,World_EEZ_v8_2014.shp,WPP_BFAR_merge.shp,KKP_IDN_merge_20161208.shp,VNF-VBD_npp_20120301-20151231_global_asia-enhanced_c201607211230.bitmask,NCEI_NGA.union.nga_lead2.add_2015ntl.mask,timezone.shp,VBD_platforms-recurring_2015_r20170330.shp,999999,VBD_bridges_c20160811.shp,9.202956;7.293124;4.987635;0.117751;-4.766567;-9.662423;-14.566307;-12.781590;-10.252750;-5.421471;-0.565886;4.309883,106.389061;120.204430;133.795395;132.636734;131.583801;130.626740;129.763702;115.696312;101.762085;103.094223;104.302101;105.397919,npp_d20151003_t1731466_e1737270_b20378,155.224,87.6124,6.96347,95.2117,52.8495,71.3274
1206,VBD_npp_d20151003_t1733230_x1181498E_y016648N_l0880_s1915_v23,2017-06-01 16:11:27,1.664814,118.149788,3.42372,2015-10-03 17:33:23,2015-10-04 01:33:23,880,1915,0.45605,1,2529,0.257875,0.215625,0.755833,0.4,0.851127,0.75,0.0195786,0.0001,1.1258e-05,999999,-2.957146e-01,3,Indonesian Exclusive Economic Zone,WPP716,,SVDNB_npp_d20151003_t1731466_e1737270_b20378_c20151003233728467558_noaa_ops.h5,GDNBO_npp_d20151003_t1731466_e1737270_b20378_c20151003233728467298_noaa_ops.h5,SVI04_npp_d20151003_t1731466_e1737270_b20378_c20151003233728541959_noaa_ops.dspace_rad,VNFF_npp_d20151003_t1731466_e1737270_b20378_v21.csv,World_EEZ_v8_2014.shp,WPP_BFAR_merge.shp,KKP_IDN_merge_20161208.shp,VNF-VBD_npp_20120301-20151231_global_asia-enhanced_c201607211230.bitmask,NCEI_NGA.union.nga_lead2.add_2015ntl.mask,timezone.shp,VBD_platforms-recurring_2015_r20170330.shp,999999,VBD_bridges_c20160811.shp,9.202956;7.293124;4.987635;0.117751;-4.766567;-9.662423;-14.566307;-12.781590;-10.252750;-5.421471;-0.565886;4.309883,106.389061;120.204430;133.795395;132.636734;131.583801;130.626740;129.763702;115.696312;101.762085;103.094223;104.302101;105.397919,npp_d20151003_t1731466_e1737270_b20378,155.68,96.1177,6.90929,94.7133,54.7511,68.6968
1207,VBD_npp_d20151003_t1735276_x1165199E_y055903S_l1990_s1915_v23,2017-06-01 16:11:27,-5.590270,116.519943,13.1247,2015-10-03 17:35:27,2015-10-04 01:35:27,1990,1915,0.40633,1,2529,0.638655,0.121866,0.898609,0.4,0.943545,0.75,0.0170572,0.0001,3.36273e-06,999999,1.638998e-01,3,Indonesian Exclusive Economic Zone,WPP713,,SVDNB_npp_d20151003_t1731466_e1737270_b20378_c20151003233728467558_noaa_ops.h5,GDNBO_npp_d20151003_t1731466_e1737270_b20378_c20151003233728467298_noaa_ops.h5,SVI04_npp_d20151003_t1731466_e1737270_b20378_c20151003233728541959_noaa_ops.dspace_rad,VNFF_npp_d20151003_t1731466_e1737270_b20378_v21.csv,World_EEZ_v8_2014.shp,WPP_BFAR_merge.shp,KKP_IDN_merge_20161208.shp,VNF-VBD_npp_20120301-20151231_global_asia-enhanced_c201607211230.bitmask,NCEI_NGA.union.nga_lead2.add_2015ntl.mask,timezone.shp,VBD_platforms-recurring_2015_r20170330.shp,999999,VBD_bridges_c20160811.shp,9.202956;7.293124;4.987635;0.117751;-4.766567;-9.662423;-14.566307;-12.781590;-10.252750;-5.421471;-0.565886;4.309883,106.389061;120.204430;133.795395;132.636734;131.583801;130.626740;129.763702;115.696312;101.762085;103.094223;104.302101;105.397919,npp_d20151003_t1731466_e1737270_b20378,154.979,112.137,6.89503,99.6517,58.7106,64.5291
1208,VBD_npp_d20151003_t1732296_x1188740E_y048747N_l0389_s1917_v23,2017-06-01 16:11:27,4.874682,118.873955,3.77461,2015-10-03 17:32:29,2015-10-04 01:32:29,389,1917,0.44972,1,2529,0.303583,0.186138,0.878786,0.4,0.901366,0.75,0.0205752,0.0001,2.0527e-05,999999,-5.470402e-02,3,Malaysian Exclusive Economic Zone,,,SVDNB_npp_d20151003_t1731466_e1737270_b20378_c20151003233728467558_noaa_ops.h5,GDNBO_npp_d20151003_t1731466_e1737270_b20378_c20151003233728467298_noaa_ops.h5,SVI04_npp_d20151003_t1731466_e1737270_b20378_c20151003233728541959_noaa_ops.dspace_rad,VNFF_npp_d20151003_t1731466_e1737270_b20378_v21.csv,World_EEZ_v8_2014.shp,WPP_BFAR_merge.shp,KKP_IDN_merge_20161208.shp,VNF-VBD_npp_20120301-20151231_global_asia-enhanced_c201607211230.bitmask,NCEI_NGA.union.nga_lead2.add_2015ntl.mask,timezone.shp,VBD_platforms-recurring_2015_r20170330.shp,999999,VBD_bridges_c20160811.shp,9.202956;7.293124;4.987635;0.117751;-4.766567;-9.662423;-14.566307;-12.781590;-10.252750;-5.421471;-0.565886;4.309883,106.389061;120.204430;133.795395;132.636734;131.583801;130.626740;129.763702;115.696312;101.762085;103.094223;104.302101;105.397919,npp_d20151003_t1731466_e1737270_b20378,155.324,89.0533,6.77426,99.9957,53.1473,70.8499
1209,VBD_npp_d20151003_t1732332_x1188290E_y046787N_l0419_s1917_v23,2017-06-01 16:11:27,4.678739,118.828964,2.80559,2015-10-03 17:32:33,2015-10-04 01:32:33,419,1917,0.441611,1,2273,0.214343,0.192,0.703379,0.4,0.826447,0.75,0.0205207,0.0001,2.02412e-05,999999,-1.026181e-01,3,Malaysian Exclusive Economic Zone,,,SVDNB_npp_d20151003_t1731466_e1737270_b20378_c20151003233728467558_noaa_ops.h5,GDNBO_npp_d20151003_t1731466_e1737270_b20378_c20151003233728467298_noaa_ops.h5,SVI04_npp_d20151003_t1731466_e1737270_b20378_c20151003233728541959_noaa_ops.dspace_rad,VNFF_npp_d20151003_t1731466_e1737270_b20378_v21.csv,World_EEZ_v8_2014.shp,WPP_BFAR_merge.shp,KKP_IDN_merge_20161208.shp,VNF-VBD_npp_20120301-20151231_global_asia-enhanced_c201607211230.bitmask,NCEI_NGA.union.nga_lead2.add_2015ntl.mask,timezone.shp,VBD_platforms-recurring_2015_r20170330.shp,999999,VBD_bridges_c20160811.shp,9.202956;7.293124;4.987635;0.117751;-4.766567;-9.662423;-14.566307;-12.781590;-10.252750;-5.421471;-0.565886;4.309883,106.389061;120.204430;133.795395;132.636734;131.583801;130.626740;129.763702;115.696312;101.762085;103.094223;104.302101;105.397919,npp_d20151003_t1731466_e1737270_b20378,155.356,89.4767,6.78095,100.973,53.2416,70.7128
1210,VBD_npp_d20151003_t1735276_x1165313E_y056057S_l1992_s1917_v23,2017-06-01 16:11:27,-5.605681,116.531265,26.531,2015-10-03 17:35:27,2015-10-04 01:35:27,1992,1917,0.40761,1,2529,0.891396,0.130379,0.903636,0.4,0.970163,0.75,0.0170589,0.0001,3.42649e-06,999999,7.288968e-02,3,Indonesian Exclusive Economic Zone,WPP713,,SVDNB_npp_d20151003_t1731466_e1737270_b20378_c20151003233728467558_noaa_ops.h5,GDNBO_npp_d20151003_t1731466_e1737270_b20378_c20151003233728467298_noaa_ops.h5,SVI04_npp_d20151003_t1731466_e1737270_b20378_c20151003233728541959_noaa_ops.dspace_rad,VNFF_npp_d20151003_t1731466_e1737270_b20378_v21.csv,World_EEZ_v8_2014.shp,WPP_BFAR_merge.shp,KKP_IDN_merge_20161208.shp,VNF-VBD_npp_20120301-20151231_global_asia-enhanced_c201607211230.bitmask,NCEI_NGA.union.nga_lead2.add_2015ntl.mask,timezone.shp,VBD_platforms-recurring_2015_r20170330.shp,999999,VBD_bridges_c20160811.shp,9.202956;7.293124;4.987635;0.117751;-4.766567;-9.662423;-14.566307;-12.781590;-10.252750;-5.421471;-0.565886;4.309883,106.389061;120.204430;133.795395;132.636734;131.583801;130.626740;129.763702;115.696312;101.762085;103.094223;104.302101;105.397919,npp_d20151003_t1731466_e1737270_b20378,154.963,112.157,6.77866,98.6879,58.707,64.5162
1211,VBD_npp_d20151003_t1732172_x1190447E_y056130N_l0276_s1918_v23,2017-06-01 16:11:27,5.612964,119.044708,2.35217,2015-10-03 17:32:17,2015-10-04 01:32:17,276,1918,0.453987,1,2273,0.216548,0.175709,0.845725,0.4,0.875913,0.75,0.0206985,0.0001,2.32683e-05,999999,3.053403e-02,3,Malaysian Exclusive Economic Zone,,,SVDNB_npp_d20151003_t1731466_e1737270_b20378_c20151003233728467558_noaa_ops.h5,GDNBO_npp_d20151003_t1731466_e1737270_b20378_c20151003233728467298_noaa_ops.h5,SVI04_npp_d20151003_t1731466_e1737270_b20378_c20151003233728541959_noaa_ops.dspace_rad,VNFF_npp_d20151003_t1731466_e1737270_b20378_v21.csv,World_EEZ_v8_2014.shp,WPP_BFAR_merge.shp,KKP_IDN_merge_20161208.shp,VNF-VBD_npp_20120301-20151231_global_asia-enhanced_c201607211230.bitmask,NCEI_NGA.union.nga_lead2.add_2015ntl.mask,timezone.shp,VBD_platforms-recurring_2015_r20170330.shp,999999,VBD_bridges_c20160811.shp,9.202956;7.293124;4.987635;0.117751;-4.766567;-9.662423;-14.566307;-12.781590;-10.252750;-5.421471;-0.565886;4.309883,106.389061;120.204430;133.795395;132.636734;131.583801;130.626740;129.763702;115.696312;101.762085;103.094223;104.302101;105.397919,npp_d20151003_t1731466_e1737270_b20378,155.183,87.4708,6.72055,100.512,52.791,71.3725
1212,VBD_npp_d20151003_t1732278_x1188947E_y049188N_l0382_s1918_v23,2017-06-01 16:11:27,4.918789,118.894699,10.4423,2015-10-03 17:32:27,2015-10-04 01:32:27,382,1918,0.45292,1,2529,0.574775,0.157362,0.855199,0.4,0.933197,0.75,0.0205845,0.0001,1.97263e-05,999999,1.804936e-01,3,Malaysian Exclusive Economic Zone,,,SVDNB_npp_d20151003_t1731466_e1737270_b20378_c20151003233728467558_noaa_ops.h5,GDNBO_npp_d20151003_t1731466_e1737270_b20378_c20151003233728467298_noaa_ops.h5,SVI04_npp_d20151003_t1731466_e1737270_b20378_c20151003233728541959_noaa_ops.dspace_rad,VNFF_npp_d20151003_t1731466_e1737270_b20378_v21.csv,World_EEZ_v8_2014.shp,WPP_BFAR_merge.shp,KKP_IDN_merge_20161208.shp,VNF-VBD_npp_20120301-20151231_global_asia-enhanced_c201607211230.bitmask,NCEI_NGA.union.nga_lead2.add_2015ntl.mask,timezone.shp,VBD_platforms-recurring_2015_r20170330.shp,999999,VBD_bridges_c20160811.shp,9.202956;7.293124;4.987635;0.117751;-4.766567;-9.662423;-14.566307;-12.781590;-10.252750;-5.421471;-0.565886;4.309883,106.389061;120.204430;133.795395;132.636734;131.583801;130.626740;129.763702;115.696312;101.762085;103.094223;104.302101;105.397919,npp_d20151003_t1731466_e1737270_b20378,155.31,88.959,6.72589,95.5887,53.1198,70.8798
1213,VBD_npp_d20151003_t1735187_x1166693E_y050450S_l1906_s1919_v23,2017-06-01 16:11:27,-5.045002,116.669304,15.3083,2015-10-03 17:35:18,2015-10-04 01:35:18,1906,1919,0.327445,1,2529,0.635771,0.162405,0.833234,0.4,0.89015,0.75,0.0171903,0.0001,4.24569e-06,999999,-2.694802e-01,3,Indonesian Exclusive Economic Zone,WPP713,,SVDNB_npp_d20151003_t1731466_e1737270_b20378_c20151003233728467558_noaa_ops.h5,GDNBO_npp_d20151003_t1731466_e1737270_b20378_c20151003233728467298_noaa_ops.h5,SVI04_npp_d20151003_t1731466_e1737270_b20378_c20151003233728541959_noaa_ops.dspace_rad,VNFF_npp_d20151003_t1731466_e1737270_b20378_v21.csv,World_EEZ_v8_2014.shp,WPP_BFAR_merge.shp,KKP_IDN_merge_20161208.shp,VNF-VBD_npp_20120301-20151231_global_asia-enhanced_c201607211230.bitmask,NCEI_NGA.union.nga_lead2.add_2015ntl.mask,timezone.shp,VBD_platforms-recurring_2015_r20170330.shp,999999,VBD_bridges_c20160811.shp,9.202956;7.293124;4.987635;0.117751;-4.766567;-9.662423;-14.566307;-12.781590;-10.252750;-5.421471;-0.565886;4.309883,106.389061;120.204430;133.795395;132.636734;131.583801;130.626740;129.763702;115.696312;101.762085;103.094223;104.302101;105.397919,npp_d20151003_t1731466_e1737270_b20378,155.075,110.95,6.6675,101.668,58.372,64.7993
1214,VBD_npp_d20151003_t1735133_x1167589E_y047414S_l1859_s1922_v23,2017-06-01 16:11:27,-4.741417,116.758926,7.25594,2015-10-03 17:35:13,2015-10-04 01:35:13,1859,1922,0.385844,1,2529,0.448184,0.189573,0.805015,0.4,0.907409,0.75,0.0172953,0.0001,4.74094e-06,999999,-5.599023e-01,3,Indonesian Exclusive Economic Zone,WPP713,,SVDNB_npp_d20151003_t1731466_e1737270_b20378_c20151003233728467558_noaa_ops.h5,GDNBO_npp_d20151003_t1731466_e1737270_b20378_c20151003233728467298_noaa_ops.h5,SVI04_npp_d20151003_t1731466_e1737270_b20378_c20151003233728541959_noaa_ops.dspace_rad,VNFF_npp_d20151003_t1731466_e1737270_b20378_v21.csv,World_EEZ_v8_2014.shp,WPP_BFAR_merge.shp,KKP_IDN_merge_20161208.shp,VNF-VBD_npp_20120301-20151231_global_asia-enhanced_c201607211230.bitmask,NCEI_NGA.union.nga_lead2.add_2015ntl.mask,timezone.shp,VBD_platforms-recurring_2015_r20170330.shp,999999,VBD_bridges_c20160811.shp,9.202956;7.293124;4.987635;0.117751;-4.766567;-9.662423;-14.566307;-12.781590;-10.252750;-5.421471;-0.565886;4.309883,106.389061;120.204430;133.795395;132.636734;131.583801;130.626740;129.763702;115.696312;101.762085;103.094223;104.302101;105.397919,npp_d20151003_t1731466_e1737270_b20378,155.119,110.281,6.49173,101.202,58.1799,64.9504
1215,VBD_npp_d20151003_t1735187_x1166944E_y051034S_l1914_s1924_v23,2017-06-01 16:11:27,-5.103415,116.694397,2.96624,2015-10-03 17:35:18,2015-10-04 01:35:18,1914,1924,0.394664,1,2273,0.172885,0.167853,0.73018,0.4,0.759992,0.75,0.0171981,0.0001,4.29787e-06,999999,-3.277122e-01,3,Indonesian Exclusive Economic Zone,WPP713,,SVDNB_npp_d20151003_t1731466_e1737270_b20378_c20151003233728467558_noaa_ops.h5,GDNBO_npp_d20151003_t1731466_e1737270_b20378_c20151003233728467298_noaa_ops.h5,SVI04_npp_d20151003_t1731466_e1737270_b20378_c20151003233728541959_noaa_ops.dspace_rad,VNFF_npp_d20151003_t1731466_e1737270_b20378_v21.csv,World_EEZ_v8_2014.shp,WPP_BFAR_merge.shp,KKP_IDN_merge_20161208.shp,VNF-VBD_npp_20120301-20151231_global_asia-enhanced_c201607211230.bitmask,NCEI_NGA.union.nga_lead2.add_2015ntl.mask,timezone.shp,VBD_platforms-recurring_2015_r20170330.shp,999999,VBD_bridges_c20160811.shp,9.202956;7.293124;4.987635;0.117751;-4.766567;-9.662423;-14.566307;-12.781590;-10.252750;-5.421471;-0.565886;4.309883,106.389061;120.204430;133.795395;132.636734;131.583801;130.626740;129.763702;115.696312;101.762085;103.094223;104.302101;105.397919,npp_d20151003_t1731466_e1737270_b20378,155.031,111.045,6.37192,97.6396,58.3743,64.7567
1216,VBD_npp_d20151003_t1735240_x1166195E_y054439S_l1966_s1924_v23,2017-06-01 16:11:27,-5.443856,116.619507,7.74592,2015-10-03 17:35:24,2015-10-04 01:35:24,1966,1924,0.4032,1,2529,0.448977,0.132527,0.889753,0.4,0.892801,0.75,0.017131,0.0001,3.85668e-06,999999,4.992945e-02,3,Indonesian Exclusive Economic Zone,WPP713,,SVDNB_npp_d20151003_t1731466_e1737270_b20378_c20151003233728467558_noaa_ops.h5,GDNBO_npp_d20151003_t1731466_e1737270_b20378_c20151003233728467298_noaa_ops.h5,SVI04_npp_d20151003_t1731466_e1737270_b20378_c20151003233728541959_noaa_ops.dspace_rad,VNFF_npp_d20151003_t1731466_e1737270_b20378_v21.csv,World_EEZ_v8_2014.shp,WPP_BFAR_merge.shp,KKP_IDN_merge_20161208.shp,VNF-VBD_npp_20120301-20151231_global_asia-enhanced_c201607211230.bitmask,NCEI_NGA.union.nga_lead2.add_2015ntl.mask,timezone.shp,VBD_platforms-recurring_2015_r20170330.shp,999999,VBD_bridges_c20160811.shp,9.202956;7.293124;4.987635;0.117751;-4.766567;-9.662423;-14.566307;-12.781590;-10.252750;-5.421471;-0.565886;4.309883,106.389061;120.204430;133.795395;132.636734;131.583801;130.626740;129.763702;115.696312;101.762085;103.094223;104.302101;105.397919,npp_d20151003_t1731466_e1737270_b20378,154.955,111.771,6.38058,95.5564,58.5698,64.5812
1217,VBD_npp_d20151003_t1735276_x1165922E_y055677S_l1985_s1925_v23,2017-06-01 16:11:27,-5.567680,116.592216,13.059,2015-10-03 17:35:27,2015-10-04 01:35:27,1985,1925,0.404765,8,18913,0.611376,0.13601,0.868695,0.4,0.916931,0.75,0.0171071,0.0001,4.38343e-06,999999,1.268813e-02,3,Indonesian Exclusive Economic Zone,WPP713,,SVDNB_npp_d20151003_t1731466_e1737270_b20378_c20151003233728467558_noaa_ops.h5,GDNBO_npp_d20151003_t1731466_e1737270_b20378_c20151003233728467298_noaa_ops.h5,SVI04_npp_d20151003_t1731466_e1737270_b20378_c20151003233728541959_noaa_ops.dspace_rad,VNFF_npp_d20151003_t1731466_e1737270_b20378_v21.csv,World_EEZ_v8_2014.shp,WPP_BFAR_merge.shp,KKP_IDN_merge_20161208.shp,VNF-VBD_npp_20120301-20151231_global_asia-enhanced_c201607211230.bitmask,NCEI_NGA.union.nga_lead2.add_2015ntl.mask,timezone.shp,VBD_platforms-recurring_2015_r20170330.shp,0.41584,VBD_bridges_c20160811.shp,9.202956;7.293124;4.987635;0.117751;-4.766567;-9.662423;-14.566307;-12.781590;-10.252750;-5.421471;-0.565886;4.309883,106.389061;120.204430;133.795395;132.636734;131.583801;130.626740;129.763702;115.696312;101.762085;103.094223;104.302101;105.397919,npp_d20151003_t1731466_e1737270_b20378,154.921,112.027,6.32535,102.339,58.6352,64.5155
1218,VBD_npp_d20151003_t1735240_x1166381E_y054128S_l1961_s1926_v23,2017-06-01 16:11:27,-5.412774,116.638145,8.31401,2015-10-03 17:35:24,2015-10-04 01:35:24,1961,1926,0.401635,1,2529,0.469729,0.147487,0.869727,0.4,0.879988,0.75,0.0171447,0.0001,4.25905e-06,999999,-1.099985e-01,3,Indonesian Exclusive Economic Zone,WPP713,,SVDNB_npp_d20151003_t1731466_e1737270_b20378_c20151003233728467558_noaa_ops.h5,GDNBO_npp_d20151003_t1731466_e1737270_b20378_c20151003233728467298_noaa_ops.h5,SVI04_npp_d20151003_t1731466_e1737270_b20378_c20151003233728541959_noaa_ops.dspace_rad,VNFF_npp_d20151003_t1731466_e1737270_b20378_v21.csv,World_EEZ_v8_2014.shp,WPP_BFAR_merge.shp,KKP_IDN_merge_20161208.shp,VNF-VBD_npp_20120301-20151231_global_asia-enhanced_c201607211230.bitmask,NCEI_NGA.union.nga_lead2.add_2015ntl.mask,timezone.shp,VBD_platforms-recurring_2015_r20170330.shp,999999,VBD_bridges_c20160811.shp,9.202956;7.293124;4.987635;0.117751;-4.766567;-9.662423;-14.566307;-12.781590;-10.252750;-5.421471;-0.565886;4.309883,106.389061;120.204430;133.795395;132.636734;131.583801;130.626740;129.763702;115.696312;101.762085;103.094223;104.302101;105.397919,npp_d20151003_t1731466_e1737270_b20378,154.95,111.692,6.25391,98.1372,58.5394,64.5921
1219,VBD_npp_d20151003_t1732278_x1189651E_y049757N_l0372_s1927_v23,2017-06-01 16:11:27,4.975745,118.965134,8.85734,2015-10-03 17:32:27,2015-10-04 01:32:27,372,1927,0.445096,1,2529,0.505366,0.171662,0.858231,0.4,0.919773,0.75,0.0206258,0.0001,2.52396e-05,999999,6.361359e-02,3,Malaysian Exclusive Economic Zone,,,SVDNB_npp_d20151003_t1731466_e1737270_b20378_c20151003233728467558_noaa_ops.h5,GDNBO_npp_d20151003_t1731466_e1737270_b20378_c20151003233728467298_noaa_ops.h5,SVI04_npp_d20151003_t1731466_e1737270_b20378_c20151003233728541959_noaa_ops.dspace_rad,VNFF_npp_d20151003_t1731466_e1737270_b20378_v21.csv,World_EEZ_v8_2014.shp,WPP_BFAR_merge.shp,KKP_IDN_merge_20161208.shp,VNF-VBD_npp_20120301-20151231_global_asia-enhanced_c201607211230.bitmask,NCEI_NGA.union.nga_lead2.add_2015ntl.mask,timezone.shp,VBD_platforms-recurring_2015_r20170330.shp,999999,VBD_bridges_c20160811.shp,9.202956;7.293124;4.987635;0.117751;-4.766567;-9.662423;-14.566307;-12.781590;-10.252750;-5.421471;-0.565886;4.309883,106.389061;120.204430;133.795395;132.636734;131.583801;130.626740;129.763702;115.696312;101.762085;103.094223;104.302101;105.397919,npp_d20151003_t1731466_e1737270_b20378,155.238,88.8443,6.19639,100.673,53.0339,70.9097
1220,VBD_npp_d20151003_t1732278_x1189620E_y049559N_l0375_s1927_v23,2017-06-01 16:11:27,4.955865,118.962044,8.1414,2015-10-03 17:32:27,2015-10-04 01:32:27,375,1927,0.445665,1,2529,0.496575,0.182066,0.849906,0.4,0.914609,0.75,0.0206234,0.0001,2.46442e-05,999999,-2.142117e-02,3,Malaysian Exclusive Economic Zone,,,SVDNB_npp_d20151003_t1731466_e1737270_b20378_c20151003233728467558_noaa_ops.h5,GDNBO_npp_d20151003_t1731466_e1737270_b20378_c20151003233728467298_noaa_ops.h5,SVI04_npp_d20151003_t1731466_e1737270_b20378_c20151003233728541959_noaa_ops.dspace_rad,VNFF_npp_d20151003_t1731466_e1737270_b20378_v21.csv,World_EEZ_v8_2014.shp,WPP_BFAR_merge.shp,KKP_IDN_merge_20161208.shp,VNF-VBD_npp_20120301-20151231_global_asia-enhanced_c201607211230.bitmask,NCEI_NGA.union.nga_lead2.add_2015ntl.mask,timezone.shp,VBD_platforms-recurring_2015_r20170330.shp,999999,VBD_bridges_c20160811.shp,9.202956;7.293124;4.987635;0.117751;-4.766567;-9.662423;-14.566307;-12.781590;-10.252750;-5.421471;-0.565886;4.309883,106.389061;120.204430;133.795395;132.636734;131.583801;130.626740;129.763702;115.696312;101.762085;103.094223;104.302101;105.397919,npp_d20151003_t1731466_e1737270_b20378,155.242,88.887,6.19329,99.071,53.0435,70.8957
1221,VBD_npp_d20151003_t1735240_x1166417E_y054337S_l1964_s1927_v23,2017-06-01 16:11:27,-5.433740,116.641678,11.5764,2015-10-03 17:35:24,2015-10-04 01:35:24,1964,1927,0.405974,1,2529,0.537616,0.149843,0.905964,0.4,0.892866,0.75,0.0171444,0.0001,4.1986e-06,999999,-1.351799e-01,3,Indonesian Exclusive Economic Zone,WPP713,,SVDNB_npp_d20151003_t1731466_e1737270_b20378_c20151003233728467558_noaa_ops.h5,GDNBO_npp_d20151003_t1731466_e1737270_b20378_c20151003233728467298_noaa_ops.h5,SVI04_npp_d20151003_t1731466_e1737270_b20378_c20151003233728541959_noaa_ops.dspace_rad,VNFF_npp_d20151003_t1731466_e1737270_b20378_v21.csv,World_EEZ_v8_2014.shp,WPP_BFAR_merge.shp,KKP_IDN_merge_20161208.shp,VNF-VBD_npp_20120301-20151231_global_asia-enhanced_c201607211230.bitmask,NCEI_NGA.union.nga_lead2.add_2015ntl.mask,timezone.shp,VBD_platforms-recurring_2015_r20170330.shp,999999,VBD_bridges_c20160811.shp,9.202956;7.293124;4.987635;0.117751;-4.766567;-9.662423;-14.566307;-12.781590;-10.252750;-5.421471;-0.565886;4.309883,106.389061;120.204430;133.795395;132.636734;131.583801;130.626740;129.763702;115.696312;101.762085;103.094223;104.302101;105.397919,npp_d20151003_t1731466_e1737270_b20378,154.938,111.731,6.20089,96.5297,58.5453,64.5788
1222,VBD_npp_d20151003_t1735258_x1166338E_y054794S_l1971_s1928_v23,2017-06-01 16:11:27,-5.479373,116.633812,10.1345,2015-10-03 17:35:25,2015-10-04 01:35:25,1971,1928,0.405263,1,2529,0.521595,0.125788,0.876073,0.4,0.89492,0.75,0.017139,0.0001,4.65127e-06,999999,1.219694e-01,3,Indonesian Exclusive Economic Zone,WPP713,,SVDNB_npp_d20151003_t1731466_e1737270_b20378_c20151003233728467558_noaa_ops.h5,GDNBO_npp_d20151003_t1731466_e1737270_b20378_c20151003233728467298_noaa_ops.h5,SVI04_npp_d20151003_t1731466_e1737270_b20378_c20151003233728541959_noaa_ops.dspace_rad,VNFF_npp_d20151003_t1731466_e1737270_b20378_v21.csv,World_EEZ_v8_2014.shp,WPP_BFAR_merge.shp,KKP_IDN_merge_20161208.shp,VNF-VBD_npp_20120301-20151231_global_asia-enhanced_c201607211230.bitmask,NCEI_NGA.union.nga_lead2.add_2015ntl.mask,timezone.shp,VBD_platforms-recurring_2015_r20170330.shp,999999,VBD_bridges_c20160811.shp,9.202956;7.293124;4.987635;0.117751;-4.766567;-9.662423;-14.566307;-12.781590;-10.252750;-5.421471;-0.565886;4.309883,106.389061;120.204430;133.795395;132.636734;131.583801;130.626740;129.763702;115.696312;101.762085;103.094223;104.302101;105.397919,npp_d20151003_t1731466_e1737270_b20378,154.922,111.822,6.14619,101.372,58.5657,64.5531
1223,VBD_npp_d20151003_t1732278_x1189775E_y049670N_l0373_s1929_v23,2017-06-01 16:11:27,4.967040,118.977455,2.79203,2015-10-03 17:32:27,2015-10-04 01:32:27,373,1929,0.447728,1,2273,0.202613,0.17727,0.858231,0.4,0.795689,0.75,0.0206324,0.0001,2.59674e-05,999999,1.777565e-02,3,Malaysian Exclusive Economic Zone,,,SVDNB_npp_d20151003_t1731466_e1737270_b20378_c20151003233728467558_noaa_ops.h5,GDNBO_npp_d20151003_t1731466_e1737270_b20378_c20151003233728467298_noaa_ops.h5,SVI04_npp_d20151003_t1731466_e1737270_b20378_c20151003233728541959_noaa_ops.dspace_rad,VNFF_npp_d20151003_t1731466_e1737270_b20378_v21.csv,World_EEZ_v8_2014.shp,WPP_BFAR_merge.shp,KKP_IDN_merge_20161208.shp,VNF-VBD_npp_20120301-20151231_global_asia-enhanced_c201607211230.bitmask,NCEI_NGA.union.nga_lead2.add_2015ntl.mask,timezone.shp,VBD_platforms-recurring_2015_r20170330.shp,999999,VBD_bridges_c20160811.shp,9.202956;7.293124;4.987635;0.117751;-4.766567;-9.662423;-14.566307;-12.781590;-10.252750;-5.421471;-0.565886;4.309883,106.389061;120.204430;133.795395;132.636734;131.583801;130.626740;129.763702;115.696312;101.762085;103.094223;104.302101;105.397919,npp_d20151003_t1731466_e1737270_b20378,155.226,88.8648,6.07892,100.168,53.0251,70.9013
1224,VBD_npp_d20151003_t1735258_x1166290E_y055534S_l1982_s1929_v23,2017-06-01 16:11:27,-5.553428,116.628975,8.71989,2015-10-03 17:35:25,2015-10-04 01:35:25,1982,1929,0.400924,8,18913,0.507171,0.152397,0.84421,0.4,0.906799,0.75,0.0171284,0.0001,4.18092e-06,999999,-1.624880e-01,3,Indonesian Exclusive Economic Zone,WPP713,,SVDNB_npp_d20151003_t1731466_e1737270_b20378_c20151003233728467558_noaa_ops.h5,GDNBO_npp_d20151003_t1731466_e1737270_b20378_c20151003233728467298_noaa_ops.h5,SVI04_npp_d20151003_t1731466_e1737270_b20378_c20151003233728541959_noaa_ops.dspace_rad,VNFF_npp_d20151003_t1731466_e1737270_b20378_v21.csv,World_EEZ_v8_2014.shp,WPP_BFAR_merge.shp,KKP_IDN_merge_20161208.shp,VNF-VBD_npp_20120301-20151231_global_asia-enhanced_c201607211230.bitmask,NCEI_NGA.union.nga_lead2.add_2015ntl.mask,timezone.shp,VBD_platforms-recurring_2015_r20170330.shp,0.904772,VBD_bridges_c20160811.shp,9.202956;7.293124;4.987635;0.117751;-4.766567;-9.662423;-14.566307;-12.781590;-10.252750;-5.421471;-0.565886;4.309883,106.389061;120.204430;133.795395;132.636734;131.583801;130.626740;129.763702;115.696312;101.762085;103.094223;104.302101;105.397919,npp_d20151003_t1731466_e1737270_b20378,154.899,111.973,6.09462,95.4175,58.6022,64.5127
1225,VBD_npp_d20151003_t1735240_x1166674E_y054446S_l1965_s1931_v23,2017-06-01 16:11:27,-5.444587,116.667389,25.1091,2015-10-03 17:35:24,2015-10-04 01:35:24,1965,1931,0.405334,1,2529,0.849376,0.13219,0.901233,0.4,0.959705,0.75,0.0171576,0.0001,4.50206e-06,999999,5.352694e-02,3,Indonesian Exclusive Economic Zone,WPP713,,SVDNB_npp_d20151003_t1731466_e1737270_b20378_c20151003233728467558_noaa_ops.h5,GDNBO_npp_d20151003_t1731466_e1737270_b20378_c20151003233728467298_noaa_ops.h5,SVI04_npp_d20151003_t1731466_e1737270_b20378_c20151003233728541959_noaa_ops.dspace_rad,VNFF_npp_d20151003_t1731466_e1737270_b20378_v21.csv,World_EEZ_v8_2014.shp,WPP_BFAR_merge.shp,KKP_IDN_merge_20161208.shp,VNF-VBD_npp_20120301-20151231_global_asia-enhanced_c201607211230.bitmask,NCEI_NGA.union.nga_lead2.add_2015ntl.mask,timezone.shp,VBD_platforms-recurring_2015_r20170330.shp,999999,VBD_bridges_c20160811.shp,9.202956;7.293124;4.987635;0.117751;-4.766567;-9.662423;-14.566307;-12.781590;-10.252750;-5.421471;-0.565886;4.309883,106.389061;120.204430;133.795395;132.636734;131.583801;130.626740;129.763702;115.696312;101.762085;103.094223;104.302101;105.397919,npp_d20151003_t1731466_e1737270_b20378,154.911,111.73,5.97197,95.8846,58.5266,64.5633
1226,VBD_npp_d20151003_t1735258_x1166549E_y054759S_l1970_s1931_v23,2017-06-01 16:11:27,-5.475916,116.654930,13.3034,2015-10-03 17:35:25,2015-10-04 01:35:25,1970,1931,0.405618,1,2529,0.571649,0.124076,0.894279,0.4,0.87898,0.75,0.0171511,0.0001,5.0001e-06,999999,1.402697e-01,3,Indonesian Exclusive Economic Zone,WPP713,,SVDNB_npp_d20151003_t1731466_e1737270_b20378_c20151003233728467558_noaa_ops.h5,GDNBO_npp_d20151003_t1731466_e1737270_b20378_c20151003233728467298_noaa_ops.h5,SVI04_npp_d20151003_t1731466_e1737270_b20378_c20151003233728541959_noaa_ops.dspace_rad,VNFF_npp_d20151003_t1731466_e1737270_b20378_v21.csv,World_EEZ_v8_2014.shp,WPP_BFAR_merge.shp,KKP_IDN_merge_20161208.shp,VNF-VBD_npp_20120301-20151231_global_asia-enhanced_c201607211230.bitmask,NCEI_NGA.union.nga_lead2.add_2015ntl.mask,timezone.shp,VBD_platforms-recurring_2015_r20170330.shp,999999,VBD_bridges_c20160811.shp,9.202956;7.293124;4.987635;0.117751;-4.766567;-9.662423;-14.566307;-12.781590;-10.252750;-5.421471;-0.565886;4.309883,106.389061;120.204430;133.795395;132.636734;131.583801;130.626740;129.763702;115.696312;101.762085;103.094223;104.302101;105.397919,npp_d20151003_t1731466_e1737270_b20378,154.904,111.796,5.97512,101.998,58.545,64.5473
1227,VBD_npp_d20151003_t1735258_x1166528E_y054892S_l1972_s1931_v23,2017-06-01 16:11:27,-5.489185,116.652840,10.7376,2015-10-03 17:35:25,2015-10-04 01:35:25,1972,1931,0.404623,1,2529,0.497152,0.10952,0.870425,0.4,0.849296,0.75,0.0171485,0.0001,4.88782e-06,999999,2.958798e-01,3,Indonesian Exclusive Economic Zone,WPP713,,SVDNB_npp_d20151003_t1731466_e1737270_b20378_c20151003233728467558_noaa_ops.h5,GDNBO_npp_d20151003_t1731466_e1737270_b20378_c20151003233728467298_noaa_ops.h5,SVI04_npp_d20151003_t1731466_e1737270_b20378_c20151003233728541959_noaa_ops.dspace_rad,VNFF_npp_d20151003_t1731466_e1737270_b20378_v21.csv,World_EEZ_v8_2014.shp,WPP_BFAR_merge.shp,KKP_IDN_merge_20161208.shp,VNF-VBD_npp_20120301-20151231_global_asia-enhanced_c201607211230.bitmask,NCEI_NGA.union.nga_lead2.add_2015ntl.mask,timezone.shp,VBD_platforms-recurring_2015_r20170330.shp,999999,VBD_bridges_c20160811.shp,9.202956;7.293124;4.987635;0.117751;-4.766567;-9.662423;-14.566307;-12.781590;-10.252750;-5.421471;-0.565886;4.309883,106.389061;120.204430;133.795395;132.636734;131.583801;130.626740;129.763702;115.696312;101.762085;103.094223;104.302101;105.397919,npp_d20151003_t1731466_e1737270_b20378,154.901,111.825,5.97017,100.889,58.5527,64.5405
1228,VBD_npp_d20151003_t1734110_x1176398E_y011784S_l1312_s1933_v23,2017-06-01 16:11:27,-1.178394,117.639847,4.03961,2015-10-03 17:34:11,2015-10-04 01:34:11,1312,1933,0.43969,1,2529,0.304506,0.194115,0.666322,0.4,0.894526,0.75,0.0186084,0.0001,9.98447e-06,999999,-1.198999e-01,3,Indonesian Exclusive Economic Zone,WPP713,,SVDNB_npp_d20151003_t1731466_e1737270_b20378_c20151003233728467558_noaa_ops.h5,GDNBO_npp_d20151003_t1731466_e1737270_b20378_c20151003233728467298_noaa_ops.h5,SVI04_npp_d20151003_t1731466_e1737270_b20378_c20151003233728541959_noaa_ops.dspace_rad,VNFF_npp_d20151003_t1731466_e1737270_b20378_v21.csv,World_EEZ_v8_2014.shp,WPP_BFAR_merge.shp,KKP_IDN_merge_20161208.shp,VNF-VBD_npp_20120301-20151231_global_asia-enhanced_c201607211230.bitmask,NCEI_NGA.union.nga_lead2.add_2015ntl.mask,timezone.shp,VBD_platforms-recurring_2015_r20170330.shp,999999,VBD_bridges_c20160811.shp,9.202956;7.293124;4.987635;0.117751;-4.766567;-9.662423;-14.566307;-12.781590;-10.252750;-5.421471;-0.565886;4.309883,106.389061;120.204430;133.795395;132.636734;131.583801;130.626740;129.763702;115.696312;101.762085;103.094223;104.302101;105.397919,npp_d20151003_t1731466_e1737270_b20378,155.528,102.418,5.86762,94.0612,56.1322,66.9128
1229,VBD_npp_d20151003_t1735240_x1166776E_y054666S_l1968_s1933_v23,2017-06-01 16:11:27,-5.466591,116.677620,7.03404,2015-10-03 17:35:24,2015-10-04 01:35:24,1968,1933,0.406187,1,2529,0.357588,0.118269,0.894279,0.4,0.822465,0.75,0.0171609,0.0001,4.52589e-06,999999,2.023439e-01,3,Indonesian Exclusive Economic Zone,WPP713,,SVDNB_npp_d20151003_t1731466_e1737270_b20378_c20151003233728467558_noaa_ops.h5,GDNBO_npp_d20151003_t1731466_e1737270_b20378_c20151003233728467298_noaa_ops.h5,SVI04_npp_d20151003_t1731466_e1737270_b20378_c20151003233728541959_noaa_ops.dspace_rad,VNFF_npp_d20151003_t1731466_e1737270_b20378_v21.csv,World_EEZ_v8_2014.shp,WPP_BFAR_merge.shp,KKP_IDN_merge_20161208.shp,VNF-VBD_npp_20120301-20151231_global_asia-enhanced_c201607211230.bitmask,NCEI_NGA.union.nga_lead2.add_2015ntl.mask,timezone.shp,VBD_platforms-recurring_2015_r20170330.shp,999999,VBD_bridges_c20160811.shp,9.202956;7.293124;4.987635;0.117751;-4.766567;-9.662423;-14.566307;-12.781590;-10.252750;-5.421471;-0.565886;4.309883,106.389061;120.204430;133.795395;132.636734;131.583801;130.626740;129.763702;115.696312;101.762085;103.094223;104.302101;105.397919,npp_d20151003_t1731466_e1737270_b20378,154.893,111.764,5.8682,94.1316,58.5269,64.547
1230,VBD_npp_d20151003_t1733230_x1182774E_y016518N_l0879_s1934_v23,2017-06-01 16:11:27,1.651769,118.277374,2.52305,2015-10-03 17:33:23,2015-10-04 01:33:23,879,1934,0.442749,1,2273,0.224205,0.183879,0.728106,0.4,0.862839,0.75,0.0196495,0.0001,1.62902e-05,999999,-3.624100e-02,3,Indonesian Exclusive Economic Zone,WPP716,,SVDNB_npp_d20151003_t1731466_e1737270_b20378_c20151003233728467558_noaa_ops.h5,GDNBO_npp_d20151003_t1731466_e1737270_b20378_c20151003233728467298_noaa_ops.h5,SVI04_npp_d20151003_t1731466_e1737270_b20378_c20151003233728541959_noaa_ops.dspace_rad,VNFF_npp_d20151003_t1731466_e1737270_b20378_v21.csv,World_EEZ_v8_2014.shp,WPP_BFAR_merge.shp,KKP_IDN_merge_20161208.shp,VNF-VBD_npp_20120301-20151231_global_asia-enhanced_c201607211230.bitmask,NCEI_NGA.union.nga_lead2.add_2015ntl.mask,timezone.shp,VBD_platforms-recurring_2015_r20170330.shp,999999,VBD_bridges_c20160811.shp,9.202956;7.293124;4.987635;0.117751;-4.766567;-9.662423;-14.566307;-12.781590;-10.252750;-5.421471;-0.565886;4.309883,106.389061;120.204430;133.795395;132.636734;131.583801;130.626740;129.763702;115.696312;101.762085;103.094223;104.302101;105.397919,npp_d20151003_t1731466_e1737270_b20378,155.552,96.1201,5.80603,94.5344,54.6359,68.6578
1231,VBD_npp_d20151003_t1733497_x1179274E_y000825N_l1119_s1934_v23,2017-06-01 16:11:27,0.082545,117.927368,302.188,2015-10-03 17:33:49,2015-10-04 01:33:49,1119,1934,0.434853,4,100845,1.54744,0.167365,0.886226,0.4,0.972516,0.75,0.0190876,0.0001,1.26759e-05,999999,9.873787e-02,3,Indonesian Exclusive Economic Zone,WPP713,,SVDNB_npp_d20151003_t1731466_e1737270_b20378_c20151003233728467558_noaa_ops.h5,GDNBO_npp_d20151003_t1731466_e1737270_b20378_c20151003233728467298_noaa_ops.h5,SVI04_npp_d20151003_t1731466_e1737270_b20378_c20151003233728541959_noaa_ops.dspace_rad,VNFF_npp_d20151003_t1731466_e1737270_b20378_v21.csv,World_EEZ_v8_2014.shp,WPP_BFAR_merge.shp,KKP_IDN_merge_20161208.shp,VNF-VBD_npp_20120301-20151231_global_asia-enhanced_c201607211230.bitmask,NCEI_NGA.union.nga_lead2.add_2015ntl.mask,timezone.shp,VBD_platforms-recurring_2015_r20170330.shp,999999,VBD_bridges_c20160811.shp,9.202956;7.293124;4.987635;0.117751;-4.766567;-9.662423;-14.566307;-12.781590;-10.252750;-5.421471;-0.565886;4.309883,106.389061;120.204430;133.795395;132.636734;131.583801;130.626740;129.763702;115.696312;101.762085;103.094223;104.302101;105.397919,npp_d20151003_t1731466_e1737270_b20378,155.574,99.6101,5.80799,94.5622,55.4528,67.6708
1232,VBD_npp_d20151003_t1735240_x1167004E_y054090S_l1959_s1935_v23,2017-06-01 16:11:27,-5.409000,116.700424,22.3548,2015-10-03 17:35:24,2015-10-04 01:35:24,1959,1935,0.405476,1,2529,0.793348,0.132627,0.86816,0.4,0.913805,0.75,0.0171798,0.0001,5.23018e-06,999999,4.885528e-02,3,Indonesian Exclusive Economic Zone,WPP713,,SVDNB_npp_d20151003_t1731466_e1737270_b20378_c20151003233728467558_noaa_ops.h5,GDNBO_npp_d20151003_t1731466_e1737270_b20378_c20151003233728467298_noaa_ops.h5,SVI04_npp_d20151003_t1731466_e1737270_b20378_c20151003233728541959_noaa_ops.dspace_rad,VNFF_npp_d20151003_t1731466_e1737270_b20378_v21.csv,World_EEZ_v8_2014.shp,WPP_BFAR_merge.shp,KKP_IDN_merge_20161208.shp,VNF-VBD_npp_20120301-20151231_global_asia-enhanced_c201607211230.bitmask,NCEI_NGA.union.nga_lead2.add_2015ntl.mask,timezone.shp,VBD_platforms-recurring_2015_r20170330.shp,999999,VBD_bridges_c20160811.shp,9.202956;7.293124;4.987635;0.117751;-4.766567;-9.662423;-14.566307;-12.781590;-10.252750;-5.421471;-0.565886;4.309883,106.389061;120.204430;133.795395;132.636734;131.583801;130.626740;129.763702;115.696312;101.762085;103.094223;104.302101;105.397919,npp_d20151003_t1731466_e1737270_b20378,154.893,111.63,5.73137,99.2219,58.4813,64.5715
1233,VBD_npp_d20151003_t1733248_x1182826E_y015972N_l0887_s1937_v23,2017-06-01 16:11:27,1.597181,118.282562,6.39165,2015-10-03 17:33:24,2015-10-04 01:33:24,887,1937,0.444669,1,2529,0.451284,0.195027,0.806069,0.4,0.932768,0.75,0.0196529,0.0001,1.82517e-05,999999,-1.273545e-01,3,Indonesian Exclusive Economic Zone,WPP716,,SVDNB_npp_d20151003_t1731466_e1737270_b20378_c20151003233728467558_noaa_ops.h5,GDNBO_npp_d20151003_t1731466_e1737270_b20378_c20151003233728467298_noaa_ops.h5,SVI04_npp_d20151003_t1731466_e1737270_b20378_c20151003233728541959_noaa_ops.dspace_rad,VNFF_npp_d20151003_t1731466_e1737270_b20378_v21.csv,World_EEZ_v8_2014.shp,WPP_BFAR_merge.shp,KKP_IDN_merge_20161208.shp,VNF-VBD_npp_20120301-20151231_global_asia-enhanced_c201607211230.bitmask,NCEI_NGA.union.nga_lead2.add_2015ntl.mask,timezone.shp,VBD_platforms-recurring_2015_r20170330.shp,999999,VBD_bridges_c20160811.shp,9.202956;7.293124;4.987635;0.117751;-4.766567;-9.662423;-14.566307;-12.781590;-10.252750;-5.421471;-0.565886;4.309883,106.389061;120.204430;133.795395;132.636734;131.583801;130.626740;129.763702;115.696312;101.762085;103.094223;104.302101;105.397919,npp_d20151003_t1731466_e1737270_b20378,155.533,96.2368,5.61294,99.1306,54.6444,68.6177
1234,VBD_npp_d20151003_t1734057_x1177672E_y007991S_l1253_s1940_v23,2017-06-01 16:11:27,-0.799108,117.767212,7.84912,2015-10-03 17:34:05,2015-10-04 01:34:05,1253,1940,0.414083,4,51685,0.471108,0.208651,0.790497,0.4,0.924268,0.75,0.0187805,0.0001,1.33946e-05,999999,-2.387062e-01,3,Indonesian Exclusive Economic Zone,WPP713,,SVDNB_npp_d20151003_t1731466_e1737270_b20378_c20151003233728467558_noaa_ops.h5,GDNBO_npp_d20151003_t1731466_e1737270_b20378_c20151003233728467298_noaa_ops.h5,SVI04_npp_d20151003_t1731466_e1737270_b20378_c20151003233728541959_noaa_ops.dspace_rad,VNFF_npp_d20151003_t1731466_e1737270_b20378_v21.csv,World_EEZ_v8_2014.shp,WPP_BFAR_merge.shp,KKP_IDN_merge_20161208.shp,VNF-VBD_npp_20120301-20151231_global_asia-enhanced_c201607211230.bitmask,NCEI_NGA.union.nga_lead2.add_2015ntl.mask,timezone.shp,VBD_platforms-recurring_2015_r20170330.shp,0.368986,VBD_bridges_c20160811.shp,9.202956;7.293124;4.987635;0.117751;-4.766567;-9.662423;-14.566307;-12.781590;-10.252750;-5.421471;-0.565886;4.309883,106.389061;120.204430;133.795395;132.636734;131.583801;130.626740;129.763702;115.696312;101.762085;103.094223;104.302101;105.397919,npp_d20151003_t1731466_e1737270_b20378,155.504,101.554,5.44706,100.362,55.8842,67.1248
1235,VBD_npp_d20151003_t1735080_x1169757E_y044574S_l1812_s1944_v23,2017-06-01 16:11:27,-4.457367,116.975708,4.8896,2015-10-03 17:35:08,2015-10-04 01:35:08,1812,1944,0.419418,1,2529,0.322624,0.137445,0.785659,0.4,0.830263,0.75,0.0174992,0.0001,7.72515e-06,999999,-2.650204e-03,3,Indonesian Exclusive Economic Zone,WPP713,,SVDNB_npp_d20151003_t1731466_e1737270_b20378_c20151003233728467558_noaa_ops.h5,GDNBO_npp_d20151003_t1731466_e1737270_b20378_c20151003233728467298_noaa_ops.h5,SVI04_npp_d20151003_t1731466_e1737270_b20378_c20151003233728541959_noaa_ops.dspace_rad,VNFF_npp_d20151003_t1731466_e1737270_b20378_v21.csv,World_EEZ_v8_2014.shp,WPP_BFAR_merge.shp,KKP_IDN_merge_20161208.shp,VNF-VBD_npp_20120301-20151231_global_asia-enhanced_c201607211230.bitmask,NCEI_NGA.union.nga_lead2.add_2015ntl.mask,timezone.shp,VBD_platforms-recurring_2015_r20170330.shp,999999,VBD_bridges_c20160811.shp,9.202956;7.293124;4.987635;0.117751;-4.766567;-9.662423;-14.566307;-12.781590;-10.252750;-5.421471;-0.565886;4.309883,106.389061;120.204430;133.795395;132.636734;131.583801;130.626740;129.763702;115.696312;101.762085;103.094223;104.302101;105.397919,npp_d20151003_t1731466_e1737270_b20378,155.033,109.548,5.21206,101.153,57.8807,65.0475
1236,VBD_npp_d20151003_t1732261_x1190999E_y050086N_l0364_s1945_v23,2017-06-01 16:11:27,5.008583,119.099937,16.9975,2015-10-03 17:32:26,2015-10-04 01:32:26,364,1945,0.444954,1,2529,0.743962,0.176486,0.878812,0.4,0.955231,0.75,0.0206989,0.0001,3.31043e-05,999999,2.418780e-02,3,Malaysian Exclusive Economic Zone,,,SVDNB_npp_d20151003_t1731466_e1737270_b20378_c20151003233728467558_noaa_ops.h5,GDNBO_npp_d20151003_t1731466_e1737270_b20378_c20151003233728467298_noaa_ops.h5,SVI04_npp_d20151003_t1731466_e1737270_b20378_c20151003233728541959_noaa_ops.dspace_rad,VNFF_npp_d20151003_t1731466_e1737270_b20378_v21.csv,World_EEZ_v8_2014.shp,WPP_BFAR_merge.shp,KKP_IDN_merge_20161208.shp,VNF-VBD_npp_20120301-20151231_global_asia-enhanced_c201607211230.bitmask,NCEI_NGA.union.nga_lead2.add_2015ntl.mask,timezone.shp,VBD_platforms-recurring_2015_r20170330.shp,999999,VBD_bridges_c20160811.shp,9.202956;7.293124;4.987635;0.117751;-4.766567;-9.662423;-14.566307;-12.781590;-10.252750;-5.421471;-0.565886;4.309883,106.389061;120.204430;133.795395;132.636734;131.583801;130.626740;129.763702;115.696312;101.762085;103.094223;104.302101;105.397919,npp_d20151003_t1731466_e1737270_b20378,155.111,88.7901,5.15852,95.9338,52.9017,70.9126
1237,VBD_npp_d20151003_t1734128_x1177024E_y012559S_l1322_s1945_v23,2017-06-01 16:11:27,-1.255896,117.702385,12.274,2015-10-03 17:34:12,2015-10-04 01:34:12,1322,1945,0.419489,11,18913,0.61292,0.199113,0.863575,0.4,0.93436,0.75,0.0186273,0.0001,1.30823e-05,999999,-1.607550e-01,3,Indonesian Exclusive Economic Zone,WPP713,,SVDNB_npp_d20151003_t1731466_e1737270_b20378_c20151003233728467558_noaa_ops.h5,GDNBO_npp_d20151003_t1731466_e1737270_b20378_c20151003233728467298_noaa_ops.h5,SVI04_npp_d20151003_t1731466_e1737270_b20378_c20151003233728541959_noaa_ops.dspace_rad,VNFF_npp_d20151003_t1731466_e1737270_b20378_v21.csv,World_EEZ_v8_2014.shp,WPP_BFAR_merge.shp,KKP_IDN_merge_20161208.shp,VNF-VBD_npp_20120301-20151231_global_asia-enhanced_c201607211230.bitmask,NCEI_NGA.union.nga_lead2.add_2015ntl.mask,timezone.shp,VBD_platforms-recurring_2015_r20170330.shp,0.276209,VBD_bridges_c20160811.shp,9.202956;7.293124;4.987635;0.117751;-4.766567;-9.662423;-14.566307;-12.781590;-10.252750;-5.421471;-0.565886;4.309883,106.389061;120.204430;133.795395;132.636734;131.583801;130.626740;129.763702;115.696312;101.762085;103.094223;104.302101;105.397919,npp_d20151003_t1731466_e1737270_b20378,155.443,102.549,5.15309,97.2606,56.0982,66.8431
1238,VBD_npp_d20151003_t1735080_x1169915E_y044870S_l1816_s1947_v23,2017-06-01 16:11:27,-4.487017,116.991524,2.25403,2015-10-03 17:35:08,2015-10-04 01:35:08,1816,1947,0.422974,7,2209,0.172017,0.144026,0.873087,0.4,0.741593,0.75,0.0174995,0.0001,7.83547e-06,999999,-7.300093e-02,3,,,,SVDNB_npp_d20151003_t1731466_e1737270_b20378_c20151003233728467558_noaa_ops.h5,GDNBO_npp_d20151003_t1731466_e1737270_b20378_c20151003233728467298_noaa_ops.h5,SVI04_npp_d20151003_t1731466_e1737270_b20378_c20151003233728541959_noaa_ops.dspace_rad,VNFF_npp_d20151003_t1731466_e1737270_b20378_v21.csv,World_EEZ_v8_2014.shp,WPP_BFAR_merge.shp,KKP_IDN_merge_20161208.shp,VNF-VBD_npp_20120301-20151231_global_asia-enhanced_c201607211230.bitmask,NCEI_NGA.union.nga_lead2.add_2015ntl.mask,timezone.shp,VBD_platforms-recurring_2015_r20170330.shp,999999,VBD_bridges_c20160811.shp,9.202956;7.293124;4.987635;0.117751;-4.766567;-9.662423;-14.566307;-12.781590;-10.252750;-5.421471;-0.565886;4.309883,106.389061;120.204430;133.795395;132.636734;131.583801;130.626740;129.763702;115.696312;101.762085;103.094223;104.302101;105.397919,npp_d20151003_t1731466_e1737270_b20378,155.009,109.596,5.03432,98.6078,57.8789,65.0245
1239,VBD_npp_d20151003_t1735080_x1170084E_y045100S_l1819_s1950_v23,2017-06-01 16:11:27,-4.510030,117.008377,19.8247,2015-10-03 17:35:08,2015-10-04 01:35:08,1819,1950,0.406685,1,2529,0.663049,0.158174,0.878309,0.4,0.893344,0.75,0.0175025,0.0001,8.0301e-06,999999,-2.242427e-01,3,Indonesian Exclusive Economic Zone,WPP713,,SVDNB_npp_d20151003_t1731466_e1737270_b20378_c20151003233728467558_noaa_ops.h5,GDNBO_npp_d20151003_t1731466_e1737270_b20378_c20151003233728467298_noaa_ops.h5,SVI04_npp_d20151003_t1731466_e1737270_b20378_c20151003233728541959_noaa_ops.dspace_rad,VNFF_npp_d20151003_t1731466_e1737270_b20378_v21.csv,World_EEZ_v8_2014.shp,WPP_BFAR_merge.shp,KKP_IDN_merge_20161208.shp,VNF-VBD_npp_20120301-20151231_global_asia-enhanced_c201607211230.bitmask,NCEI_NGA.union.nga_lead2.add_2015ntl.mask,timezone.shp,VBD_platforms-recurring_2015_r20170330.shp,999999,VBD_bridges_c20160811.shp,9.202956;7.293124;4.987635;0.117751;-4.766567;-9.662423;-14.566307;-12.781590;-10.252750;-5.421471;-0.565886;4.309883,106.389061;120.204430;133.795395;132.636734;131.583801;130.626740;129.763702;115.696312;101.762085;103.094223;104.302101;105.397919,npp_d20151003_t1731466_e1737270_b20378,154.985,109.629,4.86447,96.5629,57.8733,65.0051
1240,VBD_npp_d20151003_t1735080_x1170437E_y045020S_l1817_s1955_v23,2017-06-01 16:11:27,-4.502015,117.043716,8.60543,2015-10-03 17:35:08,2015-10-04 01:35:08,1817,1955,0.312366,1,2529,0.474635,0.147197,0.890758,0.4,0.872779,0.75,0.0175259,0.0001,9.03326e-06,999999,-1.068970e-01,3,Indonesian Exclusive Economic Zone,WPP713,,SVDNB_npp_d20151003_t1731466_e1737270_b20378_c20151003233728467558_noaa_ops.h5,GDNBO_npp_d20151003_t1731466_e1737270_b20378_c20151003233728467298_noaa_ops.h5,SVI04_npp_d20151003_t1731466_e1737270_b20378_c20151003233728541959_noaa_ops.dspace_rad,VNFF_npp_d20151003_t1731466_e1737270_b20378_v21.csv,World_EEZ_v8_2014.shp,WPP_BFAR_merge.shp,KKP_IDN_merge_20161208.shp,VNF-VBD_npp_20120301-20151231_global_asia-enhanced_c201607211230.bitmask,NCEI_NGA.union.nga_lead2.add_2015ntl.mask,timezone.shp,VBD_platforms-recurring_2015_r20170330.shp,999999,VBD_bridges_c20160811.shp,9.202956;7.293124;4.987635;0.117751;-4.766567;-9.662423;-14.566307;-12.781590;-10.252750;-5.421471;-0.565886;4.309883,106.389061;120.204430;133.795395;132.636734;131.583801;130.626740;129.763702;115.696312;101.762085;103.094223;104.302101;105.397919,npp_d20151003_t1731466_e1737270_b20378,154.955,109.584,4.57128,97.8609,57.8377,64.9974
1241,VBD_npp_d20151003_t1735080_x1170406E_y045219S_l1820_s1955_v23,2017-06-01 16:11:27,-4.521877,117.040588,41.6144,2015-10-03 17:35:08,2015-10-04 01:35:08,1820,1955,0.410455,1,2529,1.00539,0.150175,0.896822,0.4,0.957135,0.75,0.017518,0.0001,8.73663e-06,999999,-1.387291e-01,3,Indonesian Exclusive Economic Zone,WPP713,,SVDNB_npp_d20151003_t1731466_e1737270_b20378_c20151003233728467558_noaa_ops.h5,GDNBO_npp_d20151003_t1731466_e1737270_b20378_c20151003233728467298_noaa_ops.h5,SVI04_npp_d20151003_t1731466_e1737270_b20378_c20151003233728541959_noaa_ops.dspace_rad,VNFF_npp_d20151003_t1731466_e1737270_b20378_v21.csv,World_EEZ_v8_2014.shp,WPP_BFAR_merge.shp,KKP_IDN_merge_20161208.shp,VNF-VBD_npp_20120301-20151231_global_asia-enhanced_c201607211230.bitmask,NCEI_NGA.union.nga_lead2.add_2015ntl.mask,timezone.shp,VBD_platforms-recurring_2015_r20170330.shp,999999,VBD_bridges_c20160811.shp,9.202956;7.293124;4.987635;0.117751;-4.766567;-9.662423;-14.566307;-12.781590;-10.252750;-5.421471;-0.565886;4.309883,106.389061;120.204430;133.795395;132.636734;131.583801;130.626740;129.763702;115.696312;101.762085;103.094223;104.302101;105.397919,npp_d20151003_t1731466_e1737270_b20378,154.951,109.627,4.5778,95.6922,57.849,64.9868
1242,VBD_npp_d20151003_t1733230_x1185039E_y017113N_l0865_s1966_v23,2017-06-01 16:11:27,1.711260,118.503853,5.55233,2015-10-03 17:33:23,2015-10-04 01:33:23,865,1966,0.437414,1,2529,0.40201,0.200489,0.739309,0.4,0.917038,0.75,0.0197807,0.0001,3.27913e-05,999999,-1.719990e-01,3,Indonesian Exclusive Economic Zone,WPP716,,SVDNB_npp_d20151003_t1731466_e1737270_b20378_c20151003233728467558_noaa_ops.h5,GDNBO_npp_d20151003_t1731466_e1737270_b20378_c20151003233728467298_noaa_ops.h5,SVI04_npp_d20151003_t1731466_e1737270_b20378_c20151003233728541959_noaa_ops.dspace_rad,VNFF_npp_d20151003_t1731466_e1737270_b20378_v21.csv,World_EEZ_v8_2014.shp,WPP_BFAR_merge.shp,KKP_IDN_merge_20161208.shp,VNF-VBD_npp_20120301-20151231_global_asia-enhanced_c201607211230.bitmask,NCEI_NGA.union.nga_lead2.add_2015ntl.mask,timezone.shp,VBD_platforms-recurring_2015_r20170330.shp,999999,VBD_bridges_c20160811.shp,9.202956;7.293124;4.987635;0.117751;-4.766567;-9.662423;-14.566307;-12.781590;-10.252750;-5.421471;-0.565886;4.309883,106.389061;120.204430;133.795395;132.636734;131.583801;130.626740;129.763702;115.696312;101.762085;103.094223;104.302101;105.397919,npp_d20151003_t1731466_e1737270_b20378,155.333,95.9452,3.95273,104.319,54.401,68.6446
1243,VBD_npp_d20151003_t1733230_x1185699E_y017009N_l0865_s1976_v23,2017-06-01 16:11:27,1.700895,118.569939,16.7975,2015-10-03 17:33:23,2015-10-04 01:33:23,865,1976,0.3963,1,2529,0.725422,0.217236,0.868928,0.4,0.95468,0.75,0.0198176,0.0001,3.8917e-05,999999,-3.088808e-01,3,Indonesian Exclusive Economic Zone,WPP716,,SVDNB_npp_d20151003_t1731466_e1737270_b20378_c20151003233728467558_noaa_ops.h5,GDNBO_npp_d20151003_t1731466_e1737270_b20378_c20151003233728467298_noaa_ops.h5,SVI04_npp_d20151003_t1731466_e1737270_b20378_c20151003233728541959_noaa_ops.dspace_rad,VNFF_npp_d20151003_t1731466_e1737270_b20378_v21.csv,World_EEZ_v8_2014.shp,WPP_BFAR_merge.shp,KKP_IDN_merge_20161208.shp,VNF-VBD_npp_20120301-20151231_global_asia-enhanced_c201607211230.bitmask,NCEI_NGA.union.nga_lead2.add_2015ntl.mask,timezone.shp,VBD_platforms-recurring_2015_r20170330.shp,999999,VBD_bridges_c20160811.shp,9.202956;7.293124;4.987635;0.117751;-4.766567;-9.662423;-14.566307;-12.781590;-10.252750;-5.421471;-0.565886;4.309883,106.389061;120.204430;133.795395;132.636734;131.583801;130.626740;129.763702;115.696312;101.762085;103.094223;104.302101;105.397919,npp_d20151003_t1731466_e1737270_b20378,155.266,95.9547,3.37656,105.28,54.3427,68.6217
1244,VBD_npp_d20151003_t1733248_x1188050E_y014749N_l0893_s2017_v23,2017-06-01 16:11:27,1.474879,118.805031,3.25891,2015-10-03 17:33:24,2015-10-04 01:33:24,893,2017,0.435991,8,18657,0.208178,0.189855,0.719096,0.4,0.794274,0.75,0.0199392,0.0001,6.72158e-05,999999,-8.508026e-02,3,Indonesian Exclusive Economic Zone,WPP716,,SVDNB_npp_d20151003_t1731466_e1737270_b20378_c20151003233728467558_noaa_ops.h5,GDNBO_npp_d20151003_t1731466_e1737270_b20378_c20151003233728467298_noaa_ops.h5,SVI04_npp_d20151003_t1731466_e1737270_b20378_c20151003233728541959_noaa_ops.dspace_rad,VNFF_npp_d20151003_t1731466_e1737270_b20378_v21.csv,World_EEZ_v8_2014.shp,WPP_BFAR_merge.shp,KKP_IDN_merge_20161208.shp,VNF-VBD_npp_20120301-20151231_global_asia-enhanced_c201607211230.bitmask,NCEI_NGA.union.nga_lead2.add_2015ntl.mask,timezone.shp,VBD_platforms-recurring_2015_r20170330.shp,0.60168,VBD_bridges_c20160811.shp,9.202956;7.293124;4.987635;0.117751;-4.766567;-9.662423;-14.566307;-12.781590;-10.252750;-5.421471;-0.565886;4.309883,106.389061;120.204430;133.795395;132.636734;131.583801;130.626740;129.763702;115.696312;101.762085;103.094223;104.302101;105.397919,npp_d20151003_t1731466_e1737270_b20378,155.001,96.39,1.02468,81.4302,54.1987,68.4071
1245,VBD_npp_d20151003_t1733248_x1188127E_y014804N_l0892_s2018_v23,2017-06-01 16:11:27,1.480445,118.812660,7.05015,2015-10-03 17:33:24,2015-10-04 01:33:24,892,2018,0.434071,8,18913,0.380831,0.181372,0.719096,0.4,0.797977,0.75,0.019944,0.0001,6.88852e-05,999999,-1.574987e-02,3,Indonesian Exclusive Economic Zone,WPP716,,SVDNB_npp_d20151003_t1731466_e1737270_b20378_c20151003233728467558_noaa_ops.h5,GDNBO_npp_d20151003_t1731466_e1737270_b20378_c20151003233728467298_noaa_ops.h5,SVI04_npp_d20151003_t1731466_e1737270_b20378_c20151003233728541959_noaa_ops.dspace_rad,VNFF_npp_d20151003_t1731466_e1737270_b20378_v21.csv,World_EEZ_v8_2014.shp,WPP_BFAR_merge.shp,KKP_IDN_merge_20161208.shp,VNF-VBD_npp_20120301-20151231_global_asia-enhanced_c201607211230.bitmask,NCEI_NGA.union.nga_lead2.add_2015ntl.mask,timezone.shp,VBD_platforms-recurring_2015_r20170330.shp,0.501528,VBD_bridges_c20160811.shp,9.202956;7.293124;4.987635;0.117751;-4.766567;-9.662423;-14.566307;-12.781590;-10.252750;-5.421471;-0.565886;4.309883,106.389061;120.204430;133.795395;132.636734;131.583801;130.626740;129.763702;115.696312;101.762085;103.094223;104.302101;105.397919,npp_d20151003_t1731466_e1737270_b20378,154.994,96.3765,0.952819,83.7056,54.1895,68.4091
1246,VBD_npp_d20151003_t1734502_x1176911E_y035479S_l1661_s2018_v23,2017-06-01 16:11:27,-3.547872,117.691116,2.56012,2015-10-03 17:34:50,2015-10-04 01:34:50,1661,2018,0.42084,4,18917,0.218934,0.131091,0.692163,0.4,0.893706,0.75,0.0181611,0.0001,3.15904e-05,999999,6.528280e-02,3,Indonesian Exclusive Economic Zone,WPP713,,SVDNB_npp_d20151003_t1731466_e1737270_b20378_c20151003233728467558_noaa_ops.h5,GDNBO_npp_d20151003_t1731466_e1737270_b20378_c20151003233728467298_noaa_ops.h5,SVI04_npp_d20151003_t1731466_e1737270_b20378_c20151003233728541959_noaa_ops.dspace_rad,VNFF_npp_d20151003_t1731466_e1737270_b20378_v21.csv,World_EEZ_v8_2014.shp,WPP_BFAR_merge.shp,KKP_IDN_merge_20161208.shp,VNF-VBD_npp_20120301-20151231_global_asia-enhanced_c201607211230.bitmask,NCEI_NGA.union.nga_lead2.add_2015ntl.mask,timezone.shp,VBD_platforms-recurring_2015_r20170330.shp,0.465906,VBD_bridges_c20160811.shp,9.202956;7.293124;4.987635;0.117751;-4.766567;-9.662423;-14.566307;-12.781590;-10.252750;-5.421471;-0.565886;4.309883,106.389061;120.204430;133.795395;132.636734;131.583801;130.626740;129.763702;115.696312;101.762085;103.094223;104.302101;105.397919,npp_d20151003_t1731466_e1737270_b20378,154.713,107.233,0.970269,80.5011,56.9073,65.3695
1247,VBD_npp_d20151003_t1733248_x1188172E_y014662N_l0894_s2019_v23,2017-06-01 16:11:27,1.466220,118.817192,2.68397,2015-10-03 17:33:24,2015-10-04 01:33:24,894,2019,0.430728,1,2273,0.185807,0.177139,0.718025,0.4,0.795025,0.75,0.0199441,0.0001,6.87174e-05,999999,1.885067e-02,3,Indonesian Exclusive Economic Zone,WPP716,,SVDNB_npp_d20151003_t1731466_e1737270_b20378_c20151003233728467558_noaa_ops.h5,GDNBO_npp_d20151003_t1731466_e1737270_b20378_c20151003233728467298_noaa_ops.h5,SVI04_npp_d20151003_t1731466_e1737270_b20378_c20151003233728541959_noaa_ops.dspace_rad,VNFF_npp_d20151003_t1731466_e1737270_b20378_v21.csv,World_EEZ_v8_2014.shp,WPP_BFAR_merge.shp,KKP_IDN_merge_20161208.shp,VNF-VBD_npp_20120301-20151231_global_asia-enhanced_c201607211230.bitmask,NCEI_NGA.union.nga_lead2.add_2015ntl.mask,timezone.shp,VBD_platforms-recurring_2015_r20170330.shp,999999,VBD_bridges_c20160811.shp,9.202956;7.293124;4.987635;0.117751;-4.766567;-9.662423;-14.566307;-12.781590;-10.252750;-5.421471;-0.565886;4.309883,106.389061;120.204430;133.795395;132.636734;131.583801;130.626740;129.763702;115.696312;101.762085;103.094223;104.302101;105.397919,npp_d20151003_t1731466_e1737270_b20378,154.988,96.4058,0.935617,75.9426,54.1905,68.3981
1248,VBD_npp_d20151003_t1732207_x1200079E_y052594N_l0306_s2070_v23,2017-06-01 16:11:27,5.259442,120.007874,2.30974,2015-10-03 17:32:20,2015-10-04 01:32:20,306,2070,0.430159,8,18913,0.20875,0.13727,0.688111,0.4,0.88976,0.75,0.0212044,0.0001,0.000255152,999999,3.762569e-02,3,Philippines Exclusive Economic Zone,ARMM,,SVDNB_npp_d20151003_t1731466_e1737270_b20378_c20151003233728467558_noaa_ops.h5,GDNBO_npp_d20151003_t1731466_e1737270_b20378_c20151003233728467298_noaa_ops.h5,SVI04_npp_d20151003_t1731466_e1737270_b20378_c20151003233728541959_noaa_ops.dspace_rad,VNFF_npp_d20151003_t1731466_e1737270_b20378_v21.csv,World_EEZ_v8_2014.shp,WPP_BFAR_merge.shp,KKP_IDN_merge_20161208.shp,VNF-VBD_npp_20120301-20151231_global_asia-enhanced_c201607211230.bitmask,NCEI_NGA.union.nga_lead2.add_2015ntl.mask,timezone.shp,VBD_platforms-recurring_2015_r20170330.shp,0.133459,VBD_bridges_c20160811.shp,9.202956;7.293124;4.987635;0.117751;-4.766567;-9.662423;-14.566307;-12.781590;-10.252750;-5.421471;-0.565886;4.309883,106.389061;120.204430;133.795395;132.636734;131.583801;130.626740;129.763702;115.696312;101.762085;103.094223;104.302101;105.397919,npp_d20151003_t1731466_e1737270_b20378,154.223,88.3855,2.11746,-90.1901,51.9756,70.9513
1249,VBD_npp_d20151003_t1732207_x1200221E_y052640N_l0305_s2072_v23,2017-06-01 16:11:27,5.263964,120.022133,2.40708,2015-10-03 17:32:20,2015-10-04 01:32:20,305,2072,0.433786,1,2529,0.212427,0.139335,0.691243,0.4,0.894613,0.75,0.0212125,0.0001,0.000264037,999999,1.612661e-02,3,Philippines Exclusive Economic Zone,ARMM,,SVDNB_npp_d20151003_t1731466_e1737270_b20378_c20151003233728467558_noaa_ops.h5,GDNBO_npp_d20151003_t1731466_e1737270_b20378_c20151003233728467298_noaa_ops.h5,SVI04_npp_d20151003_t1731466_e1737270_b20378_c20151003233728541959_noaa_ops.dspace_rad,VNFF_npp_d20151003_t1731466_e1737270_b20378_v21.csv,World_EEZ_v8_2014.shp,WPP_BFAR_merge.shp,KKP_IDN_merge_20161208.shp,VNF-VBD_npp_20120301-20151231_global_asia-enhanced_c201607211230.bitmask,NCEI_NGA.union.nga_lead2.add_2015ntl.mask,timezone.shp,VBD_platforms-recurring_2015_r20170330.shp,999999,VBD_bridges_c20160811.shp,9.202956;7.293124;4.987635;0.117751;-4.766567;-9.662423;-14.566307;-12.781590;-10.252750;-5.421471;-0.565886;4.309883,106.389061;120.204430;133.795395;132.636734;131.583801;130.626740;129.763702;115.696312;101.762085;103.094223;104.302101;105.397919,npp_d20151003_t1731466_e1737270_b20378,154.208,88.3783,2.24134,-91.1841,51.9605,70.9523
1250,VBD_npp_d20151003_t1732136_x1201435E_y055972N_l0253_s2078_v23,2017-06-01 16:11:27,5.597153,120.143478,26.3055,2015-10-03 17:32:13,2015-10-04 01:32:13,253,2078,0.432862,1,2529,0.728265,0.151502,0.861347,0.4,0.897888,0.75,0.0213371,0.0001,0.000273976,999999,-1.105430e-01,3,Philippines Exclusive Economic Zone,ARMM,,SVDNB_npp_d20151003_t1731466_e1737270_b20378_c20151003233728467558_noaa_ops.h5,GDNBO_npp_d20151003_t1731466_e1737270_b20378_c20151003233728467298_noaa_ops.h5,SVI04_npp_d20151003_t1731466_e1737270_b20378_c20151003233728541959_noaa_ops.dspace_rad,VNFF_npp_d20151003_t1731466_e1737270_b20378_v21.csv,World_EEZ_v8_2014.shp,WPP_BFAR_merge.shp,KKP_IDN_merge_20161208.shp,VNF-VBD_npp_20120301-20151231_global_asia-enhanced_c201607211230.bitmask,NCEI_NGA.union.nga_lead2.add_2015ntl.mask,timezone.shp,VBD_platforms-recurring_2015_r20170330.shp,999999,VBD_bridges_c20160811.shp,9.202956;7.293124;4.987635;0.117751;-4.766567;-9.662423;-14.566307;-12.781590;-10.252750;-5.421471;-0.565886;4.309883,106.389061;120.204430;133.795395;132.636734;131.583801;130.626740;129.763702;115.696312;101.762085;103.094223;104.302101;105.397919,npp_d20151003_t1731466_e1737270_b20378,154.106,87.7058,2.57104,-74.4214,51.7631,71.1912
1251,VBD_npp_d20151003_t1732136_x1201546E_y055819N_l0255_s2080_v23,2017-06-01 16:11:27,5.581876,120.154640,54.0139,2015-10-03 17:32:13,2015-10-04 01:32:13,255,2080,0.431368,1,2529,0.875838,0.131181,0.866597,0.4,0.914825,0.75,0.0213401,0.0001,0.000277009,999999,1.010122e-01,3,Philippines Exclusive Economic Zone,ARMM,,SVDNB_npp_d20151003_t1731466_e1737270_b20378_c20151003233728467558_noaa_ops.h5,GDNBO_npp_d20151003_t1731466_e1737270_b20378_c20151003233728467298_noaa_ops.h5,SVI04_npp_d20151003_t1731466_e1737270_b20378_c20151003233728541959_noaa_ops.dspace_rad,VNFF_npp_d20151003_t1731466_e1737270_b20378_v21.csv,World_EEZ_v8_2014.shp,WPP_BFAR_merge.shp,KKP_IDN_merge_20161208.shp,VNF-VBD_npp_20120301-20151231_global_asia-enhanced_c201607211230.bitmask,NCEI_NGA.union.nga_lead2.add_2015ntl.mask,timezone.shp,VBD_platforms-recurring_2015_r20170330.shp,999999,VBD_bridges_c20160811.shp,9.202956;7.293124;4.987635;0.117751;-4.766567;-9.662423;-14.566307;-12.781590;-10.252750;-5.421471;-0.565886;4.309883,106.389061;120.204430;133.795395;132.636734;131.583801;130.626740;129.763702;115.696312;101.762085;103.094223;104.302101;105.397919,npp_d20151003_t1731466_e1737270_b20378,154.095,87.7393,2.70127,-72.2784,51.7574,71.1777
1252,VBD_npp_d20151003_t1732190_x1201018E_y053392N_l0292_s2081_v23,2017-06-01 16:11:27,5.339248,120.101814,12.6788,2015-10-03 17:32:19,2015-10-04 01:32:19,292,2081,0.438054,1,2529,0.544257,0.129617,0.810178,0.4,0.867988,0.75,0.0212644,0.0001,0.000294126,999999,1.172946e-01,3,Philippines Exclusive Economic Zone,ARMM,,SVDNB_npp_d20151003_t1731466_e1737270_b20378_c20151003233728467558_noaa_ops.h5,GDNBO_npp_d20151003_t1731466_e1737270_b20378_c20151003233728467298_noaa_ops.h5,SVI04_npp_d20151003_t1731466_e1737270_b20378_c20151003233728541959_noaa_ops.dspace_rad,VNFF_npp_d20151003_t1731466_e1737270_b20378_v21.csv,World_EEZ_v8_2014.shp,WPP_BFAR_merge.shp,KKP_IDN_merge_20161208.shp,VNF-VBD_npp_20120301-20151231_global_asia-enhanced_c201607211230.bitmask,NCEI_NGA.union.nga_lead2.add_2015ntl.mask,timezone.shp,VBD_platforms-recurring_2015_r20170330.shp,999999,VBD_bridges_c20160811.shp,9.202956;7.293124;4.987635;0.117751;-4.766567;-9.662423;-14.566307;-12.781590;-10.252750;-5.421471;-0.565886;4.309883,106.389061;120.204430;133.795395;132.636734;131.583801;130.626740;129.763702;115.696312;101.762085;103.094223;104.302101;105.397919,npp_d20151003_t1731466_e1737270_b20378,154.134,88.2339,2.73456,-85.6716,51.8667,70.9974
1253,VBD_npp_d20151003_t1732136_x1201710E_y055996N_l0252_s2082_v23,2017-06-01 16:11:27,5.599584,120.170990,41.2568,2015-10-03 17:32:13,2015-10-04 01:32:13,252,2082,0.431652,1,2529,0.842423,0.138599,0.870951,0.4,0.897377,0.75,0.0213539,0.0001,0.000290936,999999,2.378720e-02,3,Philippines Exclusive Economic Zone,ARMM,,SVDNB_npp_d20151003_t1731466_e1737270_b20378_c20151003233728467558_noaa_ops.h5,GDNBO_npp_d20151003_t1731466_e1737270_b20378_c20151003233728467298_noaa_ops.h5,SVI04_npp_d20151003_t1731466_e1737270_b20378_c20151003233728541959_noaa_ops.dspace_rad,VNFF_npp_d20151003_t1731466_e1737270_b20378_v21.csv,World_EEZ_v8_2014.shp,WPP_BFAR_merge.shp,KKP_IDN_merge_20161208.shp,VNF-VBD_npp_20120301-20151231_global_asia-enhanced_c201607211230.bitmask,NCEI_NGA.union.nga_lead2.add_2015ntl.mask,timezone.shp,VBD_platforms-recurring_2015_r20170330.shp,999999,VBD_bridges_c20160811.shp,9.202956;7.293124;4.987635;0.117751;-4.766567;-9.662423;-14.566307;-12.781590;-10.252750;-5.421471;-0.565886;4.309883,106.389061;120.204430;133.795395;132.636734;131.583801;130.626740;129.763702;115.696312;101.762085;103.094223;104.302101;105.397919,npp_d20151003_t1731466_e1737270_b20378,154.078,87.7058,2.7957,-76.1548,51.7361,71.1886
1254,VBD_npp_d20151003_t1732136_x1201679E_y055798N_l0255_s2082_v23,2017-06-01 16:11:27,5.579791,120.167892,59.0675,2015-10-03 17:32:13,2015-10-04 01:32:13,255,2082,0.43279,1,2529,0.905738,0.12272,0.866597,0.4,0.912544,0.75,0.0213474,0.0001,0.000284358,999999,1.890933e-01,3,Philippines Exclusive Economic Zone,ARMM,,SVDNB_npp_d20151003_t1731466_e1737270_b20378_c20151003233728467558_noaa_ops.h5,GDNBO_npp_d20151003_t1731466_e1737270_b20378_c20151003233728467298_noaa_ops.h5,SVI04_npp_d20151003_t1731466_e1737270_b20378_c20151003233728541959_noaa_ops.dspace_rad,VNFF_npp_d20151003_t1731466_e1737270_b20378_v21.csv,World_EEZ_v8_2014.shp,WPP_BFAR_merge.shp,KKP_IDN_merge_20161208.shp,VNF-VBD_npp_20120301-20151231_global_asia-enhanced_c201607211230.bitmask,NCEI_NGA.union.nga_lead2.add_2015ntl.mask,timezone.shp,VBD_platforms-recurring_2015_r20170330.shp,999999,VBD_bridges_c20160811.shp,9.202956;7.293124;4.987635;0.117751;-4.766567;-9.662423;-14.566307;-12.781590;-10.252750;-5.421471;-0.565886;4.309883,106.389061;120.204430;133.795395;132.636734;131.583801;130.626740;129.763702;115.696312;101.762085;103.094223;104.302101;105.397919,npp_d20151003_t1731466_e1737270_b20378,154.082,87.7459,2.81576,-72.6428,51.7455,71.1739
1255,VBD_npp_d20151003_t1732190_x1201171E_y053504N_l0290_s2083_v23,2017-06-01 16:11:27,5.350366,120.117111,7.86761,2015-10-03 17:32:19,2015-10-04 01:32:19,290,2083,0.431937,1,2529,0.400381,0.112829,0.814095,0.4,0.83179,0.75,0.021276,0.0001,0.000306441,999999,2.920632e-01,3,Philippines Exclusive Economic Zone,ARMM,,SVDNB_npp_d20151003_t1731466_e1737270_b20378_c20151003233728467558_noaa_ops.h5,GDNBO_npp_d20151003_t1731466_e1737270_b20378_c20151003233728467298_noaa_ops.h5,SVI04_npp_d20151003_t1731466_e1737270_b20378_c20151003233728541959_noaa_ops.dspace_rad,VNFF_npp_d20151003_t1731466_e1737270_b20378_v21.csv,World_EEZ_v8_2014.shp,WPP_BFAR_merge.shp,KKP_IDN_merge_20161208.shp,VNF-VBD_npp_20120301-20151231_global_asia-enhanced_c201607211230.bitmask,NCEI_NGA.union.nga_lead2.add_2015ntl.mask,timezone.shp,VBD_platforms-recurring_2015_r20170330.shp,999999,VBD_bridges_c20160811.shp,9.202956;7.293124;4.987635;0.117751;-4.766567;-9.662423;-14.566307;-12.781590;-10.252750;-5.421471;-0.565886;4.309883,106.389061;120.204430;133.795395;132.636734;131.583801;130.626740;129.763702;115.696312;101.762085;103.094223;104.302101;105.397919,npp_d20151003_t1731466_e1737270_b20378,154.119,88.2134,2.86123,-87.7944,51.8485,71.0033
1256,VBD_npp_d20151003_t1732172_x1201756E_y053753N_l0285_s2090_v23,2017-06-01 16:11:27,5.375317,120.175552,14.2809,2015-10-03 17:32:17,2015-10-04 01:32:17,285,2090,0.42582,1,2529,0.569665,0.133045,0.828436,0.4,0.880926,0.75,0.0213123,0.0001,0.000312542,999999,8.161010e-02,3,Philippines Exclusive Economic Zone,ARMM,,SVDNB_npp_d20151003_t1731466_e1737270_b20378_c20151003233728467558_noaa_ops.h5,GDNBO_npp_d20151003_t1731466_e1737270_b20378_c20151003233728467298_noaa_ops.h5,SVI04_npp_d20151003_t1731466_e1737270_b20378_c20151003233728541959_noaa_ops.dspace_rad,VNFF_npp_d20151003_t1731466_e1737270_b20378_v21.csv,World_EEZ_v8_2014.shp,WPP_BFAR_merge.shp,KKP_IDN_merge_20161208.shp,VNF-VBD_npp_20120301-20151231_global_asia-enhanced_c201607211230.bitmask,NCEI_NGA.union.nga_lead2.add_2015ntl.mask,timezone.shp,VBD_platforms-recurring_2015_r20170330.shp,999999,VBD_bridges_c20160811.shp,9.202956;7.293124;4.987635;0.117751;-4.766567;-9.662423;-14.566307;-12.781590;-10.252750;-5.421471;-0.565886;4.309883,106.389061;120.204430;133.795395;132.636734;131.583801;130.626740;129.763702;115.696312;101.762085;103.094223;104.302101;105.397919,npp_d20151003_t1731466_e1737270_b20378,154.067,88.1701,3.25986,-75.8343,51.7915,71.0137
1257,VBD_npp_d20151003_t1732172_x1201975E_y053854N_l0283_s2093_v23,2017-06-01 16:11:27,5.385388,120.197495,23.061,2015-10-03 17:32:17,2015-10-04 01:32:17,283,2093,0.427953,1,2529,0.668378,0.132572,0.839782,0.4,0.86368,0.75,0.0213276,0.0001,0.000329793,999999,8.652952e-02,3,Philippines Exclusive Economic Zone,ARMM,,SVDNB_npp_d20151003_t1731466_e1737270_b20378_c20151003233728467558_noaa_ops.h5,GDNBO_npp_d20151003_t1731466_e1737270_b20378_c20151003233728467298_noaa_ops.h5,SVI04_npp_d20151003_t1731466_e1737270_b20378_c20151003233728541959_noaa_ops.dspace_rad,VNFF_npp_d20151003_t1731466_e1737270_b20378_v21.csv,World_EEZ_v8_2014.shp,WPP_BFAR_merge.shp,KKP_IDN_merge_20161208.shp,VNF-VBD_npp_20120301-20151231_global_asia-enhanced_c201607211230.bitmask,NCEI_NGA.union.nga_lead2.add_2015ntl.mask,timezone.shp,VBD_platforms-recurring_2015_r20170330.shp,999999,VBD_bridges_c20160811.shp,9.202956;7.293124;4.987635;0.117751;-4.766567;-9.662423;-14.566307;-12.781590;-10.252750;-5.421471;-0.565886;4.309883,106.389061;120.204430;133.795395;132.636734;131.583801;130.626740;129.763702;115.696312;101.762085;103.094223;104.302101;105.397919,npp_d20151003_t1731466_e1737270_b20378,154.045,88.1529,3.42487,-78.0282,51.7673,71.0177
1258,VBD_npp_d20151003_t1732172_x1202062E_y053975N_l0281_s2094_v23,2017-06-01 16:11:27,5.397548,120.206192,6.58035,2015-10-03 17:32:17,2015-10-04 01:32:17,281,2094,0.426958,7,2465,0.209942,0.148359,0.836385,0.4,0.570906,0.75,0.0213355,0.0001,0.000339129,999999,-7.781852e-02,3,,,,SVDNB_npp_d20151003_t1731466_e1737270_b20378_c20151003233728467558_noaa_ops.h5,GDNBO_npp_d20151003_t1731466_e1737270_b20378_c20151003233728467298_noaa_ops.h5,SVI04_npp_d20151003_t1731466_e1737270_b20378_c20151003233728541959_noaa_ops.dspace_rad,VNFF_npp_d20151003_t1731466_e1737270_b20378_v21.csv,World_EEZ_v8_2014.shp,WPP_BFAR_merge.shp,KKP_IDN_merge_20161208.shp,VNF-VBD_npp_20120301-20151231_global_asia-enhanced_c201607211230.bitmask,NCEI_NGA.union.nga_lead2.add_2015ntl.mask,timezone.shp,VBD_platforms-recurring_2015_r20170330.shp,999999,VBD_bridges_c20160811.shp,9.202956;7.293124;4.987635;0.117751;-4.766567;-9.662423;-14.566307;-12.781590;-10.252750;-5.421471;-0.565886;4.309883,106.389061;120.204430;133.795395;132.636734;131.583801;130.626740;129.763702;115.696312;101.762085;103.094223;104.302101;105.397919,npp_d20151003_t1731466_e1737270_b20378,154.036,88.1293,3.47862,-79.9794,51.7551,71.0256
1259,VBD_npp_d20151003_t1732172_x1202149E_y054097N_l0279_s2095_v23,2017-06-01 16:11:27,5.409708,120.214882,15.4668,2015-10-03 17:32:17,2015-10-04 01:32:17,279,2095,0.42646,1,2529,0.46742,0.143041,0.833718,0.4,0.80689,0.75,0.0213435,0.0001,0.000348681,999999,-2.246022e-02,3,Philippines Exclusive Economic Zone,ARMM,,SVDNB_npp_d20151003_t1731466_e1737270_b20378_c20151003233728467558_noaa_ops.h5,GDNBO_npp_d20151003_t1731466_e1737270_b20378_c20151003233728467298_noaa_ops.h5,SVI04_npp_d20151003_t1731466_e1737270_b20378_c20151003233728541959_noaa_ops.dspace_rad,VNFF_npp_d20151003_t1731466_e1737270_b20378_v21.csv,World_EEZ_v8_2014.shp,WPP_BFAR_merge.shp,KKP_IDN_merge_20161208.shp,VNF-VBD_npp_20120301-20151231_global_asia-enhanced_c201607211230.bitmask,NCEI_NGA.union.nga_lead2.add_2015ntl.mask,timezone.shp,VBD_platforms-recurring_2015_r20170330.shp,999999,VBD_bridges_c20160811.shp,9.202956;7.293124;4.987635;0.117751;-4.766567;-9.662423;-14.566307;-12.781590;-10.252750;-5.421471;-0.565886;4.309883,106.389061;120.204430;133.795395;132.636734;131.583801;130.626740;129.763702;115.696312;101.762085;103.094223;104.302101;105.397919,npp_d20151003_t1731466_e1737270_b20378,154.027,88.1058,3.53629,-81.8693,51.7428,71.0334
1260,VBD_npp_d20151003_t1732172_x1202174E_y053823N_l0283_s2096_v23,2017-06-01 16:11:27,5.382259,120.217369,15.6544,2015-10-03 17:32:17,2015-10-04 01:32:17,283,2096,0.426104,1,2529,0.53071,0.133601,0.829587,0.4,0.826422,0.75,0.0213386,0.0001,0.000342637,999999,7.581824e-02,3,Philippines Exclusive Economic Zone,ARMM,,SVDNB_npp_d20151003_t1731466_e1737270_b20378_c20151003233728467558_noaa_ops.h5,GDNBO_npp_d20151003_t1731466_e1737270_b20378_c20151003233728467298_noaa_ops.h5,SVI04_npp_d20151003_t1731466_e1737270_b20378_c20151003233728541959_noaa_ops.dspace_rad,VNFF_npp_d20151003_t1731466_e1737270_b20378_v21.csv,World_EEZ_v8_2014.shp,WPP_BFAR_merge.shp,KKP_IDN_merge_20161208.shp,VNF-VBD_npp_20120301-20151231_global_asia-enhanced_c201607211230.bitmask,NCEI_NGA.union.nga_lead2.add_2015ntl.mask,timezone.shp,VBD_platforms-recurring_2015_r20170330.shp,999999,VBD_bridges_c20160811.shp,9.202956;7.293124;4.987635;0.117751;-4.766567;-9.662423;-14.566307;-12.781590;-10.252750;-5.421471;-0.565886;4.309883,106.389061;120.204430;133.795395;132.636734;131.583801;130.626740;129.763702;115.696312;101.762085;103.094223;104.302101;105.397919,npp_d20151003_t1731466_e1737270_b20378,154.025,88.1625,3.59837,-78.1796,51.7494,71.012
1261,VBD_npp_d20151003_t1732172_x1202327E_y053934N_l0281_s2098_v23,2017-06-01 16:11:27,5.393377,120.232697,51.7454,2015-10-03 17:32:17,2015-10-04 01:32:17,281,2098,0.426033,2,2465,0.641249,0.130315,0.833718,0.4,0.640606,0.75,0.0213502,0.0001,0.000356791,999999,1.100266e-01,3,Philippines Exclusive Economic Zone,ARMM,,SVDNB_npp_d20151003_t1731466_e1737270_b20378_c20151003233728467558_noaa_ops.h5,GDNBO_npp_d20151003_t1731466_e1737270_b20378_c20151003233728467298_noaa_ops.h5,SVI04_npp_d20151003_t1731466_e1737270_b20378_c20151003233728541959_noaa_ops.dspace_rad,VNFF_npp_d20151003_t1731466_e1737270_b20378_v21.csv,World_EEZ_v8_2014.shp,WPP_BFAR_merge.shp,KKP_IDN_merge_20161208.shp,VNF-VBD_npp_20120301-20151231_global_asia-enhanced_c201607211230.bitmask,NCEI_NGA.union.nga_lead2.add_2015ntl.mask,timezone.shp,VBD_platforms-recurring_2015_r20170330.shp,999999,VBD_bridges_c20160811.shp,9.202956;7.293124;4.987635;0.117751;-4.766567;-9.662423;-14.566307;-12.781590;-10.252750;-5.421471;-0.565886;4.309883,106.389061;120.204430;133.795395;132.636734;131.583801;130.626740;129.763702;115.696312;101.762085;103.094223;104.302101;105.397919,npp_d20151003_t1731466_e1737270_b20378,154.009,88.1422,3.71025,-80.0535,51.7312,71.0179
1262,VBD_npp_d20151003_t1732172_x1202491E_y054111N_l0278_s2100_v23,2017-06-01 16:11:27,5.411099,120.249069,28.4243,2015-10-03 17:32:17,2015-10-04 01:32:17,278,2100,0.425251,1,2529,0.71757,0.143188,0.807297,0.4,0.890062,0.75,0.0213639,0.0001,0.000374234,999999,-2.398926e-02,3,Philippines Exclusive Economic Zone,ARMM,,SVDNB_npp_d20151003_t1731466_e1737270_b20378_c20151003233728467558_noaa_ops.h5,GDNBO_npp_d20151003_t1731466_e1737270_b20378_c20151003233728467298_noaa_ops.h5,SVI04_npp_d20151003_t1731466_e1737270_b20378_c20151003233728541959_noaa_ops.dspace_rad,VNFF_npp_d20151003_t1731466_e1737270_b20378_v21.csv,World_EEZ_v8_2014.shp,WPP_BFAR_merge.shp,KKP_IDN_merge_20161208.shp,VNF-VBD_npp_20120301-20151231_global_asia-enhanced_c201607211230.bitmask,NCEI_NGA.union.nga_lead2.add_2015ntl.mask,timezone.shp,VBD_platforms-recurring_2015_r20170330.shp,999999,VBD_bridges_c20160811.shp,9.202956;7.293124;4.987635;0.117751;-4.766567;-9.662423;-14.566307;-12.781590;-10.252750;-5.421471;-0.565886;4.309883,106.389061;120.204430;133.795395;132.636734;131.583801;130.626740;129.763702;115.696312;101.762085;103.094223;104.302101;105.397919,npp_d20151003_t1731466_e1737270_b20378,153.993,88.1085,3.82708,-82.6802,51.7098,71.0287
1263,VBD_npp_d20151003_t1732154_x1203024E_y054906N_l0265_s2105_v23,2017-06-01 16:11:27,5.490581,120.302414,22.3733,2015-10-03 17:32:15,2015-10-04 01:32:15,265,2105,0.421694,1,2529,0.598658,0.144368,0.725108,0.4,0.855481,0.75,0.0214101,0.0001,0.00039383,999999,-3.627165e-02,3,Philippines Exclusive Economic Zone,ARMM,,SVDNB_npp_d20151003_t1731466_e1737270_b20378_c20151003233728467558_noaa_ops.h5,GDNBO_npp_d20151003_t1731466_e1737270_b20378_c20151003233728467298_noaa_ops.h5,SVI04_npp_d20151003_t1731466_e1737270_b20378_c20151003233728541959_noaa_ops.dspace_rad,VNFF_npp_d20151003_t1731466_e1737270_b20378_v21.csv,World_EEZ_v8_2014.shp,WPP_BFAR_merge.shp,KKP_IDN_merge_20161208.shp,VNF-VBD_npp_20120301-20151231_global_asia-enhanced_c201607211230.bitmask,NCEI_NGA.union.nga_lead2.add_2015ntl.mask,timezone.shp,VBD_platforms-recurring_2015_r20170330.shp,999999,VBD_bridges_c20160811.shp,9.202956;7.293124;4.987635;0.117751;-4.766567;-9.662423;-14.566307;-12.781590;-10.252750;-5.421471;-0.565886;4.309883,106.389061;120.204430;133.795395;132.636734;131.583801;130.626740;129.763702;115.696312;101.762085;103.094223;104.302101;105.397919,npp_d20151003_t1731466_e1737270_b20378,153.944,87.9534,4.11359,-80.1424,51.6398,71.082
1264,VBD_npp_d20151003_t1732154_x1203003E_y054774N_l0267_s2105_v23,2017-06-01 16:11:27,5.477371,120.300339,44.6834,2015-10-03 17:32:15,2015-10-04 01:32:15,267,2105,0.42269,1,2529,0.825302,0.126,0.732252,0.4,0.806654,0.75,0.0214058,0.0001,0.000387937,999999,1.549464e-01,3,Philippines Exclusive Economic Zone,ARMM,,SVDNB_npp_d20151003_t1731466_e1737270_b20378_c20151003233728467558_noaa_ops.h5,GDNBO_npp_d20151003_t1731466_e1737270_b20378_c20151003233728467298_noaa_ops.h5,SVI04_npp_d20151003_t1731466_e1737270_b20378_c20151003233728541959_noaa_ops.dspace_rad,VNFF_npp_d20151003_t1731466_e1737270_b20378_v21.csv,World_EEZ_v8_2014.shp,WPP_BFAR_merge.shp,KKP_IDN_merge_20161208.shp,VNF-VBD_npp_20120301-20151231_global_asia-enhanced_c201607211230.bitmask,NCEI_NGA.union.nga_lead2.add_2015ntl.mask,timezone.shp,VBD_platforms-recurring_2015_r20170330.shp,999999,VBD_bridges_c20160811.shp,9.202956;7.293124;4.987635;0.117751;-4.766567;-9.662423;-14.566307;-12.781590;-10.252750;-5.421471;-0.565886;4.309883,106.389061;120.204430;133.795395;132.636734;131.583801;130.626740;129.763702;115.696312;101.762085;103.094223;104.302101;105.397919,npp_d20151003_t1731466_e1737270_b20378,153.947,87.9801,4.11702,-78.5356,51.6461,71.0722
1265,VBD_npp_d20151003_t1732154_x1203080E_y054829N_l0266_s2106_v23,2017-06-01 16:11:27,5.482931,120.308014,23.7864,2015-10-03 17:32:15,2015-10-04 01:32:15,266,2106,0.42205,7,2465,0.219498,0.133393,0.725108,0.4,0.639067,0.75,0.0214116,0.0001,0.000395765,999999,7.798460e-02,3,,,,SVDNB_npp_d20151003_t1731466_e1737270_b20378_c20151003233728467558_noaa_ops.h5,GDNBO_npp_d20151003_t1731466_e1737270_b20378_c20151003233728467298_noaa_ops.h5,SVI04_npp_d20151003_t1731466_e1737270_b20378_c20151003233728541959_noaa_ops.dspace_rad,VNFF_npp_d20151003_t1731466_e1737270_b20378_v21.csv,World_EEZ_v8_2014.shp,WPP_BFAR_merge.shp,KKP_IDN_merge_20161208.shp,VNF-VBD_npp_20120301-20151231_global_asia-enhanced_c201607211230.bitmask,NCEI_NGA.union.nga_lead2.add_2015ntl.mask,timezone.shp,VBD_platforms-recurring_2015_r20170330.shp,999999,VBD_bridges_c20160811.shp,9.202956;7.293124;4.987635;0.117751;-4.766567;-9.662423;-14.566307;-12.781590;-10.252750;-5.421471;-0.565886;4.309883,106.389061;120.204430;133.795395;132.636734;131.583801;130.626740;129.763702;115.696312;101.762085;103.094223;104.302101;105.397919,npp_d20151003_t1731466_e1737270_b20378,153.939,87.97,4.17279,-79.3638,51.6369,71.0752
1266,VBD_npp_d20151003_t1732118_x1206035E_y057073N_l0226_s2142_v23,2017-06-01 16:11:27,5.707281,120.603546,2.88826,2015-10-03 17:32:11,2015-10-04 01:32:11,226,2142,0.427882,7,2209,0.170531,0.138419,0.834144,0.4,0.726608,0.75,0.0216293,0.0001,0.000660161,999999,2.565634e-02,3,,,,SVDNB_npp_d20151003_t1731466_e1737270_b20378_c20151003233728467558_noaa_ops.h5,GDNBO_npp_d20151003_t1731466_e1737270_b20378_c20151003233728467298_noaa_ops.h5,SVI04_npp_d20151003_t1731466_e1737270_b20378_c20151003233728541959_noaa_ops.dspace_rad,VNFF_npp_d20151003_t1731466_e1737270_b20378_v21.csv,World_EEZ_v8_2014.shp,WPP_BFAR_merge.shp,KKP_IDN_merge_20161208.shp,VNF-VBD_npp_20120301-20151231_global_asia-enhanced_c201607211230.bitmask,NCEI_NGA.union.nga_lead2.add_2015ntl.mask,timezone.shp,VBD_platforms-recurring_2015_r20170330.shp,999999,VBD_bridges_c20160811.shp,9.202956;7.293124;4.987635;0.117751;-4.766567;-9.662423;-14.566307;-12.781590;-10.252750;-5.421471;-0.565886;4.309883,106.389061;120.204430;133.795395;132.636734;131.583801;130.626740;129.763702;115.696312;101.762085;103.094223;104.302101;105.397919,npp_d20151003_t1731466_e1737270_b20378,153.651,87.564,6.26961,-84.1732,51.2959,71.2023
1267,VBD_npp_d20151003_t1732118_x1206127E_y056787N_l0230_s2144_v23,2017-06-01 16:11:27,5.678678,120.612724,70.0957,2015-10-03 17:32:11,2015-10-04 01:32:11,230,2144,0.4202,1,2529,0.967996,0.149688,0.873686,0.4,0.920964,0.75,0.0216281,0.0001,0.000656005,999999,-9.165101e-02,3,Philippines Exclusive Economic Zone,ARMM,,SVDNB_npp_d20151003_t1731466_e1737270_b20378_c20151003233728467558_noaa_ops.h5,GDNBO_npp_d20151003_t1731466_e1737270_b20378_c20151003233728467298_noaa_ops.h5,SVI04_npp_d20151003_t1731466_e1737270_b20378_c20151003233728541959_noaa_ops.dspace_rad,VNFF_npp_d20151003_t1731466_e1737270_b20378_v21.csv,World_EEZ_v8_2014.shp,WPP_BFAR_merge.shp,KKP_IDN_merge_20161208.shp,VNF-VBD_npp_20120301-20151231_global_asia-enhanced_c201607211230.bitmask,NCEI_NGA.union.nga_lead2.add_2015ntl.mask,timezone.shp,VBD_platforms-recurring_2015_r20170330.shp,999999,VBD_bridges_c20160811.shp,9.202956;7.293124;4.987635;0.117751;-4.766567;-9.662423;-14.566307;-12.781590;-10.252750;-5.421471;-0.565886;4.309883,106.389061;120.204430;133.795395;132.636734;131.583801;130.626740;129.763702;115.696312;101.762085;103.094223;104.302101;105.397919,npp_d20151003_t1731466_e1737270_b20378,153.643,87.6234,6.37709,-82.043,51.2965,71.1785
1268,VBD_npp_d20151003_t1732118_x1206282E_y056898N_l0228_s2146_v23,2017-06-01 16:11:27,5.689823,120.628189,42.28,2015-10-03 17:32:11,2015-10-04 01:32:11,228,2146,0.426317,1,2529,0.845489,0.161554,0.873686,0.4,0.895872,0.75,0.0216397,0.0001,0.000681004,999999,-2.151825e-01,3,Philippines Exclusive Economic Zone,ARMM,,SVDNB_npp_d20151003_t1731466_e1737270_b20378_c20151003233728467558_noaa_ops.h5,GDNBO_npp_d20151003_t1731466_e1737270_b20378_c20151003233728467298_noaa_ops.h5,SVI04_npp_d20151003_t1731466_e1737270_b20378_c20151003233728541959_noaa_ops.dspace_rad,VNFF_npp_d20151003_t1731466_e1737270_b20378_v21.csv,World_EEZ_v8_2014.shp,WPP_BFAR_merge.shp,KKP_IDN_merge_20161208.shp,VNF-VBD_npp_20120301-20151231_global_asia-enhanced_c201607211230.bitmask,NCEI_NGA.union.nga_lead2.add_2015ntl.mask,timezone.shp,VBD_platforms-recurring_2015_r20170330.shp,999999,VBD_bridges_c20160811.shp,9.202956;7.293124;4.987635;0.117751;-4.766567;-9.662423;-14.566307;-12.781590;-10.252750;-5.421471;-0.565886;4.309883,106.389061;120.204430;133.795395;132.636734;131.583801;130.626740;129.763702;115.696312;101.762085;103.094223;104.302101;105.397919,npp_d20151003_t1731466_e1737270_b20378,153.627,87.6037,6.49606,-83.0451,51.2782,71.1846
1269,VBD_npp_d20151003_t1732118_x1206317E_y056689N_l0231_s2147_v23,2017-06-01 16:11:27,5.668888,120.631729,68.5381,2015-10-03 17:32:11,2015-10-04 01:32:11,231,2147,0.417568,1,2529,1.05299,0.129431,0.864418,0.4,0.930467,0.75,0.0216369,0.0001,0.000673796,999999,1.192342e-01,3,Philippines Exclusive Economic Zone,ARMM,,SVDNB_npp_d20151003_t1731466_e1737270_b20378_c20151003233728467558_noaa_ops.h5,GDNBO_npp_d20151003_t1731466_e1737270_b20378_c20151003233728467298_noaa_ops.h5,SVI04_npp_d20151003_t1731466_e1737270_b20378_c20151003233728541959_noaa_ops.dspace_rad,VNFF_npp_d20151003_t1731466_e1737270_b20378_v21.csv,World_EEZ_v8_2014.shp,WPP_BFAR_merge.shp,KKP_IDN_merge_20161208.shp,VNF-VBD_npp_20120301-20151231_global_asia-enhanced_c201607211230.bitmask,NCEI_NGA.union.nga_lead2.add_2015ntl.mask,timezone.shp,VBD_platforms-recurring_2015_r20170330.shp,999999,VBD_bridges_c20160811.shp,9.202956;7.293124;4.987635;0.117751;-4.766567;-9.662423;-14.566307;-12.781590;-10.252750;-5.421471;-0.565886;4.309883,106.389061;120.204430;133.795395;132.636734;131.583801;130.626740;129.763702;115.696312;101.762085;103.094223;104.302101;105.397919,npp_d20151003_t1731466_e1737270_b20378,153.625,87.6465,6.55021,-81.5131,51.2816,71.1677
1270,VBD_npp_d20151003_t1735204_x1181463E_y054800S_l1936_s2147_v23,2017-06-01 16:11:27,-5.480009,118.146301,2.40638,2015-10-03 17:35:20,2015-10-04 01:35:20,1936,2147,0.414581,1,2529,0.213707,0.137493,0.667783,0.4,0.884603,0.75,0.0179671,0.0001,0.000146627,999999,-3.161742e-03,3,Indonesian Exclusive Economic Zone,WPP713,,SVDNB_npp_d20151003_t1731466_e1737270_b20378_c20151003233728467558_noaa_ops.h5,GDNBO_npp_d20151003_t1731466_e1737270_b20378_c20151003233728467298_noaa_ops.h5,SVI04_npp_d20151003_t1731466_e1737270_b20378_c20151003233728541959_noaa_ops.dspace_rad,VNFF_npp_d20151003_t1731466_e1737270_b20378_v21.csv,World_EEZ_v8_2014.shp,WPP_BFAR_merge.shp,KKP_IDN_merge_20161208.shp,VNF-VBD_npp_20120301-20151231_global_asia-enhanced_c201607211230.bitmask,NCEI_NGA.union.nga_lead2.add_2015ntl.mask,timezone.shp,VBD_platforms-recurring_2015_r20170330.shp,999999,VBD_bridges_c20160811.shp,9.202956;7.293124;4.987635;0.117751;-4.766567;-9.662423;-14.566307;-12.781590;-10.252750;-5.421471;-0.565886;4.309883,106.389061;120.204430;133.795395;132.636734;131.583801;130.626740;129.763702;115.696312;101.762085;103.094223;104.302101;105.397919,npp_d20151003_t1731466_e1737270_b20378,153.538,110.57,6.56792,-77.1219,57.2166,63.9931
1271,VBD_npp_d20151003_t1735222_x1181454E_y054858S_l1937_s2148_v23,2017-06-01 16:11:27,-5.485844,118.145378,2.48009,2015-10-03 17:35:22,2015-10-04 01:35:22,1937,2148,0.415577,1,2529,0.217901,0.13624,0.667783,0.4,0.856962,0.75,0.0179694,0.0001,0.000172227,999999,1.023900e-02,3,Indonesian Exclusive Economic Zone,WPP713,,SVDNB_npp_d20151003_t1731466_e1737270_b20378_c20151003233728467558_noaa_ops.h5,GDNBO_npp_d20151003_t1731466_e1737270_b20378_c20151003233728467298_noaa_ops.h5,SVI04_npp_d20151003_t1731466_e1737270_b20378_c20151003233728541959_noaa_ops.dspace_rad,VNFF_npp_d20151003_t1731466_e1737270_b20378_v21.csv,World_EEZ_v8_2014.shp,WPP_BFAR_merge.shp,KKP_IDN_merge_20161208.shp,VNF-VBD_npp_20120301-20151231_global_asia-enhanced_c201607211230.bitmask,NCEI_NGA.union.nga_lead2.add_2015ntl.mask,timezone.shp,VBD_platforms-recurring_2015_r20170330.shp,999999,VBD_bridges_c20160811.shp,9.202956;7.293124;4.987635;0.117751;-4.766567;-9.662423;-14.566307;-12.781590;-10.252750;-5.421471;-0.565886;4.309883,106.389061;120.204430;133.795395;132.636734;131.583801;130.626740;129.763702;115.696312;101.762085;103.094223;104.302101;105.397919,npp_d20151003_t1731466_e1737270_b20378,153.53,110.575,6.62363,-84.6803,57.2136,63.9872
1272,VBD_npp_d20151003_t1731576_x1210658E_y064396N_l0107_s2184_v23,2017-06-01 16:11:27,6.439615,121.065758,12.9526,2015-10-03 17:31:57,2015-10-04 01:31:57,107,2184,0.392317,8,18913,0.564035,0.156758,0.857427,0.4,0.893021,0.75,0.0220358,0.0001,0.00106569,999999,-1.652589e-01,3,Philippines Exclusive Economic Zone,ARMM,,SVDNB_npp_d20151003_t1731466_e1737270_b20378_c20151003233728467558_noaa_ops.h5,GDNBO_npp_d20151003_t1731466_e1737270_b20378_c20151003233728467298_noaa_ops.h5,SVI04_npp_d20151003_t1731466_e1737270_b20378_c20151003233728541959_noaa_ops.dspace_rad,VNFF_npp_d20151003_t1731466_e1737270_b20378_v21.csv,World_EEZ_v8_2014.shp,WPP_BFAR_merge.shp,KKP_IDN_merge_20161208.shp,VNF-VBD_npp_20120301-20151231_global_asia-enhanced_c201607211230.bitmask,NCEI_NGA.union.nga_lead2.add_2015ntl.mask,timezone.shp,VBD_platforms-recurring_2015_r20170330.shp,0.42999,VBD_bridges_c20160811.shp,9.202956;7.293124;4.987635;0.117751;-4.766567;-9.662423;-14.566307;-12.781590;-10.252750;-5.421471;-0.565886;4.309883,106.389061;120.204430;133.795395;132.636734;131.583801;130.626740;129.763702;115.696312;101.762085;103.094223;104.302101;105.397919,npp_d20151003_t1731466_e1737270_b20378,153.211,86.1879,8.69947,-79.8506,50.6746,71.7162
1273,VBD_npp_d20151003_t1731576_x1210683E_y064119N_l0111_s2185_v23,2017-06-01 16:11:27,6.411915,121.068283,21.3581,2015-10-03 17:31:57,2015-10-04 01:31:57,111,2185,0.377308,1,2529,0.691704,0.15416,0.834241,0.4,0.88559,0.75,0.022031,0.0001,0.00104584,999999,-1.382119e-01,3,Philippines Exclusive Economic Zone,ARMM,,SVDNB_npp_d20151003_t1731466_e1737270_b20378_c20151003233728467558_noaa_ops.h5,GDNBO_npp_d20151003_t1731466_e1737270_b20378_c20151003233728467298_noaa_ops.h5,SVI04_npp_d20151003_t1731466_e1737270_b20378_c20151003233728541959_noaa_ops.dspace_rad,VNFF_npp_d20151003_t1731466_e1737270_b20378_v21.csv,World_EEZ_v8_2014.shp,WPP_BFAR_merge.shp,KKP_IDN_merge_20161208.shp,VNF-VBD_npp_20120301-20151231_global_asia-enhanced_c201607211230.bitmask,NCEI_NGA.union.nga_lead2.add_2015ntl.mask,timezone.shp,VBD_platforms-recurring_2015_r20170330.shp,999999,VBD_bridges_c20160811.shp,9.202956;7.293124;4.987635;0.117751;-4.766567;-9.662423;-14.566307;-12.781590;-10.252750;-5.421471;-0.565886;4.309883,106.389061;120.204430;133.795395;132.636734;131.583801;130.626740;129.763702;115.696312;101.762085;103.094223;104.302101;105.397919,npp_d20151003_t1731466_e1737270_b20378,153.21,86.2433,8.76497,-78.3444,50.681,71.6937
1274,VBD_npp_d20151003_t1731576_x1211053E_y064265N_l0108_s2190_v23,2017-06-01 16:11:27,6.426498,121.105278,16.4126,2015-10-03 17:31:57,2015-10-04 01:31:57,108,2190,0.378944,8,18913,0.540755,0.13689,0.878499,0.4,0.846707,0.75,0.0220557,0.0001,0.0011255,999999,4.157417e-02,3,Philippines Exclusive Economic Zone,ARMM,,SVDNB_npp_d20151003_t1731466_e1737270_b20378_c20151003233728467558_noaa_ops.h5,GDNBO_npp_d20151003_t1731466_e1737270_b20378_c20151003233728467298_noaa_ops.h5,SVI04_npp_d20151003_t1731466_e1737270_b20378_c20151003233728541959_noaa_ops.dspace_rad,VNFF_npp_d20151003_t1731466_e1737270_b20378_v21.csv,World_EEZ_v8_2014.shp,WPP_BFAR_merge.shp,KKP_IDN_merge_20161208.shp,VNF-VBD_npp_20120301-20151231_global_asia-enhanced_c201607211230.bitmask,NCEI_NGA.union.nga_lead2.add_2015ntl.mask,timezone.shp,VBD_platforms-recurring_2015_r20170330.shp,0.831592,VBD_bridges_c20160811.shp,9.202956;7.293124;4.987635;0.117751;-4.766567;-9.662423;-14.566307;-12.781590;-10.252750;-5.421471;-0.565886;4.309883,106.389061;120.204430;133.795395;132.636734;131.583801;130.626740;129.763702;115.696312;101.762085;103.094223;104.302101;105.397919,npp_d20151003_t1731466_e1737270_b20378,153.173,86.2234,9.04895,-79.5279,50.641,71.6997
1275,VBD_npp_d20151003_t1731558_x1211357E_y065302N_l0092_s2191_v23,2017-06-01 16:11:27,6.530216,121.135727,17.5816,2015-10-03 17:31:55,2015-10-04 01:31:55,92,2191,0.384137,8,18913,0.586326,0.137407,0.816456,0.4,0.866139,0.75,0.0220929,0.0001,0.00114909,999999,3.619439e-02,3,Philippines Exclusive Economic Zone,ARMM,,SVDNB_npp_d20151003_t1731466_e1737270_b20378_c20151003233728467558_noaa_ops.h5,GDNBO_npp_d20151003_t1731466_e1737270_b20378_c20151003233728467298_noaa_ops.h5,SVI04_npp_d20151003_t1731466_e1737270_b20378_c20151003233728541959_noaa_ops.dspace_rad,VNFF_npp_d20151003_t1731466_e1737270_b20378_v21.csv,World_EEZ_v8_2014.shp,WPP_BFAR_merge.shp,KKP_IDN_merge_20161208.shp,VNF-VBD_npp_20120301-20151231_global_asia-enhanced_c201607211230.bitmask,NCEI_NGA.union.nga_lead2.add_2015ntl.mask,timezone.shp,VBD_platforms-recurring_2015_r20170330.shp,0.289028,VBD_bridges_c20160811.shp,9.202956;7.293124;4.987635;0.117751;-4.766567;-9.662423;-14.566307;-12.781590;-10.252750;-5.421471;-0.565886;4.309883,106.389061;120.204430;133.795395;132.636734;131.583801;130.626740;129.763702;115.696312;101.762085;103.094223;104.302101;105.397919,npp_d20151003_t1731466_e1737270_b20378,153.143,86.0246,9.1061,-79.5444,50.586,71.7793
1276,VBD_npp_d20151003_t1731576_x1211174E_y064587N_l0103_s2191_v23,2017-06-01 16:11:27,6.458728,121.117355,6.23894,2015-10-03 17:31:57,2015-10-04 01:31:57,103,2191,0.380865,7,2465,0.243092,0.104548,0.878949,0.4,0.686987,0.75,0.0220699,0.0001,0.00117873,999999,3.782727e-01,3,,,,SVDNB_npp_d20151003_t1731466_e1737270_b20378_c20151003233728467558_noaa_ops.h5,GDNBO_npp_d20151003_t1731466_e1737270_b20378_c20151003233728467298_noaa_ops.h5,SVI04_npp_d20151003_t1731466_e1737270_b20378_c20151003233728541959_noaa_ops.dspace_rad,VNFF_npp_d20151003_t1731466_e1737270_b20378_v21.csv,World_EEZ_v8_2014.shp,WPP_BFAR_merge.shp,KKP_IDN_merge_20161208.shp,VNF-VBD_npp_20120301-20151231_global_asia-enhanced_c201607211230.bitmask,NCEI_NGA.union.nga_lead2.add_2015ntl.mask,timezone.shp,VBD_platforms-recurring_2015_r20170330.shp,999999,VBD_bridges_c20160811.shp,9.202956;7.293124;4.987635;0.117751;-4.766567;-9.662423;-14.566307;-12.781590;-10.252750;-5.421471;-0.565886;4.309883,106.389061;120.204430;133.795395;132.636734;131.583801;130.626740;129.763702;115.696312;101.762085;103.094223;104.302101;105.397919,npp_d20151003_t1731466_e1737270_b20378,153.158,86.1628,9.10444,-81.3577,50.6193,71.7237
1277,VBD_npp_d20151003_t1731594_x1210970E_y063743N_l0116_s2191_v23,2017-06-01 16:11:27,6.374277,121.097000,14.4273,2015-10-03 17:31:59,2015-10-04 01:31:59,116,2191,0.334772,8,18849,0.375395,0.143635,0.839563,0.4,0.703149,0.75,0.0220424,0.0001,0.00119234,999999,-2.864411e-02,3,Philippines Exclusive Economic Zone,ARMM,,SVDNB_npp_d20151003_t1731466_e1737270_b20378_c20151003233728467558_noaa_ops.h5,GDNBO_npp_d20151003_t1731466_e1737270_b20378_c20151003233728467298_noaa_ops.h5,SVI04_npp_d20151003_t1731466_e1737270_b20378_c20151003233728541959_noaa_ops.dspace_rad,VNFF_npp_d20151003_t1731466_e1737270_b20378_v21.csv,World_EEZ_v8_2014.shp,WPP_BFAR_merge.shp,KKP_IDN_merge_20161208.shp,VNF-VBD_npp_20120301-20151231_global_asia-enhanced_c201607211230.bitmask,NCEI_NGA.union.nga_lead2.add_2015ntl.mask,timezone.shp,VBD_platforms-recurring_2015_r20170330.shp,0.594817,VBD_bridges_c20160811.shp,9.202956;7.293124;4.987635;0.117751;-4.766567;-9.662423;-14.566307;-12.781590;-10.252750;-5.421471;-0.565886;4.309883,106.389061;120.204430;133.795395;132.636734;131.583801;130.626740;129.763702;115.696312;101.762085;103.094223;104.302101;105.397919,npp_d20151003_t1731466_e1737270_b20378,153.177,86.3262,9.10883,-82.4628,50.6587,71.6582
1278,VBD_npp_d20151003_t1731576_x1211277E_y064366N_l0106_s2193_v23,2017-06-01 16:11:27,6.436590,121.127724,29.0454,2015-10-03 17:31:57,2015-10-04 01:31:57,106,2193,0.399643,1,2529,0.670312,0.125895,0.878949,0.4,0.861493,0.75,0.0220709,0.0001,0.00117741,999999,1.560465e-01,3,Philippines Exclusive Economic Zone,ARMM,,SVDNB_npp_d20151003_t1731466_e1737270_b20378_c20151003233728467558_noaa_ops.h5,GDNBO_npp_d20151003_t1731466_e1737270_b20378_c20151003233728467298_noaa_ops.h5,SVI04_npp_d20151003_t1731466_e1737270_b20378_c20151003233728541959_noaa_ops.dspace_rad,VNFF_npp_d20151003_t1731466_e1737270_b20378_v21.csv,World_EEZ_v8_2014.shp,WPP_BFAR_merge.shp,KKP_IDN_merge_20161208.shp,VNF-VBD_npp_20120301-20151231_global_asia-enhanced_c201607211230.bitmask,NCEI_NGA.union.nga_lead2.add_2015ntl.mask,timezone.shp,VBD_platforms-recurring_2015_r20170330.shp,999999,VBD_bridges_c20160811.shp,9.202956;7.293124;4.987635;0.117751;-4.766567;-9.662423;-14.566307;-12.781590;-10.252750;-5.421471;-0.565886;4.309883,106.389061;120.204430;133.795395;132.636734;131.583801;130.626740;129.763702;115.696312;101.762085;103.094223;104.302101;105.397919,npp_d20151003_t1731466_e1737270_b20378,153.15,86.2089,9.22098,-80.2743,50.6164,71.7044
1279,VBD_npp_d20151003_t1731576_x1211224E_y064033N_l0111_s2193_v23,2017-06-01 16:11:27,6.403271,121.122421,18.7945,2015-10-03 17:31:57,2015-10-04 01:31:57,111,2193,0.31514,2,2465,0.451088,0.129986,0.869439,0.4,0.744231,0.75,0.0220603,0.0001,0.00113532,999999,1.134497e-01,3,Philippines Exclusive Economic Zone,ARMM,,SVDNB_npp_d20151003_t1731466_e1737270_b20378_c20151003233728467558_noaa_ops.h5,GDNBO_npp_d20151003_t1731466_e1737270_b20378_c20151003233728467298_noaa_ops.h5,SVI04_npp_d20151003_t1731466_e1737270_b20378_c20151003233728541959_noaa_ops.dspace_rad,VNFF_npp_d20151003_t1731466_e1737270_b20378_v21.csv,World_EEZ_v8_2014.shp,WPP_BFAR_merge.shp,KKP_IDN_merge_20161208.shp,VNF-VBD_npp_20120301-20151231_global_asia-enhanced_c201607211230.bitmask,NCEI_NGA.union.nga_lead2.add_2015ntl.mask,timezone.shp,VBD_platforms-recurring_2015_r20170330.shp,999999,VBD_bridges_c20160811.shp,9.202956;7.293124;4.987635;0.117751;-4.766567;-9.662423;-14.566307;-12.781590;-10.252750;-5.421471;-0.565886;4.309883,106.389061;120.204430;133.795395;132.636734;131.583801;130.626740;129.763702;115.696312;101.762085;103.094223;104.302101;105.397919,npp_d20151003_t1731466_e1737270_b20378,153.157,86.2733,9.22887,-78.4765,50.6321,71.6786
1280,VBD_npp_d20151003_t1731594_x1211137E_y063921N_l0113_s2193_v23,2017-06-01 16:11:27,6.392125,121.113731,15.5478,2015-10-03 17:31:59,2015-10-04 01:31:59,113,2193,0.326592,7,2465,0.36786,0.130603,0.869439,0.4,0.683413,0.75,0.0220561,0.0001,0.00124292,999999,1.070245e-01,3,,,,SVDNB_npp_d20151003_t1731466_e1737270_b20378_c20151003233728467558_noaa_ops.h5,GDNBO_npp_d20151003_t1731466_e1737270_b20378_c20151003233728467298_noaa_ops.h5,SVI04_npp_d20151003_t1731466_e1737270_b20378_c20151003233728541959_noaa_ops.dspace_rad,VNFF_npp_d20151003_t1731466_e1737270_b20378_v21.csv,World_EEZ_v8_2014.shp,WPP_BFAR_merge.shp,KKP_IDN_merge_20161208.shp,VNF-VBD_npp_20120301-20151231_global_asia-enhanced_c201607211230.bitmask,NCEI_NGA.union.nga_lead2.add_2015ntl.mask,timezone.shp,VBD_platforms-recurring_2015_r20170330.shp,999999,VBD_bridges_c20160811.shp,9.202956;7.293124;4.987635;0.117751;-4.766567;-9.662423;-14.566307;-12.781590;-10.252750;-5.421471;-0.565886;4.309883,106.389061;120.204430;133.795395;132.636734;131.583801;130.626740;129.763702;115.696312;101.762085;103.094223;104.302101;105.397919,npp_d20151003_t1731466_e1737270_b20378,153.159,86.295,9.23097,-83.5231,50.6371,71.6699
1281,VBD_npp_d20151003_t1731576_x1211387E_y064622N_l0102_s2194_v23,2017-06-01 16:11:27,6.462170,121.138748,20.5135,2015-10-03 17:31:57,2015-10-04 01:31:57,102,2194,0.400212,1,2529,0.55794,0.139019,0.858532,0.4,0.83003,0.75,0.022083,0.0001,0.00122397,999999,1.941597e-02,3,Philippines Exclusive Economic Zone,ARMM,,SVDNB_npp_d20151003_t1731466_e1737270_b20378_c20151003233728467558_noaa_ops.h5,GDNBO_npp_d20151003_t1731466_e1737270_b20378_c20151003233728467298_noaa_ops.h5,SVI04_npp_d20151003_t1731466_e1737270_b20378_c20151003233728541959_noaa_ops.dspace_rad,VNFF_npp_d20151003_t1731466_e1737270_b20378_v21.csv,World_EEZ_v8_2014.shp,WPP_BFAR_merge.shp,KKP_IDN_merge_20161208.shp,VNF-VBD_npp_20120301-20151231_global_asia-enhanced_c201607211230.bitmask,NCEI_NGA.union.nga_lead2.add_2015ntl.mask,timezone.shp,VBD_platforms-recurring_2015_r20170330.shp,999999,VBD_bridges_c20160811.shp,9.202956;7.293124;4.987635;0.117751;-4.766567;-9.662423;-14.566307;-12.781590;-10.252750;-5.421471;-0.565886;4.309883,106.389061;120.204430;133.795395;132.636734;131.583801;130.626740;129.763702;115.696312;101.762085;103.094223;104.302101;105.397919,npp_d20151003_t1731466_e1737270_b20378,153.137,86.1612,9.27919,-81.7082,50.5978,71.7233
1282,VBD_npp_d20151003_t1731576_x1211508E_y064944N_l0097_s2195_v23,2017-06-01 16:11:27,6.494421,121.150848,32.7149,2015-10-03 17:31:57,2015-10-04 01:31:57,97,2195,0.389543,1,2529,0.644725,0.14043,0.839631,0.4,0.83553,0.75,0.0220971,0.0001,0.00128077,999999,4.729733e-03,3,Philippines Exclusive Economic Zone,ARMM,,SVDNB_npp_d20151003_t1731466_e1737270_b20378_c20151003233728467558_noaa_ops.h5,GDNBO_npp_d20151003_t1731466_e1737270_b20378_c20151003233728467298_noaa_ops.h5,SVI04_npp_d20151003_t1731466_e1737270_b20378_c20151003233728541959_noaa_ops.dspace_rad,VNFF_npp_d20151003_t1731466_e1737270_b20378_v21.csv,World_EEZ_v8_2014.shp,WPP_BFAR_merge.shp,KKP_IDN_merge_20161208.shp,VNF-VBD_npp_20120301-20151231_global_asia-enhanced_c201607211230.bitmask,NCEI_NGA.union.nga_lead2.add_2015ntl.mask,timezone.shp,VBD_platforms-recurring_2015_r20170330.shp,999999,VBD_bridges_c20160811.shp,9.202956;7.293124;4.987635;0.117751;-4.766567;-9.662423;-14.566307;-12.781590;-10.252750;-5.421471;-0.565886;4.309883,106.389061;120.204430;133.795395;132.636734;131.583801;130.626740;129.763702;115.696312;101.762085;103.094223;104.302101;105.397919,npp_d20151003_t1731466_e1737270_b20378,153.123,86.1007,9.34545,-83.4796,50.576,71.7473
1283,VBD_npp_d20151003_t1731576_x1211487E_y064811N_l0099_s2195_v23,2017-06-01 16:11:27,6.481091,121.148720,31.5608,2015-10-03 17:31:57,2015-10-04 01:31:57,99,2195,0.405405,1,2529,0.696966,0.143079,0.86239,0.4,0.817364,0.75,0.022093,0.0001,0.00126295,999999,-2.285473e-02,3,Philippines Exclusive Economic Zone,ARMM,,SVDNB_npp_d20151003_t1731466_e1737270_b20378_c20151003233728467558_noaa_ops.h5,GDNBO_npp_d20151003_t1731466_e1737270_b20378_c20151003233728467298_noaa_ops.h5,SVI04_npp_d20151003_t1731466_e1737270_b20378_c20151003233728541959_noaa_ops.dspace_rad,VNFF_npp_d20151003_t1731466_e1737270_b20378_v21.csv,World_EEZ_v8_2014.shp,WPP_BFAR_merge.shp,KKP_IDN_merge_20161208.shp,VNF-VBD_npp_20120301-20151231_global_asia-enhanced_c201607211230.bitmask,NCEI_NGA.union.nga_lead2.add_2015ntl.mask,timezone.shp,VBD_platforms-recurring_2015_r20170330.shp,999999,VBD_bridges_c20160811.shp,9.202956;7.293124;4.987635;0.117751;-4.766567;-9.662423;-14.566307;-12.781590;-10.252750;-5.421471;-0.565886;4.309883,106.389061;120.204430;133.795395;132.636734;131.583801;130.626740;129.763702;115.696312;101.762085;103.094223;104.302101;105.397919,npp_d20151003_t1731466_e1737270_b20378,153.126,86.1264,9.3411,-82.7692,50.5823,71.7369
1284,VBD_npp_d20151003_t1731576_x1211381E_y064144N_l0109_s2195_v23,2017-06-01 16:11:27,6.414437,121.138107,27.5966,2015-10-03 17:31:57,2015-10-04 01:31:57,109,2195,0.408606,1,2529,0.637246,0.1447,0.876434,0.4,0.8519,0.75,0.0220719,0.0001,0.00117569,999999,-3.972725e-02,3,Philippines Exclusive Economic Zone,ARMM,,SVDNB_npp_d20151003_t1731466_e1737270_b20378_c20151003233728467558_noaa_ops.h5,GDNBO_npp_d20151003_t1731466_e1737270_b20378_c20151003233728467298_noaa_ops.h5,SVI04_npp_d20151003_t1731466_e1737270_b20378_c20151003233728541959_noaa_ops.dspace_rad,VNFF_npp_d20151003_t1731466_e1737270_b20378_v21.csv,World_EEZ_v8_2014.shp,WPP_BFAR_merge.shp,KKP_IDN_merge_20161208.shp,VNF-VBD_npp_20120301-20151231_global_asia-enhanced_c201607211230.bitmask,NCEI_NGA.union.nga_lead2.add_2015ntl.mask,timezone.shp,VBD_platforms-recurring_2015_r20170330.shp,999999,VBD_bridges_c20160811.shp,9.202956;7.293124;4.987635;0.117751;-4.766567;-9.662423;-14.566307;-12.781590;-10.252750;-5.421471;-0.565886;4.309883,106.389061;120.204430;133.795395;132.636734;131.583801;130.626740;129.763702;115.696312;101.762085;103.094223;104.302101;105.397919,npp_d20151003_t1731466_e1737270_b20378,153.141,86.2551,9.34069,-79.2176,50.6136,71.6851
1285,VBD_npp_d20151003_t1731576_x1211491E_y064400N_l0105_s2196_v23,2017-06-01 16:11:27,6.440021,121.149132,44.6417,2015-10-03 17:31:57,2015-10-04 01:31:57,105,2196,0.386484,1,2529,0.713466,0.143789,0.874235,0.4,0.863299,0.75,0.022084,0.0001,0.00122253,999999,-3.023868e-02,3,Philippines Exclusive Economic Zone,ARMM,,SVDNB_npp_d20151003_t1731466_e1737270_b20378_c20151003233728467558_noaa_ops.h5,GDNBO_npp_d20151003_t1731466_e1737270_b20378_c20151003233728467298_noaa_ops.h5,SVI04_npp_d20151003_t1731466_e1737270_b20378_c20151003233728541959_noaa_ops.dspace_rad,VNFF_npp_d20151003_t1731466_e1737270_b20378_v21.csv,World_EEZ_v8_2014.shp,WPP_BFAR_merge.shp,KKP_IDN_merge_20161208.shp,VNF-VBD_npp_20120301-20151231_global_asia-enhanced_c201607211230.bitmask,NCEI_NGA.union.nga_lead2.add_2015ntl.mask,timezone.shp,VBD_platforms-recurring_2015_r20170330.shp,999999,VBD_bridges_c20160811.shp,9.202956;7.293124;4.987635;0.117751;-4.766567;-9.662423;-14.566307;-12.781590;-10.252750;-5.421471;-0.565886;4.309883,106.389061;120.204430;133.795395;132.636734;131.583801;130.626740;129.763702;115.696312;101.762085;103.094223;104.302101;105.397919,npp_d20151003_t1731466_e1737270_b20378,153.128,86.2073,9.39466,-80.6403,50.5949,71.7039
1286,VBD_npp_d20151003_t1731594_x1211320E_y063756N_l0115_s2196_v23,2017-06-01 16:11:27,6.375585,121.131973,15.1243,2015-10-03 17:31:59,2015-10-04 01:31:59,115,2196,0.387978,7,2465,0.392002,0.140788,0.854918,0.4,0.719898,0.75,0.0220628,0.0001,0.00126343,999999,1.000269e-03,3,,,,SVDNB_npp_d20151003_t1731466_e1737270_b20378_c20151003233728467558_noaa_ops.h5,GDNBO_npp_d20151003_t1731466_e1737270_b20378_c20151003233728467298_noaa_ops.h5,SVI04_npp_d20151003_t1731466_e1737270_b20378_c20151003233728541959_noaa_ops.dspace_rad,VNFF_npp_d20151003_t1731466_e1737270_b20378_v21.csv,World_EEZ_v8_2014.shp,WPP_BFAR_merge.shp,KKP_IDN_merge_20161208.shp,VNF-VBD_npp_20120301-20151231_global_asia-enhanced_c201607211230.bitmask,NCEI_NGA.union.nga_lead2.add_2015ntl.mask,timezone.shp,VBD_platforms-recurring_2015_r20170330.shp,999999,VBD_bridges_c20160811.shp,9.202956;7.293124;4.987635;0.117751;-4.766567;-9.662423;-14.566307;-12.781590;-10.252750;-5.421471;-0.565886;4.309883,106.389061;120.204430;133.795395;132.636734;131.583801;130.626740;129.763702;115.696312;101.762085;103.094223;104.302101;105.397919,npp_d20151003_t1731466_e1737270_b20378,153.142,86.332,9.40073,-82.7707,50.6249,71.6539
1287,VBD_npp_d20151003_t1731594_x1211377E_y063678N_l0116_s2197_v23,2017-06-01 16:11:27,6.367846,121.137695,26.3622,2015-10-03 17:31:59,2015-10-04 01:31:59,116,2197,0.401279,1,2529,0.613936,0.140899,0.854918,0.4,0.844126,0.75,0.0220644,0.0001,0.00126726,999999,-1.561209e-04,3,Philippines Exclusive Economic Zone,ARMM,,SVDNB_npp_d20151003_t1731466_e1737270_b20378_c20151003233728467558_noaa_ops.h5,GDNBO_npp_d20151003_t1731466_e1737270_b20378_c20151003233728467298_noaa_ops.h5,SVI04_npp_d20151003_t1731466_e1737270_b20378_c20151003233728541959_noaa_ops.dspace_rad,VNFF_npp_d20151003_t1731466_e1737270_b20378_v21.csv,World_EEZ_v8_2014.shp,WPP_BFAR_merge.shp,KKP_IDN_merge_20161208.shp,VNF-VBD_npp_20120301-20151231_global_asia-enhanced_c201607211230.bitmask,NCEI_NGA.union.nga_lead2.add_2015ntl.mask,timezone.shp,VBD_platforms-recurring_2015_r20170330.shp,999999,VBD_bridges_c20160811.shp,9.202956;7.293124;4.987635;0.117751;-4.766567;-9.662423;-14.566307;-12.781590;-10.252750;-5.421471;-0.565886;4.309883,106.389061;120.204430;133.795395;132.636734;131.583801;130.626740;129.763702;115.696312;101.762085;103.094223;104.302101;105.397919,npp_d20151003_t1731466_e1737270_b20378,153.137,86.3486,9.45716,-82.409,50.6219,71.6468
1288,VBD_npp_d20151003_t1731576_x1211680E_y064712N_l0100_s2198_v23,2017-06-01 16:11:27,6.471206,121.168022,22.7791,2015-10-03 17:31:57,2015-10-04 01:31:57,100,2198,0.386982,2,2465,0.432746,0.146828,0.86239,0.4,0.626574,0.75,0.0221019,0.0001,0.00129263,999999,-6.188438e-02,3,Philippines Exclusive Economic Zone,ARMM,,SVDNB_npp_d20151003_t1731466_e1737270_b20378_c20151003233728467558_noaa_ops.h5,GDNBO_npp_d20151003_t1731466_e1737270_b20378_c20151003233728467298_noaa_ops.h5,SVI04_npp_d20151003_t1731466_e1737270_b20378_c20151003233728541959_noaa_ops.dspace_rad,VNFF_npp_d20151003_t1731466_e1737270_b20378_v21.csv,World_EEZ_v8_2014.shp,WPP_BFAR_merge.shp,KKP_IDN_merge_20161208.shp,VNF-VBD_npp_20120301-20151231_global_asia-enhanced_c201607211230.bitmask,NCEI_NGA.union.nga_lead2.add_2015ntl.mask,timezone.shp,VBD_platforms-recurring_2015_r20170330.shp,999999,VBD_bridges_c20160811.shp,9.202956;7.293124;4.987635;0.117751;-4.766567;-9.662423;-14.566307;-12.781590;-10.252750;-5.421471;-0.565886;4.309883,106.389061;120.204430;133.795395;132.636734;131.583801;130.626740;129.763702;115.696312;101.762085;103.094223;104.302101;105.397919,npp_d20151003_t1731466_e1737270_b20378,153.107,86.1506,9.51365,-82.388,50.567,71.7261
1289,VBD_npp_d20151003_t1731576_x1211638E_y064445N_l0104_s2198_v23,2017-06-01 16:11:27,6.444532,121.163773,41.5586,2015-10-03 17:31:57,2015-10-04 01:31:57,104,2198,0.40192,8,18913,0.691679,0.141202,0.874235,0.4,0.860659,0.75,0.0220934,0.0001,0.00125641,999999,-3.314457e-03,3,Philippines Exclusive Economic Zone,ARMM,,SVDNB_npp_d20151003_t1731466_e1737270_b20378_c20151003233728467558_noaa_ops.h5,GDNBO_npp_d20151003_t1731466_e1737270_b20378_c20151003233728467298_noaa_ops.h5,SVI04_npp_d20151003_t1731466_e1737270_b20378_c20151003233728541959_noaa_ops.dspace_rad,VNFF_npp_d20151003_t1731466_e1737270_b20378_v21.csv,World_EEZ_v8_2014.shp,WPP_BFAR_merge.shp,KKP_IDN_merge_20161208.shp,VNF-VBD_npp_20120301-20151231_global_asia-enhanced_c201607211230.bitmask,NCEI_NGA.union.nga_lead2.add_2015ntl.mask,timezone.shp,VBD_platforms-recurring_2015_r20170330.shp,0.348323,VBD_bridges_c20160811.shp,9.202956;7.293124;4.987635;0.117751;-4.766567;-9.662423;-14.566307;-12.781590;-10.252750;-5.421471;-0.565886;4.309883,106.389061;120.204430;133.795395;132.636734;131.583801;130.626740;129.763702;115.696312;101.762085;103.094223;104.302101;105.397919,npp_d20151003_t1731466_e1737270_b20378,153.113,86.202,9.51068,-80.9931,50.5795,71.7054
1290,VBD_npp_d20151003_t1731576_x1211616E_y064312N_l0106_s2198_v23,2017-06-01 16:11:27,6.431196,121.161644,40.8956,2015-10-03 17:31:57,2015-10-04 01:31:57,106,2198,0.400853,1,2529,0.685136,0.145695,0.874235,0.4,0.83154,0.75,0.0220892,0.0001,0.00123848,999999,-5.008602e-02,3,Philippines Exclusive Economic Zone,ARMM,,SVDNB_npp_d20151003_t1731466_e1737270_b20378_c20151003233728467558_noaa_ops.h5,GDNBO_npp_d20151003_t1731466_e1737270_b20378_c20151003233728467298_noaa_ops.h5,SVI04_npp_d20151003_t1731466_e1737270_b20378_c20151003233728541959_noaa_ops.dspace_rad,VNFF_npp_d20151003_t1731466_e1737270_b20378_v21.csv,World_EEZ_v8_2014.shp,WPP_BFAR_merge.shp,KKP_IDN_merge_20161208.shp,VNF-VBD_npp_20120301-20151231_global_asia-enhanced_c201607211230.bitmask,NCEI_NGA.union.nga_lead2.add_2015ntl.mask,timezone.shp,VBD_platforms-recurring_2015_r20170330.shp,999999,VBD_bridges_c20160811.shp,9.202956;7.293124;4.987635;0.117751;-4.766567;-9.662423;-14.566307;-12.781590;-10.252750;-5.421471;-0.565886;4.309883,106.389061;120.204430;133.795395;132.636734;131.583801;130.626740;129.763702;115.696312;101.762085;103.094223;104.302101;105.397919,npp_d20151003_t1731466_e1737270_b20378,153.116,86.2277,9.5113,-80.2957,50.5858,71.695
1291,VBD_npp_d20151003_t1731594_x1211481E_y063457N_l0119_s2199_v23,2017-06-01 16:11:27,6.345691,121.148079,44.9695,2015-10-03 17:31:59,2015-10-04 01:31:59,119,2199,0.372471,1,2529,0.809525,0.124451,0.832873,0.4,0.808974,0.75,0.0220654,0.0001,0.00126569,999999,1.710720e-01,3,Philippines Exclusive Economic Zone,ARMM,,SVDNB_npp_d20151003_t1731466_e1737270_b20378_c20151003233728467558_noaa_ops.h5,GDNBO_npp_d20151003_t1731466_e1737270_b20378_c20151003233728467298_noaa_ops.h5,SVI04_npp_d20151003_t1731466_e1737270_b20378_c20151003233728541959_noaa_ops.dspace_rad,VNFF_npp_d20151003_t1731466_e1737270_b20378_v21.csv,World_EEZ_v8_2014.shp,WPP_BFAR_merge.shp,KKP_IDN_merge_20161208.shp,VNF-VBD_npp_20120301-20151231_global_asia-enhanced_c201607211230.bitmask,NCEI_NGA.union.nga_lead2.add_2015ntl.mask,timezone.shp,VBD_platforms-recurring_2015_r20170330.shp,999999,VBD_bridges_c20160811.shp,9.202956;7.293124;4.987635;0.117751;-4.766567;-9.662423;-14.566307;-12.781590;-10.252750;-5.421471;-0.565886;4.309883,106.389061;120.204430;133.795395;132.636734;131.583801;130.626740;129.763702;115.696312;101.762085;103.094223;104.302101;105.397919,npp_d20151003_t1731466_e1737270_b20378,153.128,86.3946,9.57052,-81.3522,50.6191,71.6275
1292,VBD_npp_d20151003_t1731558_x1212021E_y065538N_l0087_s2200_v23,2017-06-01 16:11:27,6.553838,121.202118,44.1621,2015-10-03 17:31:55,2015-10-04 01:31:55,87,2200,0.417853,1,2529,0.792554,0.119658,0.822524,0.4,0.870362,0.75,0.0221362,0.0001,0.00130444,999999,2.209745e-01,3,Philippines Exclusive Economic Zone,ARMM,,SVDNB_npp_d20151003_t1731466_e1737270_b20378_c20151003233728467558_noaa_ops.h5,GDNBO_npp_d20151003_t1731466_e1737270_b20378_c20151003233728467298_noaa_ops.h5,SVI04_npp_d20151003_t1731466_e1737270_b20378_c20151003233728541959_noaa_ops.dspace_rad,VNFF_npp_d20151003_t1731466_e1737270_b20378_v21.csv,World_EEZ_v8_2014.shp,WPP_BFAR_merge.shp,KKP_IDN_merge_20161208.shp,VNF-VBD_npp_20120301-20151231_global_asia-enhanced_c201607211230.bitmask,NCEI_NGA.union.nga_lead2.add_2015ntl.mask,timezone.shp,VBD_platforms-recurring_2015_r20170330.shp,999999,VBD_bridges_c20160811.shp,9.202956;7.293124;4.987635;0.117751;-4.766567;-9.662423;-14.566307;-12.781590;-10.252750;-5.421471;-0.565886;4.309883,106.389061;120.204430;133.795395;132.636734;131.583801;130.626740;129.763702;115.696312;101.762085;103.094223;104.302101;105.397919,npp_d20151003_t1731466_e1737270_b20378,153.075,85.9947,9.62628,-81.3442,50.5152,71.7884
1293,VBD_npp_d20151003_t1731576_x1211710E_y064024N_l0110_s2200_v23,2017-06-01 16:11:27,6.402353,121.170975,52.0544,2015-10-03 17:31:57,2015-10-04 01:31:57,110,2200,0.411024,1,2529,0.731693,0.137153,0.862113,0.4,0.86941,0.75,0.0220881,0.0001,0.00122738,999999,3.884489e-02,3,Philippines Exclusive Economic Zone,ARMM,,SVDNB_npp_d20151003_t1731466_e1737270_b20378_c20151003233728467558_noaa_ops.h5,GDNBO_npp_d20151003_t1731466_e1737270_b20378_c20151003233728467298_noaa_ops.h5,SVI04_npp_d20151003_t1731466_e1737270_b20378_c20151003233728541959_noaa_ops.dspace_rad,VNFF_npp_d20151003_t1731466_e1737270_b20378_v21.csv,World_EEZ_v8_2014.shp,WPP_BFAR_merge.shp,KKP_IDN_merge_20161208.shp,VNF-VBD_npp_20120301-20151231_global_asia-enhanced_c201607211230.bitmask,NCEI_NGA.union.nga_lead2.add_2015ntl.mask,timezone.shp,VBD_platforms-recurring_2015_r20170330.shp,999999,VBD_bridges_c20160811.shp,9.202956;7.293124;4.987635;0.117751;-4.766567;-9.662423;-14.566307;-12.781590;-10.252750;-5.421471;-0.565886;4.309883,106.389061;120.204430;133.795395;132.636734;131.583801;130.626740;129.763702;115.696312;101.762085;103.094223;104.302101;105.397919,npp_d20151003_t1731466_e1737270_b20378,153.109,86.2867,9.6328,-78.9257,50.586,71.6705
1294,VBD_npp_d20151003_t1731558_x1212110E_y065661N_l0085_s2201_v23,2017-06-01 16:11:27,6.566101,121.211037,26.4014,2015-10-03 17:31:55,2015-10-04 01:31:55,85,2201,0.41579,8,18913,0.555821,0.118001,0.800877,0.4,0.800978,0.75,0.0221441,0.0001,0.00133633,999999,2.382171e-01,3,Philippines Exclusive Economic Zone,ARMM,,SVDNB_npp_d20151003_t1731466_e1737270_b20378_c20151003233728467558_noaa_ops.h5,GDNBO_npp_d20151003_t1731466_e1737270_b20378_c20151003233728467298_noaa_ops.h5,SVI04_npp_d20151003_t1731466_e1737270_b20378_c20151003233728541959_noaa_ops.dspace_rad,VNFF_npp_d20151003_t1731466_e1737270_b20378_v21.csv,World_EEZ_v8_2014.shp,WPP_BFAR_merge.shp,KKP_IDN_merge_20161208.shp,VNF-VBD_npp_20120301-20151231_global_asia-enhanced_c201607211230.bitmask,NCEI_NGA.union.nga_lead2.add_2015ntl.mask,timezone.shp,VBD_platforms-recurring_2015_r20170330.shp,0.305142,VBD_bridges_c20160811.shp,9.202956;7.293124;4.987635;0.117751;-4.766567;-9.662423;-14.566307;-12.781590;-10.252750;-5.421471;-0.565886;4.309883,106.389061;120.204430;133.795395;132.636734;131.583801;130.626740;129.763702;115.696312;101.762085;103.094223;104.302101;105.397919,npp_d20151003_t1731466_e1737270_b20378,153.066,85.9729,9.68584,-82.0271,50.5028,71.7969
1295,VBD_npp_d20151003_t1731594_x1211670E_y063769N_l0114_s2201_v23,2017-06-01 16:11:27,6.376894,121.166985,35.9959,2015-10-03 17:31:59,2015-10-04 01:31:59,114,2201,0.409033,1,2529,0.720608,0.142352,0.863356,0.4,0.867827,0.75,0.0220833,0.0001,0.00133796,999999,-1.528483e-02,3,Philippines Exclusive Economic Zone,ARMM,,SVDNB_npp_d20151003_t1731466_e1737270_b20378_c20151003233728467558_noaa_ops.h5,GDNBO_npp_d20151003_t1731466_e1737270_b20378_c20151003233728467298_noaa_ops.h5,SVI04_npp_d20151003_t1731466_e1737270_b20378_c20151003233728541959_noaa_ops.dspace_rad,VNFF_npp_d20151003_t1731466_e1737270_b20378_v21.csv,World_EEZ_v8_2014.shp,WPP_BFAR_merge.shp,KKP_IDN_merge_20161208.shp,VNF-VBD_npp_20120301-20151231_global_asia-enhanced_c201607211230.bitmask,NCEI_NGA.union.nga_lead2.add_2015ntl.mask,timezone.shp,VBD_platforms-recurring_2015_r20170330.shp,999999,VBD_bridges_c20160811.shp,9.202956;7.293124;4.987635;0.117751;-4.766567;-9.662423;-14.566307;-12.781590;-10.252750;-5.421471;-0.565886;4.309883,106.389061;120.204430;133.795395;132.636734;131.583801;130.626740;129.763702;115.696312;101.762085;103.094223;104.302101;105.397919,npp_d20151003_t1731466_e1737270_b20378,153.107,86.3376,9.6929,-83.0601,50.5911,71.6496
1296,VBD_npp_d20151003_t1731576_x1211846E_y064002N_l0110_s2202_v23,2017-06-01 16:11:27,6.400182,121.184563,29.236,2015-10-03 17:31:57,2015-10-04 01:31:57,110,2202,0.412803,1,2529,0.596373,0.163423,0.862113,0.4,0.842772,0.75,0.0220954,0.0001,0.00125215,999999,-2.346385e-01,3,Philippines Exclusive Economic Zone,ARMM,,SVDNB_npp_d20151003_t1731466_e1737270_b20378_c20151003233728467558_noaa_ops.h5,GDNBO_npp_d20151003_t1731466_e1737270_b20378_c20151003233728467298_noaa_ops.h5,SVI04_npp_d20151003_t1731466_e1737270_b20378_c20151003233728541959_noaa_ops.dspace_rad,VNFF_npp_d20151003_t1731466_e1737270_b20378_v21.csv,World_EEZ_v8_2014.shp,WPP_BFAR_merge.shp,KKP_IDN_merge_20161208.shp,VNF-VBD_npp_20120301-20151231_global_asia-enhanced_c201607211230.bitmask,NCEI_NGA.union.nga_lead2.add_2015ntl.mask,timezone.shp,VBD_platforms-recurring_2015_r20170330.shp,999999,VBD_bridges_c20160811.shp,9.202956;7.293124;4.987635;0.117751;-4.766567;-9.662423;-14.566307;-12.781590;-10.252750;-5.421471;-0.565886;4.309883,106.389061;120.204430;133.795395;132.636734;131.583801;130.626740;129.763702;115.696312;101.762085;103.094223;104.302101;105.397919,npp_d20151003_t1731466_e1737270_b20378,153.096,86.2943,9.74891,-78.9499,50.5738,71.6667
1297,VBD_npp_d20151003_t1731594_x1211727E_y063691N_l0115_s2202_v23,2017-06-01 16:11:27,6.369148,121.172707,38.1227,2015-10-03 17:31:59,2015-10-04 01:31:59,115,2202,0.409388,1,2529,0.716578,0.155985,0.854774,0.4,0.878065,0.75,0.0220848,0.0001,0.0013419,999999,-1.572061e-01,3,Philippines Exclusive Economic Zone,ARMM,,SVDNB_npp_d20151003_t1731466_e1737270_b20378_c20151003233728467558_noaa_ops.h5,GDNBO_npp_d20151003_t1731466_e1737270_b20378_c20151003233728467298_noaa_ops.h5,SVI04_npp_d20151003_t1731466_e1737270_b20378_c20151003233728541959_noaa_ops.dspace_rad,VNFF_npp_d20151003_t1731466_e1737270_b20378_v21.csv,World_EEZ_v8_2014.shp,WPP_BFAR_merge.shp,KKP_IDN_merge_20161208.shp,VNF-VBD_npp_20120301-20151231_global_asia-enhanced_c201607211230.bitmask,NCEI_NGA.union.nga_lead2.add_2015ntl.mask,timezone.shp,VBD_platforms-recurring_2015_r20170330.shp,999999,VBD_bridges_c20160811.shp,9.202956;7.293124;4.987635;0.117751;-4.766567;-9.662423;-14.566307;-12.781590;-10.252750;-5.421471;-0.565886;4.309883,106.389061;120.204430;133.795395;132.636734;131.583801;130.626740;129.763702;115.696312;101.762085;103.094223;104.302101;105.397919,npp_d20151003_t1731466_e1737270_b20378,153.102,86.3542,9.74902,-82.7073,50.5881,71.6425
1298,VBD_npp_d20151003_t1731594_x1211706E_y063558N_l0117_s2202_v23,2017-06-01 16:11:27,6.355803,121.170586,41.1389,2015-10-03 17:31:59,2015-10-04 01:31:59,117,2202,0.410953,1,2529,0.756029,0.159284,0.854774,0.4,0.880892,0.75,0.0220806,0.0001,0.00132301,999999,-1.915515e-01,3,Philippines Exclusive Economic Zone,ARMM,,SVDNB_npp_d20151003_t1731466_e1737270_b20378_c20151003233728467558_noaa_ops.h5,GDNBO_npp_d20151003_t1731466_e1737270_b20378_c20151003233728467298_noaa_ops.h5,SVI04_npp_d20151003_t1731466_e1737270_b20378_c20151003233728541959_noaa_ops.dspace_rad,VNFF_npp_d20151003_t1731466_e1737270_b20378_v21.csv,World_EEZ_v8_2014.shp,WPP_BFAR_merge.shp,KKP_IDN_merge_20161208.shp,VNF-VBD_npp_20120301-20151231_global_asia-enhanced_c201607211230.bitmask,NCEI_NGA.union.nga_lead2.add_2015ntl.mask,timezone.shp,VBD_platforms-recurring_2015_r20170330.shp,999999,VBD_bridges_c20160811.shp,9.202956;7.293124;4.987635;0.117751;-4.766567;-9.662423;-14.566307;-12.781590;-10.252750;-5.421471;-0.565886;4.309883,106.389061;120.204430;133.795395;132.636734;131.583801;130.626740;129.763702;115.696312;101.762085;103.094223;104.302101;105.397919,npp_d20151003_t1731466_e1737270_b20378,153.105,86.38,9.74619,-82.0265,50.5944,71.6322
1299,VBD_npp_d20151003_t1731558_x1212150E_y065039N_l0094_s2203_v23,2017-06-01 16:11:27,6.503889,121.215050,6.46328,2015-10-03 17:31:55,2015-10-04 01:31:55,94,2203,0.411664,7,2465,0.193263,0.111272,0.8546,0.4,0.556194,0.75,0.0221327,0.0001,0.00127802,999999,3.082759e-01,3,,,,SVDNB_npp_d20151003_t1731466_e1737270_b20378_c20151003233728467558_noaa_ops.h5,GDNBO_npp_d20151003_t1731466_e1737270_b20378_c20151003233728467298_noaa_ops.h5,SVI04_npp_d20151003_t1731466_e1737270_b20378_c20151003233728541959_noaa_ops.dspace_rad,VNFF_npp_d20151003_t1731466_e1737270_b20378_v21.csv,World_EEZ_v8_2014.shp,WPP_BFAR_merge.shp,KKP_IDN_merge_20161208.shp,VNF-VBD_npp_20120301-20151231_global_asia-enhanced_c201607211230.bitmask,NCEI_NGA.union.nga_lead2.add_2015ntl.mask,timezone.shp,VBD_platforms-recurring_2015_r20170330.shp,999999,VBD_bridges_c20160811.shp,9.202956;7.293124;4.987635;0.117751;-4.766567;-9.662423;-14.566307;-12.781590;-10.252750;-5.421471;-0.565886;4.309883,106.389061;120.204430;133.795395;132.636734;131.583801;130.626740;129.763702;115.696312;101.762085;103.094223;104.302101;105.397919,npp_d20151003_t1731466_e1737270_b20378,153.066,86.096,9.80606,-78.9681,50.5186,71.7463
1300,VBD_npp_d20151003_t1731558_x1212251E_y065228N_l0091_s2204_v23,2017-06-01 16:11:27,6.522825,121.225052,53.8045,2015-10-03 17:31:55,2015-10-04 01:31:55,91,2204,0.418137,1,2529,0.593923,0.117721,0.8546,0.4,0.797329,0.75,0.0221426,0.0001,0.00131915,999999,2.411347e-01,3,Philippines Exclusive Economic Zone,ARMM,,SVDNB_npp_d20151003_t1731466_e1737270_b20378_c20151003233728467558_noaa_ops.h5,GDNBO_npp_d20151003_t1731466_e1737270_b20378_c20151003233728467298_noaa_ops.h5,SVI04_npp_d20151003_t1731466_e1737270_b20378_c20151003233728541959_noaa_ops.dspace_rad,VNFF_npp_d20151003_t1731466_e1737270_b20378_v21.csv,World_EEZ_v8_2014.shp,WPP_BFAR_merge.shp,KKP_IDN_merge_20161208.shp,VNF-VBD_npp_20120301-20151231_global_asia-enhanced_c201607211230.bitmask,NCEI_NGA.union.nga_lead2.add_2015ntl.mask,timezone.shp,VBD_platforms-recurring_2015_r20170330.shp,999999,VBD_bridges_c20160811.shp,9.202956;7.293124;4.987635;0.117751;-4.766567;-9.662423;-14.566307;-12.781590;-10.252750;-5.421471;-0.565886;4.309883,106.389061;120.204430;133.795395;132.636734;131.583801;130.626740;129.763702;115.696312;101.762085;103.094223;104.302101;105.397919,npp_d20151003_t1731466_e1737270_b20378,153.055,86.0613,9.85973,-79.9893,50.5031,71.76
1301,VBD_npp_d20151003_t1731576_x1212109E_y064781N_l0098_s2204_v23,2017-06-01 16:11:27,6.478102,121.210930,37.7934,2015-10-03 17:31:57,2015-10-04 01:31:57,98,2204,0.414154,1,2529,0.769567,0.126986,0.866601,0.4,0.836915,0.75,0.022128,0.0001,0.00139195,999999,1.446866e-01,3,Philippines Exclusive Economic Zone,ARMM,,SVDNB_npp_d20151003_t1731466_e1737270_b20378_c20151003233728467558_noaa_ops.h5,GDNBO_npp_d20151003_t1731466_e1737270_b20378_c20151003233728467298_noaa_ops.h5,SVI04_npp_d20151003_t1731466_e1737270_b20378_c20151003233728541959_noaa_ops.dspace_rad,VNFF_npp_d20151003_t1731466_e1737270_b20378_v21.csv,World_EEZ_v8_2014.shp,WPP_BFAR_merge.shp,KKP_IDN_merge_20161208.shp,VNF-VBD_npp_20120301-20151231_global_asia-enhanced_c201607211230.bitmask,NCEI_NGA.union.nga_lead2.add_2015ntl.mask,timezone.shp,VBD_platforms-recurring_2015_r20170330.shp,999999,VBD_bridges_c20160811.shp,9.202956;7.293124;4.987635;0.117751;-4.766567;-9.662423;-14.566307;-12.781590;-10.252750;-5.421471;-0.565886;4.309883,106.389061;120.204430;133.795395;132.636734;131.583801;130.626740;129.763702;115.696312;101.762085;103.094223;104.302101;105.397919,npp_d20151003_t1731466_e1737270_b20378,153.064,86.1475,9.86557,-83.0115,50.5239,71.7252
1302,VBD_npp_d20151003_t1731558_x1212350E_y065418N_l0088_s2205_v23,2017-06-01 16:11:27,6.541767,121.235039,16.8461,2015-10-03 17:31:55,2015-10-04 01:31:55,88,2205,0.417924,2,2465,0.319948,0.140454,0.835089,0.4,0.692596,0.75,0.0221525,0.0001,0.00136125,999999,4.478624e-03,3,Philippines Exclusive Economic Zone,ARMM,,SVDNB_npp_d20151003_t1731466_e1737270_b20378_c20151003233728467558_noaa_ops.h5,GDNBO_npp_d20151003_t1731466_e1737270_b20378_c20151003233728467298_noaa_ops.h5,SVI04_npp_d20151003_t1731466_e1737270_b20378_c20151003233728541959_noaa_ops.dspace_rad,VNFF_npp_d20151003_t1731466_e1737270_b20378_v21.csv,World_EEZ_v8_2014.shp,WPP_BFAR_merge.shp,KKP_IDN_merge_20161208.shp,VNF-VBD_npp_20120301-20151231_global_asia-enhanced_c201607211230.bitmask,NCEI_NGA.union.nga_lead2.add_2015ntl.mask,timezone.shp,VBD_platforms-recurring_2015_r20170330.shp,999999,VBD_bridges_c20160811.shp,9.202956;7.293124;4.987635;0.117751;-4.766567;-9.662423;-14.566307;-12.781590;-10.252750;-5.421471;-0.565886;4.309883,106.389061;120.204430;133.795395;132.636734;131.583801;130.626740;129.763702;115.696312;101.762085;103.094223;104.302101;105.397919,npp_d20151003_t1731466_e1737270_b20378,153.043,86.0266,9.91647,-80.9987,50.4876,71.7738
1303,VBD_npp_d20151003_t1731558_x1212329E_y065284N_l0090_s2205_v23,2017-06-01 16:11:27,6.528417,121.232910,38.1116,2015-10-03 17:31:55,2015-10-04 01:31:55,90,2205,0.414794,1,2529,0.552536,0.145163,0.835089,0.4,0.77059,0.75,0.0221483,0.0001,0.0013419,999999,-4.454490e-02,3,Philippines Exclusive Economic Zone,ARMM,,SVDNB_npp_d20151003_t1731466_e1737270_b20378_c20151003233728467558_noaa_ops.h5,GDNBO_npp_d20151003_t1731466_e1737270_b20378_c20151003233728467298_noaa_ops.h5,SVI04_npp_d20151003_t1731466_e1737270_b20378_c20151003233728541959_noaa_ops.dspace_rad,VNFF_npp_d20151003_t1731466_e1737270_b20378_v21.csv,World_EEZ_v8_2014.shp,WPP_BFAR_merge.shp,KKP_IDN_merge_20161208.shp,VNF-VBD_npp_20120301-20151231_global_asia-enhanced_c201607211230.bitmask,NCEI_NGA.union.nga_lead2.add_2015ntl.mask,timezone.shp,VBD_platforms-recurring_2015_r20170330.shp,999999,VBD_bridges_c20160811.shp,9.202956;7.293124;4.987635;0.117751;-4.766567;-9.662423;-14.566307;-12.781590;-10.252750;-5.421471;-0.565886;4.309883,106.389061;120.204430;133.795395;132.636734;131.583801;130.626740;129.763702;115.696312;101.762085;103.094223;104.302101;105.397919,npp_d20151003_t1731466_e1737270_b20378,153.047,86.0523,9.91703,-80.3295,50.4938,71.7634
1304,VBD_npp_d20151003_t1731558_x1212344E_y064940N_l0095_s2206_v23,2017-06-01 16:11:27,6.493951,121.234383,29.3913,2015-10-03 17:31:55,2015-10-04 01:31:55,95,2206,0.413798,1,2529,0.590331,0.134531,0.866601,0.4,0.784065,0.75,0.0221416,0.0001,0.00130696,999999,6.613385e-02,3,Philippines Exclusive Economic Zone,ARMM,,SVDNB_npp_d20151003_t1731466_e1737270_b20378_c20151003233728467558_noaa_ops.h5,GDNBO_npp_d20151003_t1731466_e1737270_b20378_c20151003233728467298_noaa_ops.h5,SVI04_npp_d20151003_t1731466_e1737270_b20378_c20151003233728541959_noaa_ops.dspace_rad,VNFF_npp_d20151003_t1731466_e1737270_b20378_v21.csv,World_EEZ_v8_2014.shp,WPP_BFAR_merge.shp,KKP_IDN_merge_20161208.shp,VNF-VBD_npp_20120301-20151231_global_asia-enhanced_c201607211230.bitmask,NCEI_NGA.union.nga_lead2.add_2015ntl.mask,timezone.shp,VBD_platforms-recurring_2015_r20170330.shp,999999,VBD_bridges_c20160811.shp,9.202956;7.293124;4.987635;0.117751;-4.766567;-9.662423;-14.566307;-12.781590;-10.252750;-5.421471;-0.565886;4.309883,106.389061;120.204430;133.795395;132.636734;131.583801;130.626740;129.763702;115.696312;101.762085;103.094223;104.302101;105.397919,npp_d20151003_t1731466_e1737270_b20378,153.047,86.1203,9.9823,-78.67,50.5033,71.7354
1305,VBD_npp_d20151003_t1731558_x1212476E_y065329N_l0089_s2207_v23,2017-06-01 16:11:27,6.532927,121.247581,26.3209,2015-10-03 17:31:55,2015-10-04 01:31:55,89,2207,0.416217,2,2465,0.442642,0.138882,0.833882,0.4,0.748638,0.75,0.0221577,0.0001,0.0013785,999999,2.083629e-02,3,Philippines Exclusive Economic Zone,ARMM,,SVDNB_npp_d20151003_t1731466_e1737270_b20378_c20151003233728467558_noaa_ops.h5,GDNBO_npp_d20151003_t1731466_e1737270_b20378_c20151003233728467298_noaa_ops.h5,SVI04_npp_d20151003_t1731466_e1737270_b20378_c20151003233728541959_noaa_ops.dspace_rad,VNFF_npp_d20151003_t1731466_e1737270_b20378_v21.csv,World_EEZ_v8_2014.shp,WPP_BFAR_merge.shp,KKP_IDN_merge_20161208.shp,VNF-VBD_npp_20120301-20151231_global_asia-enhanced_c201607211230.bitmask,NCEI_NGA.union.nga_lead2.add_2015ntl.mask,timezone.shp,VBD_platforms-recurring_2015_r20170330.shp,999999,VBD_bridges_c20160811.shp,9.202956;7.293124;4.987635;0.117751;-4.766567;-9.662423;-14.566307;-12.781590;-10.252750;-5.421471;-0.565886;4.309883,106.389061;120.204430;133.795395;132.636734;131.583801;130.626740;129.763702;115.696312;101.762085;103.094223;104.302101;105.397919,npp_d20151003_t1731466_e1737270_b20378,153.032,86.0471,10.0327,-80.6675,50.4784,71.7648
1306,VBD_npp_d20151003_t1731558_x1212533E_y065252N_l0090_s2208_v23,2017-06-01 16:11:27,6.525165,121.253326,25.9185,2015-10-03 17:31:55,2015-10-04 01:31:55,90,2208,0.413514,1,2529,0.572336,0.1444,0.833882,0.4,0.813122,0.75,0.0221593,0.0001,0.00138217,999999,-3.660840e-02,3,Philippines Exclusive Economic Zone,ARMM,,SVDNB_npp_d20151003_t1731466_e1737270_b20378_c20151003233728467558_noaa_ops.h5,GDNBO_npp_d20151003_t1731466_e1737270_b20378_c20151003233728467298_noaa_ops.h5,SVI04_npp_d20151003_t1731466_e1737270_b20378_c20151003233728541959_noaa_ops.dspace_rad,VNFF_npp_d20151003_t1731466_e1737270_b20378_v21.csv,World_EEZ_v8_2014.shp,WPP_BFAR_merge.shp,KKP_IDN_merge_20161208.shp,VNF-VBD_npp_20120301-20151231_global_asia-enhanced_c201607211230.bitmask,NCEI_NGA.union.nga_lead2.add_2015ntl.mask,timezone.shp,VBD_platforms-recurring_2015_r20170330.shp,999999,VBD_bridges_c20160811.shp,9.202956;7.293124;4.987635;0.117751;-4.766567;-9.662423;-14.566307;-12.781590;-10.252750;-5.421471;-0.565886;4.309883,106.389061;120.204430;133.795395;132.636734;131.583801;130.626740;129.763702;115.696312;101.762085;103.094223;104.302101;105.397919,npp_d20151003_t1731466_e1737270_b20378,153.026,86.0638,10.0913,-80.3403,50.4754,71.7577
1307,VBD_npp_d20151003_t1731594_x1212029E_y062959N_l0125_s2208_v23,2017-06-01 16:11:27,6.295911,121.202881,20.673,2015-10-03 17:31:59,2015-10-04 01:31:59,125,2208,0.415292,1,2529,0.581564,0.127011,0.840747,0.4,0.829195,0.75,0.0220856,0.0001,0.00132523,999999,1.444233e-01,3,Philippines Exclusive Economic Zone,ARMM,,SVDNB_npp_d20151003_t1731466_e1737270_b20378_c20151003233728467558_noaa_ops.h5,GDNBO_npp_d20151003_t1731466_e1737270_b20378_c20151003233728467298_noaa_ops.h5,SVI04_npp_d20151003_t1731466_e1737270_b20378_c20151003233728541959_noaa_ops.dspace_rad,VNFF_npp_d20151003_t1731466_e1737270_b20378_v21.csv,World_EEZ_v8_2014.shp,WPP_BFAR_merge.shp,KKP_IDN_merge_20161208.shp,VNF-VBD_npp_20120301-20151231_global_asia-enhanced_c201607211230.bitmask,NCEI_NGA.union.nga_lead2.add_2015ntl.mask,timezone.shp,VBD_platforms-recurring_2015_r20170330.shp,999999,VBD_bridges_c20160811.shp,9.202956;7.293124;4.987635;0.117751;-4.766567;-9.662423;-14.566307;-12.781590;-10.252750;-5.421471;-0.565886;4.309883,106.389061;120.204430;133.795395;132.636734;131.583801;130.626740;129.763702;115.696312;101.762085;103.094223;104.302101;105.397919,npp_d20151003_t1731466_e1737270_b20378,153.077,86.5053,10.0968,-79.3601,50.5827,71.5792
1308,VBD_npp_d20151003_t1731558_x1212580E_y065107N_l0092_s2209_v23,2017-06-01 16:11:27,6.510722,121.258003,23.0026,2015-10-03 17:31:55,2015-10-04 01:31:55,92,2209,0.413656,1,2529,0.512837,0.153707,0.860812,0.4,0.788762,0.75,0.0221588,0.0001,0.00137581,999999,-1.334906e-01,3,Philippines Exclusive Economic Zone,ARMM,,SVDNB_npp_d20151003_t1731466_e1737270_b20378_c20151003233728467558_noaa_ops.h5,GDNBO_npp_d20151003_t1731466_e1737270_b20378_c20151003233728467298_noaa_ops.h5,SVI04_npp_d20151003_t1731466_e1737270_b20378_c20151003233728541959_noaa_ops.dspace_rad,VNFF_npp_d20151003_t1731466_e1737270_b20378_v21.csv,World_EEZ_v8_2014.shp,WPP_BFAR_merge.shp,KKP_IDN_merge_20161208.shp,VNF-VBD_npp_20120301-20151231_global_asia-enhanced_c201607211230.bitmask,NCEI_NGA.union.nga_lead2.add_2015ntl.mask,timezone.shp,VBD_platforms-recurring_2015_r20170330.shp,999999,VBD_bridges_c20160811.shp,9.202956;7.293124;4.987635;0.117751;-4.766567;-9.662423;-14.566307;-12.781590;-10.252750;-5.421471;-0.565886;4.309883,106.389061;120.204430;133.795395;132.636734;131.583801;130.626740;129.763702;115.696312;101.762085;103.094223;104.302101;105.397919,npp_d20151003_t1731466_e1737270_b20378,153.023,86.0932,10.1512,-79.6898,50.4755,71.7454
1309,VBD_npp_d20151003_t1731558_x1212548E_y064907N_l0095_s2209_v23,2017-06-01 16:11:27,6.490683,121.254807,58.2635,2015-10-03 17:31:55,2015-10-04 01:31:55,95,2209,0.414652,1,2529,0.831897,0.148881,0.87475,0.4,0.894091,0.75,0.0221526,0.0001,0.00134607,999999,-8.324915e-02,3,Philippines Exclusive Economic Zone,ARMM,,SVDNB_npp_d20151003_t1731466_e1737270_b20378_c20151003233728467558_noaa_ops.h5,GDNBO_npp_d20151003_t1731466_e1737270_b20378_c20151003233728467298_noaa_ops.h5,SVI04_npp_d20151003_t1731466_e1737270_b20378_c20151003233728541959_noaa_ops.dspace_rad,VNFF_npp_d20151003_t1731466_e1737270_b20378_v21.csv,World_EEZ_v8_2014.shp,WPP_BFAR_merge.shp,KKP_IDN_merge_20161208.shp,VNF-VBD_npp_20120301-20151231_global_asia-enhanced_c201607211230.bitmask,NCEI_NGA.union.nga_lead2.add_2015ntl.mask,timezone.shp,VBD_platforms-recurring_2015_r20170330.shp,999999,VBD_bridges_c20160811.shp,9.202956;7.293124;4.987635;0.117751;-4.766567;-9.662423;-14.566307;-12.781590;-10.252750;-5.421471;-0.565886;4.309883,106.389061;120.204430;133.795395;132.636734;131.583801;130.626740;129.763702;115.696312;101.762085;103.094223;104.302101;105.397919,npp_d20151003_t1731466_e1737270_b20378,153.027,86.1317,10.1564,-78.7088,50.4849,71.7297
1310,VBD_npp_d20151003_t1731576_x1212450E_y064727N_l0098_s2209_v23,2017-06-01 16:11:27,6.472726,121.244972,29.7799,2015-10-03 17:31:57,2015-10-04 01:31:57,98,2209,0.41387,8,18913,0.679752,0.161051,0.87475,0.4,0.877355,0.75,0.0221464,0.0001,0.00146234,999999,-2.099470e-01,3,Philippines Exclusive Economic Zone,ARMM,,SVDNB_npp_d20151003_t1731466_e1737270_b20378_c20151003233728467558_noaa_ops.h5,GDNBO_npp_d20151003_t1731466_e1737270_b20378_c20151003233728467298_noaa_ops.h5,SVI04_npp_d20151003_t1731466_e1737270_b20378_c20151003233728541959_noaa_ops.dspace_rad,VNFF_npp_d20151003_t1731466_e1737270_b20378_v21.csv,World_EEZ_v8_2014.shp,WPP_BFAR_merge.shp,KKP_IDN_merge_20161208.shp,VNF-VBD_npp_20120301-20151231_global_asia-enhanced_c201607211230.bitmask,NCEI_NGA.union.nga_lead2.add_2015ntl.mask,timezone.shp,VBD_platforms-recurring_2015_r20170330.shp,0.230995,VBD_bridges_c20160811.shp,9.202956;7.293124;4.987635;0.117751;-4.766567;-9.662423;-14.566307;-12.781590;-10.252750;-5.421471;-0.565886;4.309883,106.389061;120.204430;133.795395;132.636734;131.583801;130.626740;129.763702;115.696312;101.762085;103.094223;104.302101;105.397919,npp_d20151003_t1731466_e1737270_b20378,153.031,86.1663,10.1559,-82.9536,50.4931,71.7157
1311,VBD_npp_d20151003_t1731576_x1212407E_y064460N_l0102_s2209_v23,2017-06-01 16:11:27,6.446009,121.240707,38.4273,2015-10-03 17:31:57,2015-10-04 01:31:57,102,2209,0.41643,1,2529,0.878867,0.133217,0.874144,0.4,0.907518,0.75,0.022138,0.0001,0.00142162,999999,7.981108e-02,3,Philippines Exclusive Economic Zone,ARMM,,SVDNB_npp_d20151003_t1731466_e1737270_b20378_c20151003233728467558_noaa_ops.h5,GDNBO_npp_d20151003_t1731466_e1737270_b20378_c20151003233728467298_noaa_ops.h5,SVI04_npp_d20151003_t1731466_e1737270_b20378_c20151003233728541959_noaa_ops.dspace_rad,VNFF_npp_d20151003_t1731466_e1737270_b20378_v21.csv,World_EEZ_v8_2014.shp,WPP_BFAR_merge.shp,KKP_IDN_merge_20161208.shp,VNF-VBD_npp_20120301-20151231_global_asia-enhanced_c201607211230.bitmask,NCEI_NGA.union.nga_lead2.add_2015ntl.mask,timezone.shp,VBD_platforms-recurring_2015_r20170330.shp,999999,VBD_bridges_c20160811.shp,9.202956;7.293124;4.987635;0.117751;-4.766567;-9.662423;-14.566307;-12.781590;-10.252750;-5.421471;-0.565886;4.309883,106.389061;120.204430;133.795395;132.636734;131.583801;130.626740;129.763702;115.696312;101.762085;103.094223;104.302101;105.397919,npp_d20151003_t1731466_e1737270_b20378,153.037,86.2177,10.1505,-81.6456,50.5057,71.6949
1312,VBD_npp_d20151003_t1731594_x1212139E_y063215N_l0121_s2209_v23,2017-06-01 16:11:27,6.321544,121.213943,29.5096,2015-10-03 17:31:59,2015-10-04 01:31:59,121,2209,0.41707,1,2529,0.738209,0.144982,0.840207,0.4,0.894273,0.75,0.0220978,0.0001,0.00137781,999999,-4.266572e-02,3,Philippines Exclusive Economic Zone,ARMM,,SVDNB_npp_d20151003_t1731466_e1737270_b20378_c20151003233728467558_noaa_ops.h5,GDNBO_npp_d20151003_t1731466_e1737270_b20378_c20151003233728467298_noaa_ops.h5,SVI04_npp_d20151003_t1731466_e1737270_b20378_c20151003233728541959_noaa_ops.dspace_rad,VNFF_npp_d20151003_t1731466_e1737270_b20378_v21.csv,World_EEZ_v8_2014.shp,WPP_BFAR_merge.shp,KKP_IDN_merge_20161208.shp,VNF-VBD_npp_20120301-20151231_global_asia-enhanced_c201607211230.bitmask,NCEI_NGA.union.nga_lead2.add_2015ntl.mask,timezone.shp,VBD_platforms-recurring_2015_r20170330.shp,999999,VBD_bridges_c20160811.shp,9.202956;7.293124;4.987635;0.117751;-4.766567;-9.662423;-14.566307;-12.781590;-10.252750;-5.421471;-0.565886;4.309883,106.389061;120.204430;133.795395;132.636734;131.583801;130.626740;129.763702;115.696312;101.762085;103.094223;104.302101;105.397919,npp_d20151003_t1731466_e1737270_b20378,153.064,86.4575,10.1512,-80.6769,50.564,71.5981
1313,VBD_npp_d20151003_t1731594_x1212212E_y062793N_l0127_s2211_v23,2017-06-01 16:11:27,6.279283,121.221184,12.7975,2015-10-03 17:31:59,2015-10-04 01:31:59,127,2211,0.417568,1,2529,0.49752,0.138566,0.833006,0.4,0.854003,0.75,0.0220924,0.0001,0.00134484,999999,2.412528e-02,3,Philippines Exclusive Economic Zone,ARMM,,SVDNB_npp_d20151003_t1731466_e1737270_b20378_c20151003233728467558_noaa_ops.h5,GDNBO_npp_d20151003_t1731466_e1737270_b20378_c20151003233728467298_noaa_ops.h5,SVI04_npp_d20151003_t1731466_e1737270_b20378_c20151003233728541959_noaa_ops.dspace_rad,VNFF_npp_d20151003_t1731466_e1737270_b20378_v21.csv,World_EEZ_v8_2014.shp,WPP_BFAR_merge.shp,KKP_IDN_merge_20161208.shp,VNF-VBD_npp_20120301-20151231_global_asia-enhanced_c201607211230.bitmask,NCEI_NGA.union.nga_lead2.add_2015ntl.mask,timezone.shp,VBD_platforms-recurring_2015_r20170330.shp,999999,VBD_bridges_c20160811.shp,9.202956;7.293124;4.987635;0.117751;-4.766567;-9.662423;-14.566307;-12.781590;-10.252750;-5.421471;-0.565886;4.309883,106.389061;120.204430;133.795395;132.636734;131.583801;130.626740;129.763702;115.696312;101.762085;103.094223;104.302101;105.397919,npp_d20151003_t1731466_e1737270_b20378,153.06,86.5421,10.2748,-78.7406,50.5706,71.5631
1314,VBD_npp_d20151003_t1731594_x1212344E_y063183N_l0121_s2212_v23,2017-06-01 16:11:27,6.318291,121.234398,41.4414,2015-10-03 17:31:59,2015-10-04 01:31:59,121,2212,0.414296,1,2529,0.7207,0.138213,0.832474,0.4,0.83125,0.75,0.0221088,0.0001,0.00141885,999999,2.780509e-02,3,Philippines Exclusive Economic Zone,ARMM,,SVDNB_npp_d20151003_t1731466_e1737270_b20378_c20151003233728467558_noaa_ops.h5,GDNBO_npp_d20151003_t1731466_e1737270_b20378_c20151003233728467298_noaa_ops.h5,SVI04_npp_d20151003_t1731466_e1737270_b20378_c20151003233728541959_noaa_ops.dspace_rad,VNFF_npp_d20151003_t1731466_e1737270_b20378_v21.csv,World_EEZ_v8_2014.shp,WPP_BFAR_merge.shp,KKP_IDN_merge_20161208.shp,VNF-VBD_npp_20120301-20151231_global_asia-enhanced_c201607211230.bitmask,NCEI_NGA.union.nga_lead2.add_2015ntl.mask,timezone.shp,VBD_platforms-recurring_2015_r20170330.shp,999999,VBD_bridges_c20160811.shp,9.202956;7.293124;4.987635;0.117751;-4.766567;-9.662423;-14.566307;-12.781590;-10.252750;-5.421471;-0.565886;4.309883,106.389061;120.204430;133.795395;132.636734;131.583801;130.626740;129.763702;115.696312;101.762085;103.094223;104.302101;105.397919,npp_d20151003_t1731466_e1737270_b20378,153.044,86.4686,10.3256,-80.6818,50.5455,71.5923
1315,VBD_npp_d20151003_t1731594_x1212391E_y063038N_l0123_s2213_v23,2017-06-01 16:11:27,6.303838,121.239082,27.1358,2015-10-03 17:31:59,2015-10-04 01:31:59,123,2213,0.415008,2,2465,0.565721,0.142911,0.841465,0.4,0.54433,0.75,0.0221082,0.0001,0.00141211,999999,-2.109837e-02,3,Philippines Exclusive Economic Zone,ARMM,,SVDNB_npp_d20151003_t1731466_e1737270_b20378_c20151003233728467558_noaa_ops.h5,GDNBO_npp_d20151003_t1731466_e1737270_b20378_c20151003233728467298_noaa_ops.h5,SVI04_npp_d20151003_t1731466_e1737270_b20378_c20151003233728541959_noaa_ops.dspace_rad,VNFF_npp_d20151003_t1731466_e1737270_b20378_v21.csv,World_EEZ_v8_2014.shp,WPP_BFAR_merge.shp,KKP_IDN_merge_20161208.shp,VNF-VBD_npp_20120301-20151231_global_asia-enhanced_c201607211230.bitmask,NCEI_NGA.union.nga_lead2.add_2015ntl.mask,timezone.shp,VBD_platforms-recurring_2015_r20170330.shp,999999,VBD_bridges_c20160811.shp,9.202956;7.293124;4.987635;0.117751;-4.766567;-9.662423;-14.566307;-12.781590;-10.252750;-5.421471;-0.565886;4.309883,106.389061;120.204430;133.795395;132.636734;131.583801;130.626740;129.763702;115.696312;101.762085;103.094223;104.302101;105.397919,npp_d20151003_t1731466_e1737270_b20378,153.04,86.498,10.3848,-80.0439,50.5457,71.58
1316,VBD_npp_d20151003_t1731594_x1212480E_y063161N_l0121_s2214_v23,2017-06-01 16:11:27,6.316121,121.248039,52.7609,2015-10-03 17:31:59,2015-10-04 01:31:59,121,2214,0.421338,1,2529,0.832833,0.150372,0.832474,0.4,0.910168,0.75,0.0221161,0.0001,0.00144671,999999,-9.878079e-02,3,Philippines Exclusive Economic Zone,ARMM,,SVDNB_npp_d20151003_t1731466_e1737270_b20378_c20151003233728467558_noaa_ops.h5,GDNBO_npp_d20151003_t1731466_e1737270_b20378_c20151003233728467298_noaa_ops.h5,SVI04_npp_d20151003_t1731466_e1737270_b20378_c20151003233728541959_noaa_ops.dspace_rad,VNFF_npp_d20151003_t1731466_e1737270_b20378_v21.csv,World_EEZ_v8_2014.shp,WPP_BFAR_merge.shp,KKP_IDN_merge_20161208.shp,VNF-VBD_npp_20120301-20151231_global_asia-enhanced_c201607211230.bitmask,NCEI_NGA.union.nga_lead2.add_2015ntl.mask,timezone.shp,VBD_platforms-recurring_2015_r20170330.shp,999999,VBD_bridges_c20160811.shp,9.202956;7.293124;4.987635;0.117751;-4.766567;-9.662423;-14.566307;-12.781590;-10.252750;-5.421471;-0.565886;4.309883,106.389061;120.204430;133.795395;132.636734;131.583801;130.626740;129.763702;115.696312;101.762085;103.094223;104.302101;105.397919,npp_d20151003_t1731466_e1737270_b20378,153.031,86.476,10.4418,-80.6848,50.5332,71.5884
1317,VBD_npp_d20151003_t1731594_x1212676E_y062650N_l0128_s2218_v23,2017-06-01 16:11:27,6.264997,121.267578,28.4293,2015-10-03 17:31:59,2015-10-04 01:31:59,128,2218,0.420769,1,2529,0.798577,0.108386,0.82929,0.4,0.933517,0.75,0.0221159,0.0001,0.00142796,999999,3.383154e-01,3,Philippines Exclusive Economic Zone,ARMM,,SVDNB_npp_d20151003_t1731466_e1737270_b20378_c20151003233728467558_noaa_ops.h5,GDNBO_npp_d20151003_t1731466_e1737270_b20378_c20151003233728467298_noaa_ops.h5,SVI04_npp_d20151003_t1731466_e1737270_b20378_c20151003233728541959_noaa_ops.dspace_rad,VNFF_npp_d20151003_t1731466_e1737270_b20378_v21.csv,World_EEZ_v8_2014.shp,WPP_BFAR_merge.shp,KKP_IDN_merge_20161208.shp,VNF-VBD_npp_20120301-20151231_global_asia-enhanced_c201607211230.bitmask,NCEI_NGA.union.nga_lead2.add_2015ntl.mask,timezone.shp,VBD_platforms-recurring_2015_r20170330.shp,999999,VBD_bridges_c20160811.shp,9.202956;7.293124;4.987635;0.117751;-4.766567;-9.662423;-14.566307;-12.781590;-10.252750;-5.421471;-0.565886;4.309883,106.389061;120.204430;133.795395;132.636734;131.583801;130.626740;129.763702;115.696312;101.762085;103.094223;104.302101;105.397919,npp_d20151003_t1731466_e1737270_b20378,153.014,86.5807,10.6809,-78.5125,50.5309,71.5444
1318,VBD_npp_d20151003_t1732012_x1212658E_y062596N_l0129_s2219_v23,2017-06-01 16:11:27,6.259617,121.265831,9.52764,2015-10-03 17:32:01,2015-10-04 01:32:01,129,2219,0.420769,1,2529,0.416848,0.10876,0.811382,0.4,0.780449,0.75,0.0221175,0.0001,0.0015884,999999,3.344195e-01,3,Philippines Exclusive Economic Zone,ARMM,,SVDNB_npp_d20151003_t1731466_e1737270_b20378_c20151003233728467558_noaa_ops.h5,GDNBO_npp_d20151003_t1731466_e1737270_b20378_c20151003233728467298_noaa_ops.h5,SVI04_npp_d20151003_t1731466_e1737270_b20378_c20151003233728541959_noaa_ops.dspace_rad,VNFF_npp_d20151003_t1731466_e1737270_b20378_v21.csv,World_EEZ_v8_2014.shp,WPP_BFAR_merge.shp,KKP_IDN_merge_20161208.shp,VNF-VBD_npp_20120301-20151231_global_asia-enhanced_c201607211230.bitmask,NCEI_NGA.union.nga_lead2.add_2015ntl.mask,timezone.shp,VBD_platforms-recurring_2015_r20170330.shp,999999,VBD_bridges_c20160811.shp,9.202956;7.293124;4.987635;0.117751;-4.766567;-9.662423;-14.566307;-12.781590;-10.252750;-5.421471;-0.565886;4.309883,106.389061;120.204430;133.795395;132.636734;131.583801;130.626740;129.763702;115.696312;101.762085;103.094223;104.302101;105.397919,npp_d20151003_t1731466_e1737270_b20378,153.009,86.5925,10.7308,-83.164,50.5275,71.5392
1319,VBD_npp_d20151003_t1731594_x1213180E_y063256N_l0118_s2224_v23,2017-06-01 16:11:27,6.325578,121.318039,33.3705,2015-10-03 17:31:59,2015-10-04 01:31:59,118,2224,0.418635,1,2529,0.80437,0.133763,0.845007,0.4,0.898748,0.75,0.0221591,0.0001,0.00162353,999999,7.412688e-02,3,Philippines Exclusive Economic Zone,ARMM,,SVDNB_npp_d20151003_t1731466_e1737270_b20378_c20151003233728467558_noaa_ops.h5,GDNBO_npp_d20151003_t1731466_e1737270_b20378_c20151003233728467298_noaa_ops.h5,SVI04_npp_d20151003_t1731466_e1737270_b20378_c20151003233728541959_noaa_ops.dspace_rad,VNFF_npp_d20151003_t1731466_e1737270_b20378_v21.csv,World_EEZ_v8_2014.shp,WPP_BFAR_merge.shp,KKP_IDN_merge_20161208.shp,VNF-VBD_npp_20120301-20151231_global_asia-enhanced_c201607211230.bitmask,NCEI_NGA.union.nga_lead2.add_2015ntl.mask,timezone.shp,VBD_platforms-recurring_2015_r20170330.shp,999999,VBD_bridges_c20160811.shp,9.202956;7.293124;4.987635;0.117751;-4.766567;-9.662423;-14.566307;-12.781590;-10.252750;-5.421471;-0.565886;4.309883,106.389061;120.204430;133.795395;132.636734;131.583801;130.626740;129.763702;115.696312;101.762085;103.094223;104.302101;105.397919,npp_d20151003_t1731466_e1737270_b20378,152.961,86.4735,11.0104,-81.6037,50.4634,71.5851
1320,VBD_npp_d20151003_t1731576_x1213575E_y063588N_l0112_s2228_v23,2017-06-01 16:11:27,6.358770,121.357506,20.7901,2015-10-03 17:31:57,2015-10-04 01:31:57,112,2228,0.414937,7,2465,0.657947,0.152184,0.831134,0.4,0.646411,0.75,0.0221864,0.0001,0.00158142,999999,-1.176444e-01,3,,,,SVDNB_npp_d20151003_t1731466_e1737270_b20378_c20151003233728467558_noaa_ops.h5,GDNBO_npp_d20151003_t1731466_e1737270_b20378_c20151003233728467298_noaa_ops.h5,SVI04_npp_d20151003_t1731466_e1737270_b20378_c20151003233728541959_noaa_ops.dspace_rad,VNFF_npp_d20151003_t1731466_e1737270_b20378_v21.csv,World_EEZ_v8_2014.shp,WPP_BFAR_merge.shp,KKP_IDN_merge_20161208.shp,VNF-VBD_npp_20120301-20151231_global_asia-enhanced_c201607211230.bitmask,NCEI_NGA.union.nga_lead2.add_2015ntl.mask,timezone.shp,VBD_platforms-recurring_2015_r20170330.shp,999999,VBD_bridges_c20160811.shp,9.202956;7.293124;4.987635;0.117751;-4.766567;-9.662423;-14.566307;-12.781590;-10.252750;-5.421471;-0.565886;4.309883,106.389061;120.204430;133.795395;132.636734;131.583801;130.626740;129.763702;115.696312;101.762085;103.094223;104.302101;105.397919,npp_d20151003_t1731466_e1737270_b20378,152.927,86.4161,11.2427,-78.6212,50.422,71.6068
1321,VBD_npp_d20151003_t1731594_x1213566E_y063538N_l0113_s2229_v23,2017-06-01 16:11:27,6.353812,121.356613,29.1407,2015-10-03 17:31:59,2015-10-04 01:31:59,113,2229,0.416217,1,2529,0.759851,0.147976,0.831134,0.4,0.926089,0.75,0.022188,0.0001,0.00176081,999999,-7.383419e-02,3,Philippines Exclusive Economic Zone,ARMM,,SVDNB_npp_d20151003_t1731466_e1737270_b20378_c20151003233728467558_noaa_ops.h5,GDNBO_npp_d20151003_t1731466_e1737270_b20378_c20151003233728467298_noaa_ops.h5,SVI04_npp_d20151003_t1731466_e1737270_b20378_c20151003233728541959_noaa_ops.dspace_rad,VNFF_npp_d20151003_t1731466_e1737270_b20378_v21.csv,World_EEZ_v8_2014.shp,WPP_BFAR_merge.shp,KKP_IDN_merge_20161208.shp,VNF-VBD_npp_20120301-20151231_global_asia-enhanced_c201607211230.bitmask,NCEI_NGA.union.nga_lead2.add_2015ntl.mask,timezone.shp,VBD_platforms-recurring_2015_r20170330.shp,999999,VBD_bridges_c20160811.shp,9.202956;7.293124;4.987635;0.117751;-4.766567;-9.662423;-14.566307;-12.781590;-10.252750;-5.421471;-0.565886;4.309883,106.389061;120.204430;133.795395;132.636734;131.583801;130.626740;129.763702;115.696312;101.762085;103.094223;104.302101;105.397919,npp_d20151003_t1731466_e1737270_b20378,152.921,86.4273,11.2992,-83.0588,50.4177,71.6018
1322,VBD_npp_d20151003_t1731558_x1214063E_y065351N_l0085_s2230_v23,2017-06-01 16:11:27,6.535145,121.406311,14.7795,2015-10-03 17:31:55,2015-10-04 01:31:55,85,2230,0.367777,8,18913,0.630907,0.150519,0.810246,0.4,0.901493,0.75,0.0222503,0.0001,0.00176159,999999,-1.003064e-01,3,Philippines Exclusive Economic Zone,ARMM,,SVDNB_npp_d20151003_t1731466_e1737270_b20378_c20151003233728467558_noaa_ops.h5,GDNBO_npp_d20151003_t1731466_e1737270_b20378_c20151003233728467298_noaa_ops.h5,SVI04_npp_d20151003_t1731466_e1737270_b20378_c20151003233728541959_noaa_ops.dspace_rad,VNFF_npp_d20151003_t1731466_e1737270_b20378_v21.csv,World_EEZ_v8_2014.shp,WPP_BFAR_merge.shp,KKP_IDN_merge_20161208.shp,VNF-VBD_npp_20120301-20151231_global_asia-enhanced_c201607211230.bitmask,NCEI_NGA.union.nga_lead2.add_2015ntl.mask,timezone.shp,VBD_platforms-recurring_2015_r20170330.shp,0.310991,VBD_bridges_c20160811.shp,9.202956;7.293124;4.987635;0.117751;-4.766567;-9.662423;-14.566307;-12.781590;-10.252750;-5.421471;-0.565886;4.309883,106.389061;120.204430;133.795395;132.636734;131.583801;130.626740;129.763702;115.696312;101.762085;103.094223;104.302101;105.397919,npp_d20151003_t1731466_e1737270_b20378,152.874,86.082,11.3472,-81.8704,50.3263,71.7427
1323,VBD_npp_d20151003_t1731594_x1213614E_y062981N_l0121_s2231_v23,2017-06-01 16:11:27,6.298079,121.361359,30.3423,2015-10-03 17:31:59,2015-10-04 01:31:59,121,2231,0.416857,1,2529,0.813356,0.142425,0.828643,0.4,0.917666,0.75,0.0221784,0.0001,0.00169368,999999,-1.604703e-02,3,Philippines Exclusive Economic Zone,ARMM,,SVDNB_npp_d20151003_t1731466_e1737270_b20378_c20151003233728467558_noaa_ops.h5,GDNBO_npp_d20151003_t1731466_e1737270_b20378_c20151003233728467298_noaa_ops.h5,SVI04_npp_d20151003_t1731466_e1737270_b20378_c20151003233728541959_noaa_ops.dspace_rad,VNFF_npp_d20151003_t1731466_e1737270_b20378_v21.csv,World_EEZ_v8_2014.shp,WPP_BFAR_merge.shp,KKP_IDN_merge_20161208.shp,VNF-VBD_npp_20120301-20151231_global_asia-enhanced_c201607211230.bitmask,NCEI_NGA.union.nga_lead2.add_2015ntl.mask,timezone.shp,VBD_platforms-recurring_2015_r20170330.shp,999999,VBD_bridges_c20160811.shp,9.202956;7.293124;4.987635;0.117751;-4.766567;-9.662423;-14.566307;-12.781590;-10.252750;-5.421471;-0.565886;4.309883,106.389061;120.204430;133.795395;132.636734;131.583801;130.626740;129.763702;115.696312;101.762085;103.094223;104.302101;105.397919,npp_d20151003_t1731466_e1737270_b20378,152.919,86.5372,11.4044,-80.7067,50.4309,71.5562
1324,VBD_npp_d20151003_t1731576_x1214226E_y064240N_l0101_s2236_v23,2017-06-01 16:11:27,6.424021,121.422569,10.6484,2015-10-03 17:31:57,2015-10-04 01:31:57,101,2236,0.41266,1,2529,0.387047,0.163768,0.812405,0.4,0.751307,0.75,0.022239,0.0001,0.00184082,999999,-2.382331e-01,3,Philippines Exclusive Economic Zone,ARMM,,SVDNB_npp_d20151003_t1731466_e1737270_b20378_c20151003233728467558_noaa_ops.h5,GDNBO_npp_d20151003_t1731466_e1737270_b20378_c20151003233728467298_noaa_ops.h5,SVI04_npp_d20151003_t1731466_e1737270_b20378_c20151003233728541959_noaa_ops.dspace_rad,VNFF_npp_d20151003_t1731466_e1737270_b20378_v21.csv,World_EEZ_v8_2014.shp,WPP_BFAR_merge.shp,KKP_IDN_merge_20161208.shp,VNF-VBD_npp_20120301-20151231_global_asia-enhanced_c201607211230.bitmask,NCEI_NGA.union.nga_lead2.add_2015ntl.mask,timezone.shp,VBD_platforms-recurring_2015_r20170330.shp,999999,VBD_bridges_c20160811.shp,9.202956;7.293124;4.987635;0.117751;-4.766567;-9.662423;-14.566307;-12.781590;-10.252750;-5.421471;-0.565886;4.309883,106.389061;120.204430;133.795395;132.636734;131.583801;130.626740;129.763702;115.696312;101.762085;103.094223;104.302101;105.397919,npp_d20151003_t1731466_e1737270_b20378,152.858,86.3041,11.6863,-81.8386,50.3392,71.6493
1325,VBD_npp_d20151003_t1731576_x1214193E_y064039N_l0104_s2236_v23,2017-06-01 16:11:27,6.403893,121.419342,21.3937,2015-10-03 17:31:57,2015-10-04 01:31:57,104,2236,0.411664,1,2529,0.668176,0.149723,0.836216,0.4,0.87037,0.75,0.0222327,0.0001,0.00180181,999999,-9.202254e-02,3,Philippines Exclusive Economic Zone,ARMM,,SVDNB_npp_d20151003_t1731466_e1737270_b20378_c20151003233728467558_noaa_ops.h5,GDNBO_npp_d20151003_t1731466_e1737270_b20378_c20151003233728467298_noaa_ops.h5,SVI04_npp_d20151003_t1731466_e1737270_b20378_c20151003233728541959_noaa_ops.dspace_rad,VNFF_npp_d20151003_t1731466_e1737270_b20378_v21.csv,World_EEZ_v8_2014.shp,WPP_BFAR_merge.shp,KKP_IDN_merge_20161208.shp,VNF-VBD_npp_20120301-20151231_global_asia-enhanced_c201607211230.bitmask,NCEI_NGA.union.nga_lead2.add_2015ntl.mask,timezone.shp,VBD_platforms-recurring_2015_r20170330.shp,999999,VBD_bridges_c20160811.shp,9.202956;7.293124;4.987635;0.117751;-4.766567;-9.662423;-14.566307;-12.781590;-10.252750;-5.421471;-0.565886;4.309883,106.389061;120.204430;133.795395;132.636734;131.583801;130.626740;129.763702;115.696312;101.762085;103.094223;104.302101;105.397919,npp_d20151003_t1731466_e1737270_b20378,152.863,86.3426,11.6849,-80.985,50.3487,71.6336
1326,VBD_npp_d20151003_t1731576_x1214359E_y064219N_l0101_s2238_v23,2017-06-01 16:11:27,6.421903,121.435913,14.4591,2015-10-03 17:31:57,2015-10-04 01:31:57,101,2238,0.411522,1,2529,0.493976,0.141265,0.812405,0.4,0.813661,0.75,0.0222464,0.0001,0.00187399,999999,-3.963182e-03,3,Philippines Exclusive Economic Zone,ARMM,,SVDNB_npp_d20151003_t1731466_e1737270_b20378_c20151003233728467558_noaa_ops.h5,GDNBO_npp_d20151003_t1731466_e1737270_b20378_c20151003233728467298_noaa_ops.h5,SVI04_npp_d20151003_t1731466_e1737270_b20378_c20151003233728541959_noaa_ops.dspace_rad,VNFF_npp_d20151003_t1731466_e1737270_b20378_v21.csv,World_EEZ_v8_2014.shp,WPP_BFAR_merge.shp,KKP_IDN_merge_20161208.shp,VNF-VBD_npp_20120301-20151231_global_asia-enhanced_c201607211230.bitmask,NCEI_NGA.union.nga_lead2.add_2015ntl.mask,timezone.shp,VBD_platforms-recurring_2015_r20170330.shp,999999,VBD_bridges_c20160811.shp,9.202956;7.293124;4.987635;0.117751;-4.766567;-9.662423;-14.566307;-12.781590;-10.252750;-5.421471;-0.565886;4.309883,106.389061;120.204430;133.795395;132.636734;131.583801;130.626740;129.763702;115.696312;101.762085;103.094223;104.302101;105.397919,npp_d20151003_t1731466_e1737270_b20378,152.845,86.3114,11.7991,-81.8299,50.3272,71.6456
1327,VBD_npp_d20151003_t1731576_x1214327E_y064018N_l0104_s2238_v23,2017-06-01 16:11:27,6.401767,121.432693,18.9944,2015-10-03 17:31:57,2015-10-04 01:31:57,104,2238,0.408108,1,2529,0.561369,0.125566,0.836216,0.4,0.848741,0.75,0.02224,0.0001,0.00183426,999999,1.594692e-01,3,Philippines Exclusive Economic Zone,ARMM,,SVDNB_npp_d20151003_t1731466_e1737270_b20378_c20151003233728467558_noaa_ops.h5,GDNBO_npp_d20151003_t1731466_e1737270_b20378_c20151003233728467298_noaa_ops.h5,SVI04_npp_d20151003_t1731466_e1737270_b20378_c20151003233728541959_noaa_ops.dspace_rad,VNFF_npp_d20151003_t1731466_e1737270_b20378_v21.csv,World_EEZ_v8_2014.shp,WPP_BFAR_merge.shp,KKP_IDN_merge_20161208.shp,VNF-VBD_npp_20120301-20151231_global_asia-enhanced_c201607211230.bitmask,NCEI_NGA.union.nga_lead2.add_2015ntl.mask,timezone.shp,VBD_platforms-recurring_2015_r20170330.shp,999999,VBD_bridges_c20160811.shp,9.202956;7.293124;4.987635;0.117751;-4.766567;-9.662423;-14.566307;-12.781590;-10.252750;-5.421471;-0.565886;4.309883,106.389061;120.204430;133.795395;132.636734;131.583801;130.626740;129.763702;115.696312;101.762085;103.094223;104.302101;105.397919,npp_d20151003_t1731466_e1737270_b20378,152.849,86.3498,11.7977,-80.9844,50.3367,71.6298
1328,VBD_npp_d20151003_t1731558_x1214832E_y065023N_l0088_s2242_v23,2017-06-01 16:11:27,6.502287,121.483154,4.60478,2015-10-03 17:31:55,2015-10-04 01:31:55,88,2242,0.415221,1,2529,0.321998,0.131977,0.752908,0.4,0.87038,0.75,0.0222881,0.0001,0.00191973,999999,9.272974e-02,3,Philippines Exclusive Economic Zone,ARMM,,SVDNB_npp_d20151003_t1731466_e1737270_b20378_c20151003233728467558_noaa_ops.h5,GDNBO_npp_d20151003_t1731466_e1737270_b20378_c20151003233728467298_noaa_ops.h5,SVI04_npp_d20151003_t1731466_e1737270_b20378_c20151003233728541959_noaa_ops.dspace_rad,VNFF_npp_d20151003_t1731466_e1737270_b20378_v21.csv,World_EEZ_v8_2014.shp,WPP_BFAR_merge.shp,KKP_IDN_merge_20161208.shp,VNF-VBD_npp_20120301-20151231_global_asia-enhanced_c201607211230.bitmask,NCEI_NGA.union.nga_lead2.add_2015ntl.mask,timezone.shp,VBD_platforms-recurring_2015_r20170330.shp,999999,VBD_bridges_c20160811.shp,9.202956;7.293124;4.987635;0.117751;-4.766567;-9.662423;-14.566307;-12.781590;-10.252750;-5.421471;-0.565886;4.309883,106.389061;120.204430;133.795395;132.636734;131.583801;130.626740;129.763702;115.696312;101.762085;103.094223;104.302101;105.397919,npp_d20151003_t1731466_e1737270_b20378,152.8,86.1647,12.0225,-80.9873,50.2634,71.7044
1329,VBD_npp_d20151003_t1731576_x1214562E_y063774N_l0107_s2242_v23,2017-06-01 16:11:27,6.377358,121.456200,32.2207,2015-10-03 17:31:57,2015-10-04 01:31:57,107,2242,0.404978,1,2529,0.807457,0.157565,0.846151,0.4,0.919976,0.75,0.0222483,0.0001,0.00185973,999999,-1.736594e-01,3,Philippines Exclusive Economic Zone,ARMM,,SVDNB_npp_d20151003_t1731466_e1737270_b20378_c20151003233728467558_noaa_ops.h5,GDNBO_npp_d20151003_t1731466_e1737270_b20378_c20151003233728467298_noaa_ops.h5,SVI04_npp_d20151003_t1731466_e1737270_b20378_c20151003233728541959_noaa_ops.dspace_rad,VNFF_npp_d20151003_t1731466_e1737270_b20378_v21.csv,World_EEZ_v8_2014.shp,WPP_BFAR_merge.shp,KKP_IDN_merge_20161208.shp,VNF-VBD_npp_20120301-20151231_global_asia-enhanced_c201607211230.bitmask,NCEI_NGA.union.nga_lead2.add_2015ntl.mask,timezone.shp,VBD_platforms-recurring_2015_r20170330.shp,999999,VBD_bridges_c20160811.shp,9.202956;7.293124;4.987635;0.117751;-4.766567;-9.662423;-14.566307;-12.781590;-10.252750;-5.421471;-0.565886;4.309883,106.389061;120.204430;133.795395;132.636734;131.583801;130.626740;129.763702;115.696312;101.762085;103.094223;104.302101;105.397919,npp_d20151003_t1731466_e1737270_b20378,152.828,86.4028,12.0244,-80.1533,50.322,71.6064
1330,VBD_npp_d20151003_t1731594_x1214390E_y063133N_l0117_s2242_v23,2017-06-01 16:11:27,6.313252,121.439026,52.0376,2015-10-03 17:31:59,2015-10-04 01:31:59,117,2242,0.412731,1,2529,0.865867,0.132508,0.828749,0.4,0.911717,0.75,0.0222271,0.0001,0.00192321,999999,8.719736e-02,3,Philippines Exclusive Economic Zone,ARMM,,SVDNB_npp_d20151003_t1731466_e1737270_b20378_c20151003233728467558_noaa_ops.h5,GDNBO_npp_d20151003_t1731466_e1737270_b20378_c20151003233728467298_noaa_ops.h5,SVI04_npp_d20151003_t1731466_e1737270_b20378_c20151003233728541959_noaa_ops.dspace_rad,VNFF_npp_d20151003_t1731466_e1737270_b20378_v21.csv,World_EEZ_v8_2014.shp,WPP_BFAR_merge.shp,KKP_IDN_merge_20161208.shp,VNF-VBD_npp_20120301-20151231_global_asia-enhanced_c201607211230.bitmask,NCEI_NGA.union.nga_lead2.add_2015ntl.mask,timezone.shp,VBD_platforms-recurring_2015_r20170330.shp,999999,VBD_bridges_c20160811.shp,9.202956;7.293124;4.987635;0.117751;-4.766567;-9.662423;-14.566307;-12.781590;-10.252750;-5.421471;-0.565886;4.309883,106.389061;120.204430;133.795395;132.636734;131.583801;130.626740;129.763702;115.696312;101.762085;103.094223;104.302101;105.397919,npp_d20151003_t1731466_e1737270_b20378,152.841,86.5253,12.0262,-81.8243,50.352,71.5562
1331,VBD_npp_d20151003_t1731594_x1214369E_y062998N_l0119_s2242_v23,2017-06-01 16:11:27,6.299818,121.436882,25.8301,2015-10-03 17:31:59,2015-10-04 01:31:59,119,2242,0.41266,1,2529,0.676977,0.132312,0.814649,0.4,0.88394,0.75,0.0222229,0.0001,0.00189586,999999,8.923360e-02,3,Philippines Exclusive Economic Zone,ARMM,,SVDNB_npp_d20151003_t1731466_e1737270_b20378_c20151003233728467558_noaa_ops.h5,GDNBO_npp_d20151003_t1731466_e1737270_b20378_c20151003233728467298_noaa_ops.h5,SVI04_npp_d20151003_t1731466_e1737270_b20378_c20151003233728541959_noaa_ops.dspace_rad,VNFF_npp_d20151003_t1731466_e1737270_b20378_v21.csv,World_EEZ_v8_2014.shp,WPP_BFAR_merge.shp,KKP_IDN_merge_20161208.shp,VNF-VBD_npp_20120301-20151231_global_asia-enhanced_c201607211230.bitmask,NCEI_NGA.union.nga_lead2.add_2015ntl.mask,timezone.shp,VBD_platforms-recurring_2015_r20170330.shp,999999,VBD_bridges_c20160811.shp,9.202956;7.293124;4.987635;0.117751;-4.766567;-9.662423;-14.566307;-12.781590;-10.252750;-5.421471;-0.565886;4.309883,106.389061;120.204430;133.795395;132.636734;131.583801;130.626740;129.763702;115.696312;101.762085;103.094223;104.302101;105.397919,npp_d20151003_t1731466_e1737270_b20378,152.844,86.5509,12.025,-81.2711,50.3584,71.5457
1332,VBD_npp_d20151003_t1731558_x1214941E_y065281N_l0084_s2243_v23,2017-06-01 16:11:27,6.528093,121.494133,7.02501,2015-10-03 17:31:55,2015-10-04 01:31:55,84,2243,0.35668,1,2529,0.392831,0.164992,0.747481,0.4,0.829937,0.75,0.0223001,0.0001,0.00199251,999999,-2.509765e-01,3,Philippines Exclusive Economic Zone,ARMM,,SVDNB_npp_d20151003_t1731466_e1737270_b20378_c20151003233728467558_noaa_ops.h5,GDNBO_npp_d20151003_t1731466_e1737270_b20378_c20151003233728467298_noaa_ops.h5,SVI04_npp_d20151003_t1731466_e1737270_b20378_c20151003233728541959_noaa_ops.dspace_rad,VNFF_npp_d20151003_t1731466_e1737270_b20378_v21.csv,World_EEZ_v8_2014.shp,WPP_BFAR_merge.shp,KKP_IDN_merge_20161208.shp,VNF-VBD_npp_20120301-20151231_global_asia-enhanced_c201607211230.bitmask,NCEI_NGA.union.nga_lead2.add_2015ntl.mask,timezone.shp,VBD_platforms-recurring_2015_r20170330.shp,999999,VBD_bridges_c20160811.shp,9.202956;7.293124;4.987635;0.117751;-4.766567;-9.662423;-14.566307;-12.781590;-10.252750;-5.421471;-0.565886;4.309883,106.389061;120.204430;133.795395;132.636734;131.583801;130.626740;129.763702;115.696312;101.762085;103.094223;104.302101;105.397919,npp_d20151003_t1731466_e1737270_b20378,152.788,86.1173,12.0814,-82.0884,50.2447,71.7237
1333,VBD_npp_d20151003_t1731594_x1214612E_y063235N_l0115_s2245_v23,2017-06-01 16:11:27,6.323508,121.461243,31.4156,2015-10-03 17:31:59,2015-10-04 01:31:59,115,2245,0.410242,1,2529,0.772739,0.131907,0.842145,0.4,0.883627,0.75,0.0222424,0.0001,0.00200296,999999,9.345368e-02,3,Philippines Exclusive Economic Zone,ARMM,,SVDNB_npp_d20151003_t1731466_e1737270_b20378_c20151003233728467558_noaa_ops.h5,GDNBO_npp_d20151003_t1731466_e1737270_b20378_c20151003233728467298_noaa_ops.h5,SVI04_npp_d20151003_t1731466_e1737270_b20378_c20151003233728541959_noaa_ops.dspace_rad,VNFF_npp_d20151003_t1731466_e1737270_b20378_v21.csv,World_EEZ_v8_2014.shp,WPP_BFAR_merge.shp,KKP_IDN_merge_20161208.shp,VNF-VBD_npp_20120301-20151231_global_asia-enhanced_c201607211230.bitmask,NCEI_NGA.union.nga_lead2.add_2015ntl.mask,timezone.shp,VBD_platforms-recurring_2015_r20170330.shp,999999,VBD_bridges_c20160811.shp,9.202956;7.293124;4.987635;0.117751;-4.766567;-9.662423;-14.566307;-12.781590;-10.252750;-5.421471;-0.565886;4.309883,106.389061;120.204430;133.795395;132.636734;131.583801;130.626740;129.763702;115.696312;101.762085;103.094223;104.302101;105.397919,npp_d20151003_t1731466_e1737270_b20378,152.819,86.5104,12.1978,-82.3574,50.3276,71.561
1334,VBD_npp_d20151003_t1731594_x1214792E_y063069N_l0117_s2248_v23,2017-06-01 16:11:27,6.306878,121.479179,27.3108,2015-10-03 17:31:59,2015-10-04 01:31:59,117,2248,0.405618,1,2529,0.761098,0.127908,0.838004,0.4,0.914881,0.75,0.0222491,0.0001,0.00202712,999999,1.350808e-01,3,Philippines Exclusive Economic Zone,ARMM,,SVDNB_npp_d20151003_t1731466_e1737270_b20378_c20151003233728467558_noaa_ops.h5,GDNBO_npp_d20151003_t1731466_e1737270_b20378_c20151003233728467298_noaa_ops.h5,SVI04_npp_d20151003_t1731466_e1737270_b20378_c20151003233728541959_noaa_ops.dspace_rad,VNFF_npp_d20151003_t1731466_e1737270_b20378_v21.csv,World_EEZ_v8_2014.shp,WPP_BFAR_merge.shp,KKP_IDN_merge_20161208.shp,VNF-VBD_npp_20120301-20151231_global_asia-enhanced_c201607211230.bitmask,NCEI_NGA.union.nga_lead2.add_2015ntl.mask,timezone.shp,VBD_platforms-recurring_2015_r20170330.shp,999999,VBD_bridges_c20160811.shp,9.202956;7.293124;4.987635;0.117751;-4.766567;-9.662423;-14.566307;-12.781590;-10.252750;-5.421471;-0.565886;4.309883,106.389061;120.204430;133.795395;132.636734;131.583801;130.626740;129.763702;115.696312;101.762085;103.094223;104.302101;105.397919,npp_d20151003_t1731466_e1737270_b20378,152.802,86.5468,12.3647,-81.7997,50.3158,71.5447
1335,VBD_npp_d20151003_t1731558_x1216085E_y064685N_l0090_s2261_v23,2017-06-01 16:11:27,6.468467,121.608513,18.6966,2015-10-03 17:31:55,2015-10-04 01:31:55,90,2261,0.406259,8,18913,0.653604,0.135566,0.791574,0.4,0.871452,0.75,0.0223536,0.0001,0.00222934,999999,5.535917e-02,3,Philippines Exclusive Economic Zone,ARMM,,SVDNB_npp_d20151003_t1731466_e1737270_b20378_c20151003233728467558_noaa_ops.h5,GDNBO_npp_d20151003_t1731466_e1737270_b20378_c20151003233728467298_noaa_ops.h5,SVI04_npp_d20151003_t1731466_e1737270_b20378_c20151003233728541959_noaa_ops.dspace_rad,VNFF_npp_d20151003_t1731466_e1737270_b20378_v21.csv,World_EEZ_v8_2014.shp,WPP_BFAR_merge.shp,KKP_IDN_merge_20161208.shp,VNF-VBD_npp_20120301-20151231_global_asia-enhanced_c201607211230.bitmask,NCEI_NGA.union.nga_lead2.add_2015ntl.mask,timezone.shp,VBD_platforms-recurring_2015_r20170330.shp,0.483931,VBD_bridges_c20160811.shp,9.202956;7.293124;4.987635;0.117751;-4.766567;-9.662423;-14.566307;-12.781590;-10.252750;-5.421471;-0.565886;4.309883,106.389061;120.204430;133.795395;132.636734;131.583801;130.626740;129.763702;115.696312;101.762085;103.094223;104.302101;105.397919,npp_d20151003_t1731466_e1737270_b20378,152.678,86.2604,13.0951,-80.4708,50.1546,71.6577
1336,VBD_npp_d20151003_t1731558_x1216671E_y064452N_l0092_s2270_v23,2017-06-01 16:11:27,6.445232,121.667099,12.7097,2015-10-03 17:31:55,2015-10-04 01:31:55,92,2270,0.406472,1,2529,0.51066,0.129113,0.808573,0.4,0.859118,0.75,0.0223824,0.0001,0.00236868,999999,1.225377e-01,3,Philippines Exclusive Economic Zone,ARMM,,SVDNB_npp_d20151003_t1731466_e1737270_b20378_c20151003233728467558_noaa_ops.h5,GDNBO_npp_d20151003_t1731466_e1737270_b20378_c20151003233728467298_noaa_ops.h5,SVI04_npp_d20151003_t1731466_e1737270_b20378_c20151003233728541959_noaa_ops.dspace_rad,VNFF_npp_d20151003_t1731466_e1737270_b20378_v21.csv,World_EEZ_v8_2014.shp,WPP_BFAR_merge.shp,KKP_IDN_merge_20161208.shp,VNF-VBD_npp_20120301-20151231_global_asia-enhanced_c201607211230.bitmask,NCEI_NGA.union.nga_lead2.add_2015ntl.mask,timezone.shp,VBD_platforms-recurring_2015_r20170330.shp,999999,VBD_bridges_c20160811.shp,9.202956;7.293124;4.987635;0.117751;-4.766567;-9.662423;-14.566307;-12.781590;-10.252750;-5.421471;-0.565886;4.309883,106.389061;120.204430;133.795395;132.636734;131.583801;130.626740;129.763702;115.696312;101.762085;103.094223;104.302101;105.397919,npp_d20151003_t1731466_e1737270_b20378,152.621,86.3191,13.6048,-79.9955,50.1061,71.6296
1337,VBD_npp_d20151003_t1735133_x1190807E_y051928S_l1872_s2272_v23,2017-06-01 16:11:27,-5.192825,119.080742,3.73094,2015-10-03 17:35:13,2015-10-04 01:35:13,1872,2272,0.41515,1,2529,0.256306,0.170962,0.834591,0.4,0.851143,0.75,0.0185148,0.0001,0.000589896,999999,6.933716e-02,3,Indonesian Exclusive Economic Zone,WPP713,,SVDNB_npp_d20151003_t1731466_e1737270_b20378_c20151003233728467558_noaa_ops.h5,GDNBO_npp_d20151003_t1731466_e1737270_b20378_c20151003233728467298_noaa_ops.h5,SVI04_npp_d20151003_t1731466_e1737270_b20378_c20151003233728541959_noaa_ops.dspace_rad,VNFF_npp_d20151003_t1731466_e1737270_b20378_v21.csv,World_EEZ_v8_2014.shp,WPP_BFAR_merge.shp,KKP_IDN_merge_20161208.shp,VNF-VBD_npp_20120301-20151231_global_asia-enhanced_c201607211230.bitmask,NCEI_NGA.union.nga_lead2.add_2015ntl.mask,timezone.shp,VBD_platforms-recurring_2015_r20170330.shp,999999,VBD_bridges_c20160811.shp,9.202956;7.293124;4.987635;0.117751;-4.766567;-9.662423;-14.566307;-12.781590;-10.252750;-5.421471;-0.565886;4.309883,106.389061;120.204430;133.795395;132.636734;131.583801;130.626740;129.763702;115.696312;101.762085;103.094223;104.302101;105.397919,npp_d20151003_t1731466_e1737270_b20378,152.789,109.344,13.7254,-79.3698,56.2714,63.8148
1338,VBD_npp_d20151003_t1735133_x1190886E_y051871S_l1871_s2273_v23,2017-06-01 16:11:27,-5.187099,119.088554,14.4616,2015-10-03 17:35:13,2015-10-04 01:35:13,1871,2273,0.415079,1,2529,0.667256,0.164496,0.834591,0.4,0.944068,0.75,0.0185211,0.0001,0.000601788,999999,1.221825e-01,3,Indonesian Exclusive Economic Zone,WPP713,,SVDNB_npp_d20151003_t1731466_e1737270_b20378_c20151003233728467558_noaa_ops.h5,GDNBO_npp_d20151003_t1731466_e1737270_b20378_c20151003233728467298_noaa_ops.h5,SVI04_npp_d20151003_t1731466_e1737270_b20378_c20151003233728541959_noaa_ops.dspace_rad,VNFF_npp_d20151003_t1731466_e1737270_b20378_v21.csv,World_EEZ_v8_2014.shp,WPP_BFAR_merge.shp,KKP_IDN_merge_20161208.shp,VNF-VBD_npp_20120301-20151231_global_asia-enhanced_c201607211230.bitmask,NCEI_NGA.union.nga_lead2.add_2015ntl.mask,timezone.shp,VBD_platforms-recurring_2015_r20170330.shp,999999,VBD_bridges_c20160811.shp,9.202956;7.293124;4.987635;0.117751;-4.766567;-9.662423;-14.566307;-12.781590;-10.252750;-5.421471;-0.565886;4.309883,106.389061;120.204430;133.795395;132.636734;131.583801;130.626740;129.763702;115.696312;101.762085;103.094223;104.302101;105.397919,npp_d20151003_t1731466_e1737270_b20378,152.784,109.328,13.7802,-79.6208,56.2618,63.8153
1339,VBD_npp_d20151003_t1731594_x1216525E_y062239N_l0125_s2275_v23,2017-06-01 16:11:27,6.223876,121.652489,24.4651,2015-10-03 17:31:59,2015-10-04 01:31:59,125,2275,0.388405,1,2529,0.741548,0.152047,0.825985,0.4,0.871995,0.75,0.0223311,0.0001,0.00240222,999999,-1.162151e-01,3,Philippines Exclusive Economic Zone,ARMM,,SVDNB_npp_d20151003_t1731466_e1737270_b20378_c20151003233728467558_noaa_ops.h5,GDNBO_npp_d20151003_t1731466_e1737270_b20378_c20151003233728467298_noaa_ops.h5,SVI04_npp_d20151003_t1731466_e1737270_b20378_c20151003233728541959_noaa_ops.dspace_rad,VNFF_npp_d20151003_t1731466_e1737270_b20378_v21.csv,World_EEZ_v8_2014.shp,WPP_BFAR_merge.shp,KKP_IDN_merge_20161208.shp,VNF-VBD_npp_20120301-20151231_global_asia-enhanced_c201607211230.bitmask,NCEI_NGA.union.nga_lead2.add_2015ntl.mask,timezone.shp,VBD_platforms-recurring_2015_r20170330.shp,999999,VBD_bridges_c20160811.shp,9.202956;7.293124;4.987635;0.117751;-4.766567;-9.662423;-14.566307;-12.781590;-10.252750;-5.421471;-0.565886;4.309883,106.389061;120.204430;133.795395;132.636734;131.583801;130.626740;129.763702;115.696312;101.762085;103.094223;104.302101;105.397919,npp_d20151003_t1731466_e1737270_b20378,152.635,86.7459,13.8907,-79.7809,50.1772,71.4498
1340,VBD_npp_d20151003_t1735133_x1191136E_y051146S_l1860_s2275_v23,2017-06-01 16:11:27,-5.114614,119.113579,3.77084,2015-10-03 17:35:13,2015-10-04 01:35:13,1860,2275,0.409246,1,2529,0.292254,0.217068,0.81692,0.4,0.883953,0.75,0.0185575,0.0001,0.00069049,999999,-3.075014e-01,3,Indonesian Exclusive Economic Zone,WPP713,,SVDNB_npp_d20151003_t1731466_e1737270_b20378_c20151003233728467558_noaa_ops.h5,GDNBO_npp_d20151003_t1731466_e1737270_b20378_c20151003233728467298_noaa_ops.h5,SVI04_npp_d20151003_t1731466_e1737270_b20378_c20151003233728541959_noaa_ops.dspace_rad,VNFF_npp_d20151003_t1731466_e1737270_b20378_v21.csv,World_EEZ_v8_2014.shp,WPP_BFAR_merge.shp,KKP_IDN_merge_20161208.shp,VNF-VBD_npp_20120301-20151231_global_asia-enhanced_c201607211230.bitmask,NCEI_NGA.union.nga_lead2.add_2015ntl.mask,timezone.shp,VBD_platforms-recurring_2015_r20170330.shp,999999,VBD_bridges_c20160811.shp,9.202956;7.293124;4.987635;0.117751;-4.766567;-9.662423;-14.566307;-12.781590;-10.252750;-5.421471;-0.565886;4.309883,106.389061;120.204430;133.795395;132.636734;131.583801;130.626740;129.763702;115.696312;101.762085;103.094223;104.302101;105.397919,npp_d20151003_t1731466_e1737270_b20378,152.784,109.176,13.89,-82.2798,56.2069,63.8503
1341,VBD_npp_d20151003_t1735133_x1191052E_y051689S_l1868_s2275_v23,2017-06-01 16:11:27,-5.168863,119.105232,3.01194,2015-10-03 17:35:13,2015-10-04 01:35:13,1868,2275,0.415506,1,2529,0.237291,0.160048,0.842967,0.4,0.857719,0.75,0.0185362,0.0001,0.000633118,999999,1.585356e-01,3,Indonesian Exclusive Economic Zone,WPP713,,SVDNB_npp_d20151003_t1731466_e1737270_b20378_c20151003233728467558_noaa_ops.h5,GDNBO_npp_d20151003_t1731466_e1737270_b20378_c20151003233728467298_noaa_ops.h5,SVI04_npp_d20151003_t1731466_e1737270_b20378_c20151003233728541959_noaa_ops.dspace_rad,VNFF_npp_d20151003_t1731466_e1737270_b20378_v21.csv,World_EEZ_v8_2014.shp,WPP_BFAR_merge.shp,KKP_IDN_merge_20161208.shp,VNF-VBD_npp_20120301-20151231_global_asia-enhanced_c201607211230.bitmask,NCEI_NGA.union.nga_lead2.add_2015ntl.mask,timezone.shp,VBD_platforms-recurring_2015_r20170330.shp,999999,VBD_bridges_c20160811.shp,9.202956;7.293124;4.987635;0.117751;-4.766567;-9.662423;-14.566307;-12.781590;-10.252750;-5.421471;-0.565886;4.309883,106.389061;120.204430;133.795395;132.636734;131.583801;130.626740;129.763702;115.696312;101.762085;103.094223;104.302101;105.397919,npp_d20151003_t1731466_e1737270_b20378,152.774,109.282,13.8894,-80.3572,56.2386,63.82
1342,VBD_npp_d20151003_t1732012_x1216435E_y061722N_l0133_s2276_v23,2017-06-01 16:11:27,6.172240,121.643471,3.54022,2015-10-03 17:32:01,2015-10-04 01:32:01,133,2276,0.395447,1,2529,0.269563,0.119308,0.801456,0.4,0.856601,0.75,0.0223178,0.0001,0.00253953,999999,2.246128e-01,3,Philippines Exclusive Economic Zone,ARMM,,SVDNB_npp_d20151003_t1731466_e1737270_b20378_c20151003233728467558_noaa_ops.h5,GDNBO_npp_d20151003_t1731466_e1737270_b20378_c20151003233728467298_noaa_ops.h5,SVI04_npp_d20151003_t1731466_e1737270_b20378_c20151003233728541959_noaa_ops.dspace_rad,VNFF_npp_d20151003_t1731466_e1737270_b20378_v21.csv,World_EEZ_v8_2014.shp,WPP_BFAR_merge.shp,KKP_IDN_merge_20161208.shp,VNF-VBD_npp_20120301-20151231_global_asia-enhanced_c201607211230.bitmask,NCEI_NGA.union.nga_lead2.add_2015ntl.mask,timezone.shp,VBD_platforms-recurring_2015_r20170330.shp,999999,VBD_bridges_c20160811.shp,9.202956;7.293124;4.987635;0.117751;-4.766567;-9.662423;-14.566307;-12.781590;-10.252750;-5.421471;-0.565886;4.309883,106.389061;120.204430;133.795395;132.636734;131.583801;130.626740;129.763702;115.696312;101.762085;103.094223;104.302101;105.397919,npp_d20151003_t1731466_e1737270_b20378,152.639,86.8452,13.9409,-81.6957,50.1957,71.4082
1343,VBD_npp_d20151003_t1735133_x1191152E_y051496S_l1865_s2276_v23,2017-06-01 16:11:27,-5.149565,119.115150,4.37839,2015-10-03 17:35:13,2015-10-04 01:35:13,1865,2276,0.412162,1,2529,0.331561,0.180969,0.839097,0.4,0.899448,0.75,0.0185478,0.0001,0.000660001,999999,-1.245774e-02,3,Indonesian Exclusive Economic Zone,WPP713,,SVDNB_npp_d20151003_t1731466_e1737270_b20378_c20151003233728467558_noaa_ops.h5,GDNBO_npp_d20151003_t1731466_e1737270_b20378_c20151003233728467298_noaa_ops.h5,SVI04_npp_d20151003_t1731466_e1737270_b20378_c20151003233728541959_noaa_ops.dspace_rad,VNFF_npp_d20151003_t1731466_e1737270_b20378_v21.csv,World_EEZ_v8_2014.shp,WPP_BFAR_merge.shp,KKP_IDN_merge_20161208.shp,VNF-VBD_npp_20120301-20151231_global_asia-enhanced_c201607211230.bitmask,NCEI_NGA.union.nga_lead2.add_2015ntl.mask,timezone.shp,VBD_platforms-recurring_2015_r20170330.shp,999999,VBD_bridges_c20160811.shp,9.202956;7.293124;4.987635;0.117751;-4.766567;-9.662423;-14.566307;-12.781590;-10.252750;-5.421471;-0.565886;4.309883,106.389061;120.204430;133.795395;132.636734;131.583801;130.626740;129.763702;115.696312;101.762085;103.094223;104.302101;105.397919,npp_d20151003_t1731466_e1737270_b20378,152.771,109.239,13.9444,-81.08,56.2211,63.8281
1344,VBD_npp_d20151003_t1735169_x1191089E_y053231S_l1891_s2281_v23,2017-06-01 16:11:27,-5.323125,119.108910,2.83713,2015-10-03 17:35:16,2015-10-04 01:35:16,1891,2281,0.417497,1,2529,0.233856,0.18879,0.713114,0.4,0.869062,0.75,0.018506,0.0001,0.000714663,999999,-7.638266e-02,3,Indonesian Exclusive Economic Zone,WPP713,,SVDNB_npp_d20151003_t1731466_e1737270_b20378_c20151003233728467558_noaa_ops.h5,GDNBO_npp_d20151003_t1731466_e1737270_b20378_c20151003233728467298_noaa_ops.h5,SVI04_npp_d20151003_t1731466_e1737270_b20378_c20151003233728541959_noaa_ops.dspace_rad,VNFF_npp_d20151003_t1731466_e1737270_b20378_v21.csv,World_EEZ_v8_2014.shp,WPP_BFAR_merge.shp,KKP_IDN_merge_20161208.shp,VNF-VBD_npp_20120301-20151231_global_asia-enhanced_c201607211230.bitmask,NCEI_NGA.union.nga_lead2.add_2015ntl.mask,timezone.shp,VBD_platforms-recurring_2015_r20170330.shp,999999,VBD_bridges_c20160811.shp,9.202956;7.293124;4.987635;0.117751;-4.766567;-9.662423;-14.566307;-12.781590;-10.252750;-5.421471;-0.565886;4.309883,106.389061;120.204430;133.795395;132.636734;131.583801;130.626740;129.763702;115.696312;101.762085;103.094223;104.302101;105.397919,npp_d20151003_t1731466_e1737270_b20378,152.706,109.551,14.2284,-82.5034,56.2912,63.7177
1345,VBD_npp_d20151003_t1731594_x1216989E_y062095N_l0126_s2282_v23,2017-06-01 16:11:27,6.209464,121.698914,59.2489,2015-10-03 17:31:59,2015-10-04 01:31:59,126,2282,0.39566,1,2529,0.833646,0.119401,0.841261,0.4,0.866602,0.75,0.0223546,0.0001,0.0025236,999999,2.236432e-01,3,Philippines Exclusive Economic Zone,ARMM,,SVDNB_npp_d20151003_t1731466_e1737270_b20378_c20151003233728467558_noaa_ops.h5,GDNBO_npp_d20151003_t1731466_e1737270_b20378_c20151003233728467298_noaa_ops.h5,SVI04_npp_d20151003_t1731466_e1737270_b20378_c20151003233728541959_noaa_ops.dspace_rad,VNFF_npp_d20151003_t1731466_e1737270_b20378_v21.csv,World_EEZ_v8_2014.shp,WPP_BFAR_merge.shp,KKP_IDN_merge_20161208.shp,VNF-VBD_npp_20120301-20151231_global_asia-enhanced_c201607211230.bitmask,NCEI_NGA.union.nga_lead2.add_2015ntl.mask,timezone.shp,VBD_platforms-recurring_2015_r20170330.shp,999999,VBD_bridges_c20160811.shp,9.202956;7.293124;4.987635;0.117751;-4.766567;-9.662423;-14.566307;-12.781590;-10.252750;-5.421471;-0.565886;4.309883,106.389061;120.204430;133.795395;132.636734;131.583801;130.626740;129.763702;115.696312;101.762085;103.094223;104.302101;105.397919,npp_d20151003_t1731466_e1737270_b20378,152.589,86.7837,14.2874,-79.5768,50.1376,71.4305
1346,VBD_npp_d20151003_t1732012_x1216954E_y061918N_l0129_s2283_v23,2017-06-01 16:11:27,6.191771,121.695351,49.9664,2015-10-03 17:32:01,2015-10-04 01:32:01,129,2283,0.392601,8,18913,0.918271,0.11998,0.845778,0.4,0.93672,0.75,0.0223519,0.0001,0.00276568,999999,2.176143e-01,3,Philippines Exclusive Economic Zone,ARMM,,SVDNB_npp_d20151003_t1731466_e1737270_b20378_c20151003233728467558_noaa_ops.h5,GDNBO_npp_d20151003_t1731466_e1737270_b20378_c20151003233728467298_noaa_ops.h5,SVI04_npp_d20151003_t1731466_e1737270_b20378_c20151003233728541959_noaa_ops.dspace_rad,VNFF_npp_d20151003_t1731466_e1737270_b20378_v21.csv,World_EEZ_v8_2014.shp,WPP_BFAR_merge.shp,KKP_IDN_merge_20161208.shp,VNF-VBD_npp_20120301-20151231_global_asia-enhanced_c201607211230.bitmask,NCEI_NGA.union.nga_lead2.add_2015ntl.mask,timezone.shp,VBD_platforms-recurring_2015_r20170330.shp,0.0546313,VBD_bridges_c20160811.shp,9.202956;7.293124;4.987635;0.117751;-4.766567;-9.662423;-14.566307;-12.781590;-10.252750;-5.421471;-0.565886;4.309883,106.389061;120.204430;133.795395;132.636734;131.583801;130.626740;129.763702;115.696312;101.762085;103.094223;104.302101;105.397919,npp_d20151003_t1731466_e1737270_b20378,152.587,86.8186,14.3414,-82.6042,50.1399,71.4156
1347,VBD_npp_d20151003_t1731594_x1217125E_y062073N_l0126_s2284_v23,2017-06-01 16:11:27,6.207272,121.712524,23.7083,2015-10-03 17:31:59,2015-10-04 01:31:59,126,2284,0.392886,1,2529,0.643496,0.114919,0.837797,0.4,0.875947,0.75,0.0223619,0.0001,0.00256436,999999,2.703049e-01,3,Philippines Exclusive Economic Zone,ARMM,,SVDNB_npp_d20151003_t1731466_e1737270_b20378_c20151003233728467558_noaa_ops.h5,GDNBO_npp_d20151003_t1731466_e1737270_b20378_c20151003233728467298_noaa_ops.h5,SVI04_npp_d20151003_t1731466_e1737270_b20378_c20151003233728541959_noaa_ops.dspace_rad,VNFF_npp_d20151003_t1731466_e1737270_b20378_v21.csv,World_EEZ_v8_2014.shp,WPP_BFAR_merge.shp,KKP_IDN_merge_20161208.shp,VNF-VBD_npp_20120301-20151231_global_asia-enhanced_c201607211230.bitmask,NCEI_NGA.union.nga_lead2.add_2015ntl.mask,timezone.shp,VBD_platforms-recurring_2015_r20170330.shp,999999,VBD_bridges_c20160811.shp,9.202956;7.293124;4.987635;0.117751;-4.766567;-9.662423;-14.566307;-12.781590;-10.252750;-5.421471;-0.565886;4.309883,106.389061;120.204430;133.795395;132.636734;131.583801;130.626740;129.763702;115.696312;101.762085;103.094223;104.302101;105.397919,npp_d20151003_t1731466_e1737270_b20378,152.576,86.7909,14.4004,-79.5867,50.1254,71.4265
1348,VBD_npp_d20151003_t1733266_x1206257E_y010873N_l0908_s2294_v23,2017-06-01 16:11:27,1.087287,120.625679,2.7981,2015-10-03 17:33:26,2015-10-04 01:33:26,908,2294,0.434142,1,2529,0.239043,0.14536,0.702022,0.4,0.901189,0.75,0.020906,0.0001,0.00164782,999999,-4.659395e-02,3,Indonesian Exclusive Economic Zone,WPP716,,SVDNB_npp_d20151003_t1731466_e1737270_b20378_c20151003233728467558_noaa_ops.h5,GDNBO_npp_d20151003_t1731466_e1737270_b20378_c20151003233728467298_noaa_ops.h5,SVI04_npp_d20151003_t1731466_e1737270_b20378_c20151003233728541959_noaa_ops.dspace_rad,VNFF_npp_d20151003_t1731466_e1737270_b20378_v21.csv,World_EEZ_v8_2014.shp,WPP_BFAR_merge.shp,KKP_IDN_merge_20161208.shp,VNF-VBD_npp_20120301-20151231_global_asia-enhanced_c201607211230.bitmask,NCEI_NGA.union.nga_lead2.add_2015ntl.mask,timezone.shp,VBD_platforms-recurring_2015_r20170330.shp,999999,VBD_bridges_c20160811.shp,9.202956;7.293124;4.987635;0.117751;-4.766567;-9.662423;-14.566307;-12.781590;-10.252750;-5.421471;-0.565886;4.309883,106.389061;120.204430;133.795395;132.636734;131.583801;130.626740;129.763702;115.696312;101.762085;103.094223;104.302101;105.397919,npp_d20151003_t1731466_e1737270_b20378,153.14,96.7912,14.9503,-80.3006,52.633,67.6516
1349,VBD_npp_d20151003_t1733283_x1206098E_y010294N_l0917_s2294_v23,2017-06-01 16:11:27,1.029438,120.609772,1.81075,2015-10-03 17:33:28,2015-10-04 01:33:28,917,2294,0.435067,1,2273,0.150659,0.133603,0.600436,0.4,0.751302,0.75,0.0208844,0.0001,0.00173088,999999,7.579337e-02,3,Indonesian Exclusive Economic Zone,WPP716,,SVDNB_npp_d20151003_t1731466_e1737270_b20378_c20151003233728467558_noaa_ops.h5,GDNBO_npp_d20151003_t1731466_e1737270_b20378_c20151003233728467298_noaa_ops.h5,SVI04_npp_d20151003_t1731466_e1737270_b20378_c20151003233728541959_noaa_ops.dspace_rad,VNFF_npp_d20151003_t1731466_e1737270_b20378_v21.csv,World_EEZ_v8_2014.shp,WPP_BFAR_merge.shp,KKP_IDN_merge_20161208.shp,VNF-VBD_npp_20120301-20151231_global_asia-enhanced_c201607211230.bitmask,NCEI_NGA.union.nga_lead2.add_2015ntl.mask,timezone.shp,VBD_platforms-recurring_2015_r20170330.shp,999999,VBD_bridges_c20160811.shp,9.202956;7.293124;4.987635;0.117751;-4.766567;-9.662423;-14.566307;-12.781590;-10.252750;-5.421471;-0.565886;4.309883,106.389061;120.204430;133.795395;132.636734;131.583801;130.626740;129.763702;115.696312;101.762085;103.094223;104.302101;105.397919,npp_d20151003_t1731466_e1737270_b20378,153.142,96.9065,14.9516,-81.841,52.6634,67.6121
1350,VBD_npp_d20151003_t1733283_x1206867E_y010447N_l0913_s2305_v23,2017-06-01 16:11:27,1.044686,120.686668,3.78578,2015-10-03 17:33:28,2015-10-04 01:33:28,913,2305,0.436916,8,18849,0.198004,0.139719,0.751397,0.4,0.741587,0.75,0.0209337,0.0001,0.00194924,999999,1.213190e-02,3,Indonesian Exclusive Economic Zone,WPP716,,SVDNB_npp_d20151003_t1731466_e1737270_b20378_c20151003233728467558_noaa_ops.h5,GDNBO_npp_d20151003_t1731466_e1737270_b20378_c20151003233728467298_noaa_ops.h5,SVI04_npp_d20151003_t1731466_e1737270_b20378_c20151003233728541959_noaa_ops.dspace_rad,VNFF_npp_d20151003_t1731466_e1737270_b20378_v21.csv,World_EEZ_v8_2014.shp,WPP_BFAR_merge.shp,KKP_IDN_merge_20161208.shp,VNF-VBD_npp_20120301-20151231_global_asia-enhanced_c201607211230.bitmask,NCEI_NGA.union.nga_lead2.add_2015ntl.mask,timezone.shp,VBD_platforms-recurring_2015_r20170330.shp,0.570153,VBD_bridges_c20160811.shp,9.202956;7.293124;4.987635;0.117751;-4.766567;-9.662423;-14.566307;-12.781590;-10.252750;-5.421471;-0.565886;4.309883,106.389061;120.204430;133.795395;132.636734;131.583801;130.626740;129.763702;115.696312;101.762085;103.094223;104.302101;105.397919,npp_d20151003_t1731466_e1737270_b20378,153.067,96.8599,15.559,-82.657,52.5857,67.6016
1351,VBD_npp_d20151003_t1733266_x1207030E_y010614N_l0910_s2306_v23,2017-06-01 16:11:27,1.061432,120.702965,4.65778,2015-10-03 17:33:26,2015-10-04 01:33:26,910,2306,0.435564,1,2529,0.340579,0.129492,0.739844,0.4,0.902657,0.75,0.0209445,0.0001,0.00177547,999999,1.185992e-01,3,Indonesian Exclusive Economic Zone,WPP716,,SVDNB_npp_d20151003_t1731466_e1737270_b20378_c20151003233728467558_noaa_ops.h5,GDNBO_npp_d20151003_t1731466_e1737270_b20378_c20151003233728467298_noaa_ops.h5,SVI04_npp_d20151003_t1731466_e1737270_b20378_c20151003233728541959_noaa_ops.dspace_rad,VNFF_npp_d20151003_t1731466_e1737270_b20378_v21.csv,World_EEZ_v8_2014.shp,WPP_BFAR_merge.shp,KKP_IDN_merge_20161208.shp,VNF-VBD_npp_20120301-20151231_global_asia-enhanced_c201607211230.bitmask,NCEI_NGA.union.nga_lead2.add_2015ntl.mask,timezone.shp,VBD_platforms-recurring_2015_r20170330.shp,999999,VBD_bridges_c20160811.shp,9.202956;7.293124;4.987635;0.117751;-4.766567;-9.662423;-14.566307;-12.781590;-10.252750;-5.421471;-0.565886;4.309883,106.389061;120.204430;133.795395;132.636734;131.583801;130.626740;129.763702;115.696312;101.762085;103.094223;104.302101;105.397919,npp_d20151003_t1731466_e1737270_b20378,153.061,96.8252,15.61,-79.9197,52.5707,67.6112
1352,VBD_npp_d20151003_t1733283_x1206923E_y010370N_l0914_s2306_v23,2017-06-01 16:11:27,1.037000,120.692253,2.25697,2015-10-03 17:33:28,2015-10-04 01:33:28,914,2306,0.436916,8,18593,0.165973,0.133904,0.751397,0.4,0.744403,0.75,0.0209349,0.0001,0.00194751,999999,7.266490e-02,3,Indonesian Exclusive Economic Zone,WPP716,,SVDNB_npp_d20151003_t1731466_e1737270_b20378_c20151003233728467558_noaa_ops.h5,GDNBO_npp_d20151003_t1731466_e1737270_b20378_c20151003233728467298_noaa_ops.h5,SVI04_npp_d20151003_t1731466_e1737270_b20378_c20151003233728541959_noaa_ops.dspace_rad,VNFF_npp_d20151003_t1731466_e1737270_b20378_v21.csv,World_EEZ_v8_2014.shp,WPP_BFAR_merge.shp,KKP_IDN_merge_20161208.shp,VNF-VBD_npp_20120301-20151231_global_asia-enhanced_c201607211230.bitmask,NCEI_NGA.union.nga_lead2.add_2015ntl.mask,timezone.shp,VBD_platforms-recurring_2015_r20170330.shp,0.984331,VBD_bridges_c20160811.shp,9.202956;7.293124;4.987635;0.117751;-4.766567;-9.662423;-14.566307;-12.781590;-10.252750;-5.421471;-0.565886;4.309883,106.389061;120.204430;133.795395;132.636734;131.583801;130.626740;129.763702;115.696312;101.762085;103.094223;104.302101;105.397919,npp_d20151003_t1731466_e1737270_b20378,153.061,96.8737,15.6124,-82.4429,52.5834,67.5944
1353,VBD_npp_d20151003_t1733248_x1207545E_y011686N_l0893_s2310_v23,2017-06-01 16:11:27,1.168583,120.754509,2.09404,2015-10-03 17:33:24,2015-10-04 01:33:24,893,2310,0.433217,1,2273,0.166964,0.13726,0.686943,0.4,0.804293,0.75,0.0209996,0.0001,0.00186954,999999,3.772528e-02,3,Indonesian Exclusive Economic Zone,WPP716,,SVDNB_npp_d20151003_t1731466_e1737270_b20378_c20151003233728467558_noaa_ops.h5,GDNBO_npp_d20151003_t1731466_e1737270_b20378_c20151003233728467298_noaa_ops.h5,SVI04_npp_d20151003_t1731466_e1737270_b20378_c20151003233728541959_noaa_ops.dspace_rad,VNFF_npp_d20151003_t1731466_e1737270_b20378_v21.csv,World_EEZ_v8_2014.shp,WPP_BFAR_merge.shp,KKP_IDN_merge_20161208.shp,VNF-VBD_npp_20120301-20151231_global_asia-enhanced_c201607211230.bitmask,NCEI_NGA.union.nga_lead2.add_2015ntl.mask,timezone.shp,VBD_platforms-recurring_2015_r20170330.shp,999999,VBD_bridges_c20160811.shp,9.202956;7.293124;4.987635;0.117751;-4.766567;-9.662423;-14.566307;-12.781590;-10.252750;-5.421471;-0.565886;4.309883,106.389061;120.204430;133.795395;132.636734;131.583801;130.626740;129.763702;115.696312;101.762085;103.094223;104.302101;105.397919,npp_d20151003_t1731466_e1737270_b20378,153.029,96.6067,15.8329,-80.1468,52.4881,67.6768
1354,VBD_npp_d20151003_t1733248_x1207657E_y011531N_l0895_s2312_v23,2017-06-01 16:11:27,1.153145,120.765724,3.11978,2015-10-03 17:33:24,2015-10-04 01:33:24,895,2312,0.436062,1,2529,0.246919,0.13803,0.684129,0.4,0.859276,0.75,0.0210021,0.0001,0.00186467,999999,2.971035e-02,3,Indonesian Exclusive Economic Zone,WPP716,,SVDNB_npp_d20151003_t1731466_e1737270_b20378_c20151003233728467558_noaa_ops.h5,GDNBO_npp_d20151003_t1731466_e1737270_b20378_c20151003233728467298_noaa_ops.h5,SVI04_npp_d20151003_t1731466_e1737270_b20378_c20151003233728541959_noaa_ops.dspace_rad,VNFF_npp_d20151003_t1731466_e1737270_b20378_v21.csv,World_EEZ_v8_2014.shp,WPP_BFAR_merge.shp,KKP_IDN_merge_20161208.shp,VNF-VBD_npp_20120301-20151231_global_asia-enhanced_c201607211230.bitmask,NCEI_NGA.union.nga_lead2.add_2015ntl.mask,timezone.shp,VBD_platforms-recurring_2015_r20170330.shp,999999,VBD_bridges_c20160811.shp,9.202956;7.293124;4.987635;0.117751;-4.766567;-9.662423;-14.566307;-12.781590;-10.252750;-5.421471;-0.565886;4.309883,106.389061;120.204430;133.795395;132.636734;131.583801;130.626740;129.763702;115.696312;101.762085;103.094223;104.302101;105.397919,npp_d20151003_t1731466_e1737270_b20378,153.016,96.6345,15.9448,-79.744,52.4835,67.6624
1355,VBD_npp_d20151003_t1733248_x1207859E_y012388N_l0882_s2313_v23,2017-06-01 16:11:27,1.238759,120.785896,2.27073,2015-10-03 17:33:24,2015-10-04 01:33:24,882,2313,0.437698,1,2529,0.189318,0.121066,0.624274,0.4,0.829325,0.75,0.0210217,0.0001,0.00210127,999999,2.063179e-01,3,Indonesian Exclusive Economic Zone,WPP716,,SVDNB_npp_d20151003_t1731466_e1737270_b20378_c20151003233728467558_noaa_ops.h5,GDNBO_npp_d20151003_t1731466_e1737270_b20378_c20151003233728467298_noaa_ops.h5,SVI04_npp_d20151003_t1731466_e1737270_b20378_c20151003233728541959_noaa_ops.dspace_rad,VNFF_npp_d20151003_t1731466_e1737270_b20378_v21.csv,World_EEZ_v8_2014.shp,WPP_BFAR_merge.shp,KKP_IDN_merge_20161208.shp,VNF-VBD_npp_20120301-20151231_global_asia-enhanced_c201607211230.bitmask,NCEI_NGA.union.nga_lead2.add_2015ntl.mask,timezone.shp,VBD_platforms-recurring_2015_r20170330.shp,999999,VBD_bridges_c20160811.shp,9.202956;7.293124;4.987635;0.117751;-4.766567;-9.662423;-14.566307;-12.781590;-10.252750;-5.421471;-0.565886;4.309883,106.389061;120.204430;133.795395;132.636734;131.583801;130.626740;129.763702;115.696312;101.762085;103.094223;104.302101;105.397919,npp_d20151003_t1731466_e1737270_b20378,153.006,96.4634,15.9995,-82.404,52.4318,67.7193
1356,VBD_npp_d20151003_t1733266_x1207617E_y010453N_l0911_s2315_v23,2017-06-01 16:11:27,1.045274,120.761749,2.34263,2015-10-03 17:33:26,2015-10-04 01:33:26,911,2315,0.436845,1,2529,0.202844,0.141652,0.612916,0.4,0.872209,0.75,0.0209746,0.0001,0.00188234,999999,-7.991725e-03,3,Indonesian Exclusive Economic Zone,WPP716,,SVDNB_npp_d20151003_t1731466_e1737270_b20378_c20151003233728467558_noaa_ops.h5,GDNBO_npp_d20151003_t1731466_e1737270_b20378_c20151003233728467298_noaa_ops.h5,SVI04_npp_d20151003_t1731466_e1737270_b20378_c20151003233728541959_noaa_ops.dspace_rad,VNFF_npp_d20151003_t1731466_e1737270_b20378_v21.csv,World_EEZ_v8_2014.shp,WPP_BFAR_merge.shp,KKP_IDN_merge_20161208.shp,VNF-VBD_npp_20120301-20151231_global_asia-enhanced_c201607211230.bitmask,NCEI_NGA.union.nga_lead2.add_2015ntl.mask,timezone.shp,VBD_platforms-recurring_2015_r20170330.shp,999999,VBD_bridges_c20160811.shp,9.202956;7.293124;4.987635;0.117751;-4.766567;-9.662423;-14.566307;-12.781590;-10.252750;-5.421471;-0.565886;4.309883,106.389061;120.204430;133.795395;132.636734;131.583801;130.626740;129.763702;115.696312;101.762085;103.094223;104.302101;105.397919,npp_d20151003_t1731466_e1737270_b20378,153,96.8441,16.1048,-79.7553,52.522,67.5829
1357,VBD_npp_d20151003_t1734591_x1195677E_y043129S_l1731_s2315_v23,2017-06-01 16:11:27,-4.312946,119.567665,2.16055,2015-10-03 17:34:59,2015-10-04 01:34:59,1731,2315,0.412803,1,2273,0.169549,0.155723,0.761754,0.4,0.775165,0.75,0.0190421,0.0001,0.00108314,999999,1.938879e-01,3,Indonesian Exclusive Economic Zone,WPP713,,SVDNB_npp_d20151003_t1731466_e1737270_b20378_c20151003233728467558_noaa_ops.h5,GDNBO_npp_d20151003_t1731466_e1737270_b20378_c20151003233728467298_noaa_ops.h5,SVI04_npp_d20151003_t1731466_e1737270_b20378_c20151003233728541959_noaa_ops.dspace_rad,VNFF_npp_d20151003_t1731466_e1737270_b20378_v21.csv,World_EEZ_v8_2014.shp,WPP_BFAR_merge.shp,KKP_IDN_merge_20161208.shp,VNF-VBD_npp_20120301-20151231_global_asia-enhanced_c201607211230.bitmask,NCEI_NGA.union.nga_lead2.add_2015ntl.mask,timezone.shp,VBD_platforms-recurring_2015_r20170330.shp,999999,VBD_bridges_c20160811.shp,9.202956;7.293124;4.987635;0.117751;-4.766567;-9.662423;-14.566307;-12.781590;-10.252750;-5.421471;-0.565886;4.309883,106.389061;120.204430;133.795395;132.636734;131.583801;130.626740;129.763702;115.696312;101.762085;103.094223;104.302101;105.397919,npp_d20151003_t1731466_e1737270_b20378,152.663,107.428,16.108,-82.3489,55.4935,64.2001
1358,VBD_npp_d20151003_t1734591_x1195718E_y043751S_l1740_s2317_v23,2017-06-01 16:11:27,-4.375141,119.571831,3.19023,2015-10-03 17:34:59,2015-10-04 01:34:59,1740,2317,0.41515,1,2529,0.241429,0.177815,0.790525,0.4,0.836842,0.75,0.0190255,0.0001,0.00100178,999999,1.332253e-02,3,Indonesian Exclusive Economic Zone,WPP713,,SVDNB_npp_d20151003_t1731466_e1737270_b20378_c20151003233728467558_noaa_ops.h5,GDNBO_npp_d20151003_t1731466_e1737270_b20378_c20151003233728467298_noaa_ops.h5,SVI04_npp_d20151003_t1731466_e1737270_b20378_c20151003233728541959_noaa_ops.dspace_rad,VNFF_npp_d20151003_t1731466_e1737270_b20378_v21.csv,World_EEZ_v8_2014.shp,WPP_BFAR_merge.shp,KKP_IDN_merge_20161208.shp,VNF-VBD_npp_20120301-20151231_global_asia-enhanced_c201607211230.bitmask,NCEI_NGA.union.nga_lead2.add_2015ntl.mask,timezone.shp,VBD_platforms-recurring_2015_r20170330.shp,999999,VBD_bridges_c20160811.shp,9.202956;7.293124;4.987635;0.117751;-4.766567;-9.662423;-14.566307;-12.781590;-10.252750;-5.421471;-0.565886;4.309883,106.389061;120.204430;133.795395;132.636734;131.583801;130.626740;129.763702;115.696312;101.762085;103.094223;104.302101;105.397919,npp_d20151003_t1731466_e1737270_b20378,152.64,107.54,16.2161,-80.5287,55.517,64.1589
1359,VBD_npp_d20151003_t1731469_x1223900E_y069329N_l0003_s2358_v23,2017-06-01 16:11:27,6.932936,122.390007,16.7517,2015-10-03 17:31:46,2015-10-04 01:31:46,3,2358,0.279076,2,2465,0.306561,0.179307,0.545819,0.4,0.56777,0.75,0.0228884,0.0001,0.00501209,999999,999999,3,Philippines Exclusive Economic Zone,Region IX,,SVDNB_npp_d20151003_t1731466_e1737270_b20378_c20151003233728467558_noaa_ops.h5,GDNBO_npp_d20151003_t1731466_e1737270_b20378_c20151003233728467298_noaa_ops.h5,SVI04_npp_d20151003_t1731466_e1737270_b20378_c20151003233728541959_noaa_ops.dspace_rad,VNFF_npp_d20151003_t1731466_e1737270_b20378_v21.csv,World_EEZ_v8_2014.shp,WPP_BFAR_merge.shp,KKP_IDN_merge_20161208.shp,VNF-VBD_npp_20120301-20151231_global_asia-enhanced_c201607211230.bitmask,NCEI_NGA.union.nga_lead2.add_2015ntl.mask,timezone.shp,VBD_platforms-recurring_2015_r20170330.shp,999999,VBD_bridges_c20160811.shp,9.202956;7.293124;4.987635;0.117751;-4.766567;-9.662423;-14.566307;-12.781590;-10.252750;-5.421471;-0.565886;4.309883,106.389061;120.204430;133.795395;132.636734;131.583801;130.626740;129.763702;115.696312;101.762085;103.094223;104.302101;105.397919,npp_d20151003_t1731466_e1737270_b20378,151.907,85.5654,18.4665,-81.7783,49.2964,71.927
1360,VBD_npp_d20151003_t1731469_x1224462E_y069309N_l0002_s2366_v23,2017-06-01 16:11:27,6.930884,122.446182,27.2132,2015-10-03 17:31:46,2015-10-04 01:31:46,2,2366,0.323675,1,2529,0.601764,0.179307,0.711818,0.4,0.815409,0.75,0.0229196,0.0001,0.005311,999999,999999,3,Philippines Exclusive Economic Zone,Region IX,,SVDNB_npp_d20151003_t1731466_e1737270_b20378_c20151003233728467558_noaa_ops.h5,GDNBO_npp_d20151003_t1731466_e1737270_b20378_c20151003233728467298_noaa_ops.h5,SVI04_npp_d20151003_t1731466_e1737270_b20378_c20151003233728541959_noaa_ops.dspace_rad,VNFF_npp_d20151003_t1731466_e1737270_b20378_v21.csv,World_EEZ_v8_2014.shp,WPP_BFAR_merge.shp,KKP_IDN_merge_20161208.shp,VNF-VBD_npp_20120301-20151231_global_asia-enhanced_c201607211230.bitmask,NCEI_NGA.union.nga_lead2.add_2015ntl.mask,timezone.shp,VBD_platforms-recurring_2015_r20170330.shp,999999,VBD_bridges_c20160811.shp,9.202956;7.293124;4.987635;0.117751;-4.766567;-9.662423;-14.566307;-12.781590;-10.252750;-5.421471;-0.565886;4.309883,106.389061;120.204430;133.795395;132.636734;131.583801;130.626740;129.763702;115.696312;101.762085;103.094223;104.302101;105.397919,npp_d20151003_t1731466_e1737270_b20378,151.852,85.584,18.908,-81.9267,49.2435,71.9168
1361,VBD_npp_d20151003_t1735098_x1204224E_y051399S_l1834_s2463_v23,2017-06-01 16:11:27,-5.139871,120.422371,9.98068,2015-10-03 17:35:09,2015-10-04 01:35:09,1834,2463,0.338684,8,18913,0.390298,0.20052,0.645009,0.4,0.766709,0.75,0.0192962,0.0001,0.00226881,999999,-1.722505e-01,3,Indonesian Exclusive Economic Zone,WPP713,,SVDNB_npp_d20151003_t1731466_e1737270_b20378_c20151003233728467558_noaa_ops.h5,GDNBO_npp_d20151003_t1731466_e1737270_b20378_c20151003233728467298_noaa_ops.h5,SVI04_npp_d20151003_t1731466_e1737270_b20378_c20151003233728541959_noaa_ops.dspace_rad,VNFF_npp_d20151003_t1731466_e1737270_b20378_v21.csv,World_EEZ_v8_2014.shp,WPP_BFAR_merge.shp,KKP_IDN_merge_20161208.shp,VNF-VBD_npp_20120301-20151231_global_asia-enhanced_c201607211230.bitmask,NCEI_NGA.union.nga_lead2.add_2015ntl.mask,timezone.shp,VBD_platforms-recurring_2015_r20170330.shp,0.313764,VBD_bridges_c20160811.shp,9.202956;7.293124;4.987635;0.117751;-4.766567;-9.662423;-14.566307;-12.781590;-10.252750;-5.421471;-0.565886;4.309883,106.389061;120.204430;133.795395;132.636734;131.583801;130.626740;129.763702;115.696312;101.762085;103.094223;104.302101;105.397919,npp_d20151003_t1731466_e1737270_b20378,151.556,108.321,23.9893,-81.1932,55.0523,63.3145
1362,VBD_npp_d20151003_t1734306_x1210139E_y027989S_l1474_s2475_v23,2017-06-01 16:11:27,-2.798878,121.013878,8.93632,2015-10-03 17:34:30,2015-10-04 01:34:30,1474,2475,0.407112,2,2465,0.312662,0.141992,0.59648,0.4,0.620418,0.75,0.0202648,0.0001,0.00346345,999999,3.061154e-01,3,Indonesian Exclusive Economic Zone,,,SVDNB_npp_d20151003_t1731466_e1737270_b20378_c20151003233728467558_noaa_ops.h5,GDNBO_npp_d20151003_t1731466_e1737270_b20378_c20151003233728467298_noaa_ops.h5,SVI04_npp_d20151003_t1731466_e1737270_b20378_c20151003233728541959_noaa_ops.dspace_rad,VNFF_npp_d20151003_t1731466_e1737270_b20378_v21.csv,World_EEZ_v8_2014.shp,WPP_BFAR_merge.shp,KKP_IDN_merge_20161208.shp,VNF-VBD_npp_20120301-20151231_global_asia-enhanced_c201607211230.bitmask,NCEI_NGA.union.nga_lead2.add_2015ntl.mask,timezone.shp,VBD_platforms-recurring_2015_r20170330.shp,999999,VBD_bridges_c20160811.shp,9.202956;7.293124;4.987635;0.117751;-4.766567;-9.662423;-14.566307;-12.781590;-10.252750;-5.421471;-0.565886;4.309883,106.389061;120.204430;133.795395;132.636734;131.583801;130.626740;129.763702;115.696312;101.762085;103.094223;104.302101;105.397919,npp_d20151003_t1731466_e1737270_b20378,151.795,103.897,24.5825,-82.1417,53.6225,64.6979
1363,VBD_npp_d20151003_t1734342_x1210004E_y030197S_l1507_s2480_v23,2017-06-01 16:11:27,-3.019708,121.000366,4.11535,2015-10-03 17:34:34,2015-10-04 01:34:34,1507,2480,0.420556,1,2529,0.270401,0.201407,0.651599,0.4,0.805333,0.75,0.0202151,0.0001,0.0034149,999999,-1.795061e-01,3,Indonesian Exclusive Economic Zone,WPP713,,SVDNB_npp_d20151003_t1731466_e1737270_b20378_c20151003233728467558_noaa_ops.h5,GDNBO_npp_d20151003_t1731466_e1737270_b20378_c20151003233728467298_noaa_ops.h5,SVI04_npp_d20151003_t1731466_e1737270_b20378_c20151003233728541959_noaa_ops.dspace_rad,VNFF_npp_d20151003_t1731466_e1737270_b20378_v21.csv,World_EEZ_v8_2014.shp,WPP_BFAR_merge.shp,KKP_IDN_merge_20161208.shp,VNF-VBD_npp_20120301-20151231_global_asia-enhanced_c201607211230.bitmask,NCEI_NGA.union.nga_lead2.add_2015ntl.mask,timezone.shp,VBD_platforms-recurring_2015_r20170330.shp,999999,VBD_bridges_c20160811.shp,9.202956;7.293124;4.987635;0.117751;-4.766567;-9.662423;-14.566307;-12.781590;-10.252750;-5.421471;-0.565886;4.309883,106.389061;120.204430;133.795395;132.636734;131.583801;130.626740;129.763702;115.696312;101.762085;103.094223;104.302101;105.397919,npp_d20151003_t1731466_e1737270_b20378,151.74,104.295,24.8319,-82.0177,53.7175,64.5468
1364,VBD_npp_d20151003_t1735080_x1205873E_y050362S_l1815_s2484_v23,2017-06-01 16:11:27,-5.036194,120.587288,39.8169,2015-10-03 17:35:08,2015-10-04 01:35:08,1815,2484,0.322253,8,18913,0.658382,0.209194,0.660676,0.4,0.820952,0.75,0.019421,0.0001,0.00259475,999999,-2.431497e-01,3,Indonesian Exclusive Economic Zone,WPP713,,SVDNB_npp_d20151003_t1731466_e1737270_b20378_c20151003233728467558_noaa_ops.h5,GDNBO_npp_d20151003_t1731466_e1737270_b20378_c20151003233728467298_noaa_ops.h5,SVI04_npp_d20151003_t1731466_e1737270_b20378_c20151003233728541959_noaa_ops.dspace_rad,VNFF_npp_d20151003_t1731466_e1737270_b20378_v21.csv,World_EEZ_v8_2014.shp,WPP_BFAR_merge.shp,KKP_IDN_merge_20161208.shp,VNF-VBD_npp_20120301-20151231_global_asia-enhanced_c201607211230.bitmask,NCEI_NGA.union.nga_lead2.add_2015ntl.mask,timezone.shp,VBD_platforms-recurring_2015_r20170330.shp,0.749825,VBD_bridges_c20160811.shp,9.202956;7.293124;4.987635;0.117751;-4.766567;-9.662423;-14.566307;-12.781590;-10.252750;-5.421471;-0.565886;4.309883,106.389061;120.204430;133.795395;132.636734;131.583801;130.626740;129.763702;115.696312;101.762085;103.094223;104.302101;105.397919,npp_d20151003_t1731466_e1737270_b20378,151.439,108.036,25.0307,-81.598,54.8635,63.3164
1365,VBD_npp_d20151003_t1735080_x1206478E_y050866S_l1821_s2494_v23,2017-06-01 16:11:27,-5.086550,120.647804,12.3447,2015-10-03 17:35:08,2015-10-04 01:35:08,1821,2494,0.399074,1,2529,0.514472,0.177367,0.745318,0.4,0.853918,0.75,0.0194397,0.0001,0.00253155,999999,1.698362e-02,3,Indonesian Exclusive Economic Zone,WPP713,,SVDNB_npp_d20151003_t1731466_e1737270_b20378_c20151003233728467558_noaa_ops.h5,GDNBO_npp_d20151003_t1731466_e1737270_b20378_c20151003233728467298_noaa_ops.h5,SVI04_npp_d20151003_t1731466_e1737270_b20378_c20151003233728541959_noaa_ops.dspace_rad,VNFF_npp_d20151003_t1731466_e1737270_b20378_v21.csv,World_EEZ_v8_2014.shp,WPP_BFAR_merge.shp,KKP_IDN_merge_20161208.shp,VNF-VBD_npp_20120301-20151231_global_asia-enhanced_c201607211230.bitmask,NCEI_NGA.union.nga_lead2.add_2015ntl.mask,timezone.shp,VBD_platforms-recurring_2015_r20170330.shp,999999,VBD_bridges_c20160811.shp,9.202956;7.293124;4.987635;0.117751;-4.766567;-9.662423;-14.566307;-12.781590;-10.252750;-5.421471;-0.565886;4.309883,106.389061;120.204430;133.795395;132.636734;131.583801;130.626740;129.763702;115.696312;101.762085;103.094223;104.302101;105.397919,npp_d20151003_t1731466_e1737270_b20378,151.366,108.084,25.5256,-80.8566,54.832,63.2588
1366,VBD_npp_d20151003_t1735080_x1206555E_y050809S_l1820_s2495_v23,2017-06-01 16:11:27,-5.080856,120.655495,8.61312,2015-10-03 17:35:08,2015-10-04 01:35:08,1820,2495,0.397723,1,2529,0.394039,0.178998,0.764489,0.4,0.809789,0.75,0.0194459,0.0001,0.00256888,999999,3.655356e-03,3,Indonesian Exclusive Economic Zone,WPP713,,SVDNB_npp_d20151003_t1731466_e1737270_b20378_c20151003233728467558_noaa_ops.h5,GDNBO_npp_d20151003_t1731466_e1737270_b20378_c20151003233728467298_noaa_ops.h5,SVI04_npp_d20151003_t1731466_e1737270_b20378_c20151003233728541959_noaa_ops.dspace_rad,VNFF_npp_d20151003_t1731466_e1737270_b20378_v21.csv,World_EEZ_v8_2014.shp,WPP_BFAR_merge.shp,KKP_IDN_merge_20161208.shp,VNF-VBD_npp_20120301-20151231_global_asia-enhanced_c201607211230.bitmask,NCEI_NGA.union.nga_lead2.add_2015ntl.mask,timezone.shp,VBD_platforms-recurring_2015_r20170330.shp,999999,VBD_bridges_c20160811.shp,9.202956;7.293124;4.987635;0.117751;-4.766567;-9.662423;-14.566307;-12.781590;-10.252750;-5.421471;-0.565886;4.309883,106.389061;120.204430;133.795395;132.636734;131.583801;130.626740;129.763702;115.696312;101.762085;103.094223;104.302101;105.397919,npp_d20151003_t1731466_e1737270_b20378,151.36,108.069,25.5746,-80.9825,54.8225,63.2593
1367,VBD_npp_d20151003_t1735080_x1206663E_y050550S_l1816_s2496_v23,2017-06-01 16:11:27,-5.054995,120.666260,4.42638,2015-10-03 17:35:08,2015-10-04 01:35:08,1816,2496,0.399074,8,18913,0.262835,0.187571,0.756093,0.4,0.767611,0.75,0.01946,0.0001,0.00269175,999999,-6.641711e-02,3,Indonesian Exclusive Economic Zone,WPP713,,SVDNB_npp_d20151003_t1731466_e1737270_b20378_c20151003233728467558_noaa_ops.h5,GDNBO_npp_d20151003_t1731466_e1737270_b20378_c20151003233728467298_noaa_ops.h5,SVI04_npp_d20151003_t1731466_e1737270_b20378_c20151003233728541959_noaa_ops.dspace_rad,VNFF_npp_d20151003_t1731466_e1737270_b20378_v21.csv,World_EEZ_v8_2014.shp,WPP_BFAR_merge.shp,KKP_IDN_merge_20161208.shp,VNF-VBD_npp_20120301-20151231_global_asia-enhanced_c201607211230.bitmask,NCEI_NGA.union.nga_lead2.add_2015ntl.mask,timezone.shp,VBD_platforms-recurring_2015_r20170330.shp,0.373977,VBD_bridges_c20160811.shp,9.202956;7.293124;4.987635;0.117751;-4.766567;-9.662423;-14.566307;-12.781590;-10.252750;-5.421471;-0.565886;4.309883,106.389061;120.204430;133.795395;132.636734;131.583801;130.626740;129.763702;115.696312;101.762085;103.094223;104.302101;105.397919,npp_d20151003_t1731466_e1737270_b20378,151.358,108.017,25.6236,-81.4795,54.8011,63.2716
1368,VBD_npp_d20151003_t1735080_x1206719E_y050627S_l1817_s2497_v23,2017-06-01 16:11:27,-5.062731,120.671944,5.15412,2015-10-03 17:35:08,2015-10-04 01:35:08,1817,2497,0.398648,8,18913,0.305897,0.183309,0.756093,0.4,0.812714,0.75,0.0194608,0.0001,0.00267341,999999,-3.158250e-02,3,Indonesian Exclusive Economic Zone,WPP713,,SVDNB_npp_d20151003_t1731466_e1737270_b20378_c20151003233728467558_noaa_ops.h5,GDNBO_npp_d20151003_t1731466_e1737270_b20378_c20151003233728467298_noaa_ops.h5,SVI04_npp_d20151003_t1731466_e1737270_b20378_c20151003233728541959_noaa_ops.dspace_rad,VNFF_npp_d20151003_t1731466_e1737270_b20378_v21.csv,World_EEZ_v8_2014.shp,WPP_BFAR_merge.shp,KKP_IDN_merge_20161208.shp,VNF-VBD_npp_20120301-20151231_global_asia-enhanced_c201607211230.bitmask,NCEI_NGA.union.nga_lead2.add_2015ntl.mask,timezone.shp,VBD_platforms-recurring_2015_r20170330.shp,0.762033,VBD_bridges_c20160811.shp,9.202956;7.293124;4.987635;0.117751;-4.766567;-9.662423;-14.566307;-12.781590;-10.252750;-5.421471;-0.565886;4.309883,106.389061;120.204430;133.795395;132.636734;131.583801;130.626740;129.763702;115.696312;101.762085;103.094223;104.302101;105.397919,npp_d20151003_t1731466_e1737270_b20378,151.35,108.027,25.673,-81.3566,54.7995,63.2642
1369,VBD_npp_d20151003_t1733230_x1220975E_y010716N_l0876_s2507_v23,2017-06-01 16:11:27,1.071646,122.097527,6.54126,2015-10-03 17:33:23,2015-10-04 01:33:23,876,2507,0.427882,1,2529,0.424879,0.0940664,0.799167,0.4,0.918547,0.75,0.0217223,0.0001,0.00564769,999999,4.873913e-01,3,Indonesian Exclusive Economic Zone,WPP716,,SVDNB_npp_d20151003_t1731466_e1737270_b20378_c20151003233728467558_noaa_ops.h5,GDNBO_npp_d20151003_t1731466_e1737270_b20378_c20151003233728467298_noaa_ops.h5,SVI04_npp_d20151003_t1731466_e1737270_b20378_c20151003233728541959_noaa_ops.dspace_rad,VNFF_npp_d20151003_t1731466_e1737270_b20378_v21.csv,World_EEZ_v8_2014.shp,WPP_BFAR_merge.shp,KKP_IDN_merge_20161208.shp,VNF-VBD_npp_20120301-20151231_global_asia-enhanced_c201607211230.bitmask,NCEI_NGA.union.nga_lead2.add_2015ntl.mask,timezone.shp,VBD_platforms-recurring_2015_r20170330.shp,999999,VBD_bridges_c20160811.shp,9.202956;7.293124;4.987635;0.117751;-4.766567;-9.662423;-14.566307;-12.781590;-10.252750;-5.421471;-0.565886;4.309883,106.389061;120.204430;133.795395;132.636734;131.583801;130.626740;129.763702;115.696312;101.762085;103.094223;104.302101;105.397919,npp_d20151003_t1731466_e1737270_b20378,151.691,96.5251,26.162,-80.6805,51.2789,67.2177
1370,VBD_npp_d20151003_t1733337_x1219893E_y004259N_l0974_s2512_v23,2017-06-01 16:11:27,0.425921,121.989311,2.36145,2015-10-03 17:33:33,2015-10-04 01:33:33,974,2512,0.403129,8,18657,0.178335,0.128174,0.598512,0.4,0.818078,0.75,0.0215279,0.0001,0.00527344,999999,1.323148e-01,3,Indonesian Exclusive Economic Zone,WPP715,,SVDNB_npp_d20151003_t1731466_e1737270_b20378_c20151003233728467558_noaa_ops.h5,GDNBO_npp_d20151003_t1731466_e1737270_b20378_c20151003233728467298_noaa_ops.h5,SVI04_npp_d20151003_t1731466_e1737270_b20378_c20151003233728541959_noaa_ops.dspace_rad,VNFF_npp_d20151003_t1731466_e1737270_b20378_v21.csv,World_EEZ_v8_2014.shp,WPP_BFAR_merge.shp,KKP_IDN_merge_20161208.shp,VNF-VBD_npp_20120301-20151231_global_asia-enhanced_c201607211230.bitmask,NCEI_NGA.union.nga_lead2.add_2015ntl.mask,timezone.shp,VBD_platforms-recurring_2015_r20170330.shp,0.413261,VBD_bridges_c20160811.shp,9.202956;7.293124;4.987635;0.117751;-4.766567;-9.662423;-14.566307;-12.781590;-10.252750;-5.421471;-0.565886;4.309883,106.389061;120.204430;133.795395;132.636734;131.583801;130.626740;129.763702;115.696312;101.762085;103.094223;104.302101;105.397919,npp_d20151003_t1731466_e1737270_b20378,151.675,97.7281,26.4129,-80.4797,51.5949,66.7512
1371,VBD_npp_d20151003_t1732385_x1228507E_y037113N_l0468_s2530_v23,2017-06-01 16:11:27,3.711250,122.850677,19.5392,2015-10-03 17:32:38,2015-10-04 01:32:38,468,2530,0.4032,1,2529,0.776607,0.152434,0.886314,0.4,0.961275,0.75,0.0226368,0.0001,0.00856789,999999,-1.202447e-01,3,Philippines Exclusive Economic Zone,Region XII,,SVDNB_npp_d20151003_t1731466_e1737270_b20378_c20151003233728467558_noaa_ops.h5,GDNBO_npp_d20151003_t1731466_e1737270_b20378_c20151003233728467298_noaa_ops.h5,SVI04_npp_d20151003_t1731466_e1737270_b20378_c20151003233728541959_noaa_ops.dspace_rad,VNFF_npp_d20151003_t1731466_e1737270_b20378_v21.csv,World_EEZ_v8_2014.shp,WPP_BFAR_merge.shp,KKP_IDN_merge_20161208.shp,VNF-VBD_npp_20120301-20151231_global_asia-enhanced_c201607211230.bitmask,NCEI_NGA.union.nga_lead2.add_2015ntl.mask,timezone.shp,VBD_platforms-recurring_2015_r20170330.shp,999999,VBD_bridges_c20160811.shp,9.202956;7.293124;4.987635;0.117751;-4.766567;-9.662423;-14.566307;-12.781590;-10.252750;-5.421471;-0.565886;4.309883,106.389061;120.204430;133.795395;132.636734;131.583801;130.626740;129.763702;115.696312;101.762085;103.094223;104.302101;105.397919,npp_d20151003_t1731466_e1737270_b20378,151.313,91.6223,27.2994,-81.4517,49.748,69.1342
1372,VBD_npp_d20151003_t1734466_x1212359E_y038866S_l1630_s2541_v23,2017-06-01 16:11:27,-3.886611,121.235870,2.50075,2015-10-03 17:34:46,2015-10-04 01:34:46,1630,2541,0.406614,8,18657,0.197912,0.179907,0.645351,0.4,0.856126,0.75,0.0201065,0.0001,0.00347817,999999,-3.777578e-03,3,Indonesian Exclusive Economic Zone,WPP713,,SVDNB_npp_d20151003_t1731466_e1737270_b20378_c20151003233728467558_noaa_ops.h5,GDNBO_npp_d20151003_t1731466_e1737270_b20378_c20151003233728467298_noaa_ops.h5,SVI04_npp_d20151003_t1731466_e1737270_b20378_c20151003233728541959_noaa_ops.dspace_rad,VNFF_npp_d20151003_t1731466_e1737270_b20378_v21.csv,World_EEZ_v8_2014.shp,WPP_BFAR_merge.shp,KKP_IDN_merge_20161208.shp,VNF-VBD_npp_20120301-20151231_global_asia-enhanced_c201607211230.bitmask,NCEI_NGA.union.nga_lead2.add_2015ntl.mask,timezone.shp,VBD_platforms-recurring_2015_r20170330.shp,0.828148,VBD_bridges_c20160811.shp,9.202956;7.293124;4.987635;0.117751;-4.766567;-9.662423;-14.566307;-12.781590;-10.252750;-5.421471;-0.565886;4.309883,106.389061;120.204430;133.795395;132.636734;131.583801;130.626740;129.763702;115.696312;101.762085;103.094223;104.302101;105.397919,npp_d20151003_t1731466_e1737270_b20378,151.238,105.683,27.8173,-80.7771,53.8394,63.8481
1373,VBD_npp_d20151003_t1734164_x1216543E_y021014S_l1356_s2545_v23,2017-06-01 16:11:27,-2.101421,121.654305,3.10107,2015-10-03 17:34:16,2015-10-04 01:34:16,1356,2545,0.407041,1,2273,0.224208,0.206362,0.665793,0.4,0.816089,0.75,0.0206957,0.0001,0.00448132,999999,-2.200013e-01,3,Indonesian Exclusive Economic Zone,WPP714,,SVDNB_npp_d20151003_t1731466_e1737270_b20378_c20151003233728467558_noaa_ops.h5,GDNBO_npp_d20151003_t1731466_e1737270_b20378_c20151003233728467298_noaa_ops.h5,SVI04_npp_d20151003_t1731466_e1737270_b20378_c20151003233728541959_noaa_ops.dspace_rad,VNFF_npp_d20151003_t1731466_e1737270_b20378_v21.csv,World_EEZ_v8_2014.shp,WPP_BFAR_merge.shp,KKP_IDN_merge_20161208.shp,VNF-VBD_npp_20120301-20151231_global_asia-enhanced_c201607211230.bitmask,NCEI_NGA.union.nga_lead2.add_2015ntl.mask,timezone.shp,VBD_platforms-recurring_2015_r20170330.shp,999999,VBD_bridges_c20160811.shp,9.202956;7.293124;4.987635;0.117751;-4.766567;-9.662423;-14.566307;-12.781590;-10.252750;-5.421471;-0.565886;4.309883,106.389061;120.204430;133.795395;132.636734;131.583801;130.626740;129.763702;115.696312;101.762085;103.094223;104.302101;105.397919,npp_d20151003_t1731466_e1737270_b20378,151.388,102.372,28.003,-80.907,52.7902,64.9678
1374,VBD_npp_d20151003_t1734164_x1216927E_y021142S_l1357_s2551_v23,2017-06-01 16:11:27,-2.114234,121.692703,2.95872,2015-10-03 17:34:16,2015-10-04 01:34:16,1357,2551,0.4101,1,2529,0.202791,0.12781,0.746959,0.4,0.796103,0.75,0.0207142,0.0001,0.00451737,999999,1.361062e-01,3,Indonesian Exclusive Economic Zone,WPP714,,SVDNB_npp_d20151003_t1731466_e1737270_b20378_c20151003233728467558_noaa_ops.h5,GDNBO_npp_d20151003_t1731466_e1737270_b20378_c20151003233728467298_noaa_ops.h5,SVI04_npp_d20151003_t1731466_e1737270_b20378_c20151003233728541959_noaa_ops.dspace_rad,VNFF_npp_d20151003_t1731466_e1737270_b20378_v21.csv,World_EEZ_v8_2014.shp,WPP_BFAR_merge.shp,KKP_IDN_merge_20161208.shp,VNF-VBD_npp_20120301-20151231_global_asia-enhanced_c201607211230.bitmask,NCEI_NGA.union.nga_lead2.add_2015ntl.mask,timezone.shp,VBD_platforms-recurring_2015_r20170330.shp,999999,VBD_bridges_c20160811.shp,9.202956;7.293124;4.987635;0.117751;-4.766567;-9.662423;-14.566307;-12.781590;-10.252750;-5.421471;-0.565886;4.309883,106.389061;120.204430;133.795395;132.636734;131.583801;130.626740;129.763702;115.696312;101.762085;103.094223;104.302101;105.397919,npp_d20151003_t1731466_e1737270_b20378,151.348,102.379,28.2855,-80.8028,52.7605,64.9446
1375,VBD_npp_d20151003_t1734164_x1216896E_y021343S_l1360_s2551_v23,2017-06-01 16:11:27,-2.134270,121.689629,4.35731,2015-10-03 17:34:16,2015-10-04 01:34:16,1360,2551,0.413727,1,2529,0.2724,0.163885,0.778208,0.4,0.832993,0.75,0.0207066,0.0001,0.00438663,999999,1.271800e-01,3,Indonesian Exclusive Economic Zone,WPP714,,SVDNB_npp_d20151003_t1731466_e1737270_b20378_c20151003233728467558_noaa_ops.h5,GDNBO_npp_d20151003_t1731466_e1737270_b20378_c20151003233728467298_noaa_ops.h5,SVI04_npp_d20151003_t1731466_e1737270_b20378_c20151003233728541959_noaa_ops.dspace_rad,VNFF_npp_d20151003_t1731466_e1737270_b20378_v21.csv,World_EEZ_v8_2014.shp,WPP_BFAR_merge.shp,KKP_IDN_merge_20161208.shp,VNF-VBD_npp_20120301-20151231_global_asia-enhanced_c201607211230.bitmask,NCEI_NGA.union.nga_lead2.add_2015ntl.mask,timezone.shp,VBD_platforms-recurring_2015_r20170330.shp,999999,VBD_bridges_c20160811.shp,9.202956;7.293124;4.987635;0.117751;-4.766567;-9.662423;-14.566307;-12.781590;-10.252750;-5.421471;-0.565886;4.309883,106.389061;120.204430;133.795395;132.636734;131.583801;130.626740;129.763702;115.696312;101.762085;103.094223;104.302101;105.397919,npp_d20151003_t1731466_e1737270_b20378,151.346,102.416,28.287,-80.4726,52.7719,64.9316
1376,VBD_npp_d20151003_t1734164_x1217038E_y021297S_l1359_s2553_v23,2017-06-01 16:11:27,-2.129658,121.703850,4.43538,2015-10-03 17:34:16,2015-10-04 01:34:16,1359,2553,0.410953,1,2529,0.255077,0.126186,0.778208,0.4,0.807143,0.75,0.0207161,0.0001,0.00445563,999999,1.530070e-01,3,Indonesian Exclusive Economic Zone,WPP714,,SVDNB_npp_d20151003_t1731466_e1737270_b20378_c20151003233728467558_noaa_ops.h5,GDNBO_npp_d20151003_t1731466_e1737270_b20378_c20151003233728467298_noaa_ops.h5,SVI04_npp_d20151003_t1731466_e1737270_b20378_c20151003233728541959_noaa_ops.dspace_rad,VNFF_npp_d20151003_t1731466_e1737270_b20378_v21.csv,World_EEZ_v8_2014.shp,WPP_BFAR_merge.shp,KKP_IDN_merge_20161208.shp,VNF-VBD_npp_20120301-20151231_global_asia-enhanced_c201607211230.bitmask,NCEI_NGA.union.nga_lead2.add_2015ntl.mask,timezone.shp,VBD_platforms-recurring_2015_r20170330.shp,999999,VBD_bridges_c20160811.shp,9.202956;7.293124;4.987635;0.117751;-4.766567;-9.662423;-14.566307;-12.781590;-10.252750;-5.421471;-0.565886;4.309883,106.389061;120.204430;133.795395;132.636734;131.583801;130.626740;129.763702;115.696312;101.762085;103.094223;104.302101;105.397919,npp_d20151003_t1731466_e1737270_b20378,151.333,102.402,28.3805,-80.5857,52.757,64.9296
1377,VBD_npp_d20151003_t1734164_x1217094E_y021374S_l1360_s2554_v23,2017-06-01 16:11:27,-2.137378,121.709419,5.31297,2015-10-03 17:34:16,2015-10-04 01:34:16,1360,2554,0.41202,8,18913,0.305336,0.133505,0.778208,0.4,0.814998,0.75,0.0207171,0.0001,0.00442476,999999,7.682126e-02,3,Indonesian Exclusive Economic Zone,WPP714,,SVDNB_npp_d20151003_t1731466_e1737270_b20378_c20151003233728467558_noaa_ops.h5,GDNBO_npp_d20151003_t1731466_e1737270_b20378_c20151003233728467298_noaa_ops.h5,SVI04_npp_d20151003_t1731466_e1737270_b20378_c20151003233728541959_noaa_ops.dspace_rad,VNFF_npp_d20151003_t1731466_e1737270_b20378_v21.csv,World_EEZ_v8_2014.shp,WPP_BFAR_merge.shp,KKP_IDN_merge_20161208.shp,VNF-VBD_npp_20120301-20151231_global_asia-enhanced_c201607211230.bitmask,NCEI_NGA.union.nga_lead2.add_2015ntl.mask,timezone.shp,VBD_platforms-recurring_2015_r20170330.shp,0.121396,VBD_bridges_c20160811.shp,9.202956;7.293124;4.987635;0.117751;-4.766567;-9.662423;-14.566307;-12.781590;-10.252750;-5.421471;-0.565886;4.309883,106.389061;120.204430;133.795395;132.636734;131.583801;130.626740;129.763702;115.696312;101.762085;103.094223;104.302101;105.397919,npp_d20151003_t1731466_e1737270_b20378,151.326,102.413,28.4282,-80.4776,52.7552,64.9221
1378,VBD_npp_d20151003_t1734164_x1217181E_y021250S_l1358_s2555_v23,2017-06-01 16:11:27,-2.125038,121.718071,3.91652,2015-10-03 17:34:16,2015-10-04 01:34:16,1358,2555,0.410526,1,2529,0.269226,0.138056,0.726187,0.4,0.851379,0.75,0.0207256,0.0001,0.00452545,999999,2.943473e-02,3,Indonesian Exclusive Economic Zone,WPP714,,SVDNB_npp_d20151003_t1731466_e1737270_b20378_c20151003233728467558_noaa_ops.h5,GDNBO_npp_d20151003_t1731466_e1737270_b20378_c20151003233728467298_noaa_ops.h5,SVI04_npp_d20151003_t1731466_e1737270_b20378_c20151003233728541959_noaa_ops.dspace_rad,VNFF_npp_d20151003_t1731466_e1737270_b20378_v21.csv,World_EEZ_v8_2014.shp,WPP_BFAR_merge.shp,KKP_IDN_merge_20161208.shp,VNF-VBD_npp_20120301-20151231_global_asia-enhanced_c201607211230.bitmask,NCEI_NGA.union.nga_lead2.add_2015ntl.mask,timezone.shp,VBD_platforms-recurring_2015_r20170330.shp,999999,VBD_bridges_c20160811.shp,9.202956;7.293124;4.987635;0.117751;-4.766567;-9.662423;-14.566307;-12.781590;-10.252750;-5.421471;-0.565886;4.309883,106.389061;120.204430;133.795395;132.636734;131.583801;130.626740;129.763702;115.696312;101.762085;103.094223;104.302101;105.397919,npp_d20151003_t1731466_e1737270_b20378,151.32,102.387,28.4741,-80.6981,52.742,64.9277
1379,VBD_npp_d20151003_t1734182_x1217210E_y021511S_l1362_s2557_v23,2017-06-01 16:11:27,-2.151063,121.720955,3.35465,2015-10-03 17:34:18,2015-10-04 01:34:18,1362,2557,0.411451,1,2529,0.238037,0.157706,0.759487,0.4,0.820157,0.75,0.0207226,0.0001,0.00504995,999999,-1.751266e-01,3,Indonesian Exclusive Economic Zone,WPP714,,SVDNB_npp_d20151003_t1731466_e1737270_b20378_c20151003233728467558_noaa_ops.h5,GDNBO_npp_d20151003_t1731466_e1737270_b20378_c20151003233728467298_noaa_ops.h5,SVI04_npp_d20151003_t1731466_e1737270_b20378_c20151003233728541959_noaa_ops.dspace_rad,VNFF_npp_d20151003_t1731466_e1737270_b20378_v21.csv,World_EEZ_v8_2014.shp,WPP_BFAR_merge.shp,KKP_IDN_merge_20161208.shp,VNF-VBD_npp_20120301-20151231_global_asia-enhanced_c201607211230.bitmask,NCEI_NGA.union.nga_lead2.add_2015ntl.mask,timezone.shp,VBD_platforms-recurring_2015_r20170330.shp,999999,VBD_bridges_c20160811.shp,9.202956;7.293124;4.987635;0.117751;-4.766567;-9.662423;-14.566307;-12.781590;-10.252750;-5.421471;-0.565886;4.309883,106.389061;120.204430;133.795395;132.636734;131.583801;130.626740;129.763702;115.696312;101.762085;103.094223;104.302101;105.397919,npp_d20151003_t1731466_e1737270_b20378,151.305,102.429,28.5718,-82.0193,52.7439,64.9055
1380,VBD_npp_d20151003_t1734502_x1213636E_y041154S_l1661_s2567_v23,2017-06-01 16:11:27,-4.115426,121.363647,12.0713,2015-10-03 17:34:50,2015-10-04 01:34:50,1661,2567,0.409886,8,18913,0.618969,0.168422,0.87423,0.4,0.949794,0.75,0.0201159,0.0001,0.00368419,999999,9.009882e-02,3,Indonesian Exclusive Economic Zone,WPP713,Kepulauan Padamarang Marine Nature Recreational Park,SVDNB_npp_d20151003_t1731466_e1737270_b20378_c20151003233728467558_noaa_ops.h5,GDNBO_npp_d20151003_t1731466_e1737270_b20378_c20151003233728467298_noaa_ops.h5,SVI04_npp_d20151003_t1731466_e1737270_b20378_c20151003233728541959_noaa_ops.dspace_rad,VNFF_npp_d20151003_t1731466_e1737270_b20378_v21.csv,World_EEZ_v8_2014.shp,WPP_BFAR_merge.shp,KKP_IDN_merge_20161208.shp,VNF-VBD_npp_20120301-20151231_global_asia-enhanced_c201607211230.bitmask,NCEI_NGA.union.nga_lead2.add_2015ntl.mask,timezone.shp,VBD_platforms-recurring_2015_r20170330.shp,0.362201,VBD_bridges_c20160811.shp,9.202956;7.293124;4.987635;0.117751;-4.766567;-9.662423;-14.566307;-12.781590;-10.252750;-5.421471;-0.565886;4.309883,106.389061;120.204430;133.795395;132.636734;131.583801;130.626740;129.763702;115.696312;101.762085;103.094223;104.302101;105.397919,npp_d20151003_t1731466_e1737270_b20378,151.039,106.002,29.0433,-80.9357,53.8132,63.6366
1381,VBD_npp_d20151003_t1734502_x1213821E_y040838S_l1656_s2569_v23,2017-06-01 16:11:27,-4.083834,121.382149,6.85915,2015-10-03 17:34:50,2015-10-04 01:34:50,1656,2569,0.410171,8,18913,0.426616,0.166589,0.86428,0.4,0.910467,0.75,0.020136,0.0001,0.00390233,999999,1.050754e-01,3,Indonesian Exclusive Economic Zone,WPP713,Kepulauan Padamarang Marine Nature Recreational Park,SVDNB_npp_d20151003_t1731466_e1737270_b20378_c20151003233728467558_noaa_ops.h5,GDNBO_npp_d20151003_t1731466_e1737270_b20378_c20151003233728467298_noaa_ops.h5,SVI04_npp_d20151003_t1731466_e1737270_b20378_c20151003233728541959_noaa_ops.dspace_rad,VNFF_npp_d20151003_t1731466_e1737270_b20378_v21.csv,World_EEZ_v8_2014.shp,WPP_BFAR_merge.shp,KKP_IDN_merge_20161208.shp,VNF-VBD_npp_20120301-20151231_global_asia-enhanced_c201607211230.bitmask,NCEI_NGA.union.nga_lead2.add_2015ntl.mask,timezone.shp,VBD_platforms-recurring_2015_r20170330.shp,0.788427,VBD_bridges_c20160811.shp,9.202956;7.293124;4.987635;0.117751;-4.766567;-9.662423;-14.566307;-12.781590;-10.252750;-5.421471;-0.565886;4.309883,106.389061;120.204430;133.795395;132.636734;131.583801;130.626740;129.763702;115.696312;101.762085;103.094223;104.302101;105.397919,npp_d20151003_t1731466_e1737270_b20378,151.03,105.937,29.1369,-81.4742,53.7824,63.6505
1382,VBD_npp_d20151003_t1734502_x1213899E_y040781S_l1655_s2570_v23,2017-06-01 16:11:27,-4.078119,121.389877,5.66263,2015-10-03 17:34:50,2015-10-04 01:34:50,1655,2570,0.4133,8,18913,0.370872,0.17081,0.86428,0.4,0.901744,0.75,0.0201421,0.0001,0.00395353,999999,7.057390e-02,3,Indonesian Exclusive Economic Zone,WPP713,Kepulauan Padamarang Marine Nature Recreational Park,SVDNB_npp_d20151003_t1731466_e1737270_b20378_c20151003233728467558_noaa_ops.h5,GDNBO_npp_d20151003_t1731466_e1737270_b20378_c20151003233728467298_noaa_ops.h5,SVI04_npp_d20151003_t1731466_e1737270_b20378_c20151003233728541959_noaa_ops.dspace_rad,VNFF_npp_d20151003_t1731466_e1737270_b20378_v21.csv,World_EEZ_v8_2014.shp,WPP_BFAR_merge.shp,KKP_IDN_merge_20161208.shp,VNF-VBD_npp_20120301-20151231_global_asia-enhanced_c201607211230.bitmask,NCEI_NGA.union.nga_lead2.add_2015ntl.mask,timezone.shp,VBD_platforms-recurring_2015_r20170330.shp,0.288246,VBD_bridges_c20160811.shp,9.202956;7.293124;4.987635;0.117751;-4.766567;-9.662423;-14.566307;-12.781590;-10.252750;-5.421471;-0.565886;4.309883,106.389061;120.204430;133.795395;132.636734;131.583801;130.626740;129.763702;115.696312;101.762085;103.094223;104.302101;105.397919,npp_d20151003_t1731466_e1737270_b20378,151.024,105.922,29.1842,-81.5817,53.7728,63.6512
1383,VBD_npp_d20151003_t1734502_x1214350E_y040987S_l1657_s2577_v23,2017-06-01 16:11:27,-4.098743,121.434959,4.28501,2015-10-03 17:34:50,2015-10-04 01:34:50,1657,2577,0.413941,2,2465,0.300589,0.162405,0.817065,0.4,0.623258,0.75,0.0201612,0.0001,0.0039436,999999,1.392781e-01,3,Indonesian Exclusive Economic Zone,WPP713,Kepulauan Padamarang Marine Nature Recreational Park,SVDNB_npp_d20151003_t1731466_e1737270_b20378_c20151003233728467558_noaa_ops.h5,GDNBO_npp_d20151003_t1731466_e1737270_b20378_c20151003233728467298_noaa_ops.h5,SVI04_npp_d20151003_t1731466_e1737270_b20378_c20151003233728541959_noaa_ops.dspace_rad,VNFF_npp_d20151003_t1731466_e1737270_b20378_v21.csv,World_EEZ_v8_2014.shp,WPP_BFAR_merge.shp,KKP_IDN_merge_20161208.shp,VNF-VBD_npp_20120301-20151231_global_asia-enhanced_c201607211230.bitmask,NCEI_NGA.union.nga_lead2.add_2015ntl.mask,timezone.shp,VBD_platforms-recurring_2015_r20170330.shp,999999,VBD_bridges_c20160811.shp,9.202956;7.293124;4.987635;0.117751;-4.766567;-9.662423;-14.566307;-12.781590;-10.252750;-5.421471;-0.565886;4.309883,106.389061;120.204430;133.795395;132.636734;131.583801;130.626740;129.763702;115.696312;101.762085;103.094223;104.302101;105.397919,npp_d20151003_t1731466_e1737270_b20378,150.975,105.933,29.5142,-81.3727,53.7414,63.619
1384,VBD_npp_d20151003_t1734502_x1214481E_y041491S_l1664_s2580_v23,2017-06-01 16:11:27,-4.149139,121.448082,2.8971,2015-10-03 17:34:50,2015-10-04 01:34:50,1664,2580,0.411024,8,18657,0.210734,0.170746,0.732104,0.4,0.821332,0.75,0.0201533,0.0001,0.0036909,999999,7.109883e-02,3,Indonesian Exclusive Economic Zone,WPP713,Kepulauan Padamarang Marine Nature Recreational Park,SVDNB_npp_d20151003_t1731466_e1737270_b20378_c20151003233728467558_noaa_ops.h5,GDNBO_npp_d20151003_t1731466_e1737270_b20378_c20151003233728467298_noaa_ops.h5,SVI04_npp_d20151003_t1731466_e1737270_b20378_c20151003233728541959_noaa_ops.dspace_rad,VNFF_npp_d20151003_t1731466_e1737270_b20378_v21.csv,World_EEZ_v8_2014.shp,WPP_BFAR_merge.shp,KKP_IDN_merge_20161208.shp,VNF-VBD_npp_20120301-20151231_global_asia-enhanced_c201607211230.bitmask,NCEI_NGA.union.nga_lead2.add_2015ntl.mask,timezone.shp,VBD_platforms-recurring_2015_r20170330.shp,0.6816,VBD_bridges_c20160811.shp,9.202956;7.293124;4.987635;0.117751;-4.766567;-9.662423;-14.566307;-12.781590;-10.252750;-5.421471;-0.565886;4.309883,106.389061;120.204430;133.795395;132.636734;131.583801;130.626740;129.763702;115.696312;101.762085;103.094223;104.302101;105.397919,npp_d20151003_t1731466_e1737270_b20378,150.949,106.012,29.6578,-80.6366,53.7522,63.5796
1385,VBD_npp_d20151003_t1734520_x1214473E_y041535S_l1665_s2581_v23,2017-06-01 16:11:27,-4.153532,121.447350,2.92163,2015-10-03 17:34:52,2015-10-04 01:34:52,1665,2581,0.413585,8,18657,0.225565,0.174312,0.732104,0.4,0.814348,0.75,0.0201541,0.0001,0.00426935,999999,4.195649e-02,3,Indonesian Exclusive Economic Zone,WPP713,Kepulauan Padamarang Marine Nature Recreational Park,SVDNB_npp_d20151003_t1731466_e1737270_b20378_c20151003233728467558_noaa_ops.h5,GDNBO_npp_d20151003_t1731466_e1737270_b20378_c20151003233728467298_noaa_ops.h5,SVI04_npp_d20151003_t1731466_e1737270_b20378_c20151003233728541959_noaa_ops.dspace_rad,VNFF_npp_d20151003_t1731466_e1737270_b20378_v21.csv,World_EEZ_v8_2014.shp,WPP_BFAR_merge.shp,KKP_IDN_merge_20161208.shp,VNF-VBD_npp_20120301-20151231_global_asia-enhanced_c201607211230.bitmask,NCEI_NGA.union.nga_lead2.add_2015ntl.mask,timezone.shp,VBD_platforms-recurring_2015_r20170330.shp,0.851943,VBD_bridges_c20160811.shp,9.202956;7.293124;4.987635;0.117751;-4.766567;-9.662423;-14.566307;-12.781590;-10.252750;-5.421471;-0.565886;4.309883,106.389061;120.204430;133.795395;132.636734;131.583801;130.626740;129.763702;115.696312;101.762085;103.094223;104.302101;105.397919,npp_d20151003_t1731466_e1737270_b20378,150.941,106.016,29.7059,-82.2186,53.7484,63.574
1386,VBD_npp_d20151003_t1734110_x1219892E_y018361S_l1309_s2585_v23,2017-06-01 16:11:27,-1.836130,121.989212,589.174,2015-10-03 17:34:11,2015-10-04 01:34:11,1309,2585,0.395304,4,35237,0.717699,0.103637,0.455588,0.4,0.716258,0.75,0.0209538,0.0001,0.0051464,999999,3.877550e-01,3,Indonesian Exclusive Economic Zone,WPP714,,SVDNB_npp_d20151003_t1731466_e1737270_b20378_c20151003233728467558_noaa_ops.h5,GDNBO_npp_d20151003_t1731466_e1737270_b20378_c20151003233728467298_noaa_ops.h5,SVI04_npp_d20151003_t1731466_e1737270_b20378_c20151003233728541959_noaa_ops.dspace_rad,VNFF_npp_d20151003_t1731466_e1737270_b20378_v21.csv,World_EEZ_v8_2014.shp,WPP_BFAR_merge.shp,KKP_IDN_merge_20161208.shp,VNF-VBD_npp_20120301-20151231_global_asia-enhanced_c201607211230.bitmask,NCEI_NGA.union.nga_lead2.add_2015ntl.mask,timezone.shp,VBD_platforms-recurring_2015_r20170330.shp,999999,VBD_bridges_c20160811.shp,9.202956;7.293124;4.987635;0.117751;-4.766567;-9.662423;-14.566307;-12.781590;-10.252750;-5.421471;-0.565886;4.309883,106.389061;120.204430;133.795395;132.636734;131.583801;130.626740;129.763702;115.696312;101.762085;103.094223;104.302101;105.397919,npp_d20151003_t1731466_e1737270_b20378,151.138,101.769,29.8893,-80.8254,52.39,65.042
1387,VBD_npp_d20151003_t1734520_x1214789E_y042206S_l1674_s2587_v23,2017-06-01 16:11:27,-4.220591,121.478889,6.8269,2015-10-03 17:34:52,2015-10-04 01:34:52,1674,2587,0.409388,1,2529,0.423713,0.177009,0.795249,0.4,0.893228,0.75,0.0201514,0.0001,0.00394536,999999,1.990920e-02,3,Indonesian Exclusive Economic Zone,WPP713,,SVDNB_npp_d20151003_t1731466_e1737270_b20378_c20151003233728467558_noaa_ops.h5,GDNBO_npp_d20151003_t1731466_e1737270_b20378_c20151003233728467298_noaa_ops.h5,SVI04_npp_d20151003_t1731466_e1737270_b20378_c20151003233728541959_noaa_ops.dspace_rad,VNFF_npp_d20151003_t1731466_e1737270_b20378_v21.csv,World_EEZ_v8_2014.shp,WPP_BFAR_merge.shp,KKP_IDN_merge_20161208.shp,VNF-VBD_npp_20120301-20151231_global_asia-enhanced_c201607211230.bitmask,NCEI_NGA.union.nga_lead2.add_2015ntl.mask,timezone.shp,VBD_platforms-recurring_2015_r20170330.shp,999999,VBD_bridges_c20160811.shp,9.202956;7.293124;4.987635;0.117751;-4.766567;-9.662423;-14.566307;-12.781590;-10.252750;-5.421471;-0.565886;4.309883,106.389061;120.204430;133.795395;132.636734;131.583801;130.626740;129.763702;115.696312;101.762085;103.094223;104.302101;105.397919,npp_d20151003_t1731466_e1737270_b20378,150.892,106.114,29.9864,-81.2763,53.7501,63.5159
1388,VBD_npp_d20151003_t1734502_x1215386E_y041492S_l1662_s2593_v23,2017-06-01 16:11:27,-4.149234,121.538597,7.87588,2015-10-03 17:34:50,2015-10-04 01:34:50,1662,2593,0.41202,8,18913,0.490582,0.168734,0.78073,0.4,0.92844,0.75,0.0202035,0.0001,0.00389006,999999,8.754790e-02,3,Indonesian Exclusive Economic Zone,WPP713,KKPD North Kolkaka Regional Aquatic Conservation Area,SVDNB_npp_d20151003_t1731466_e1737270_b20378_c20151003233728467558_noaa_ops.h5,GDNBO_npp_d20151003_t1731466_e1737270_b20378_c20151003233728467298_noaa_ops.h5,SVI04_npp_d20151003_t1731466_e1737270_b20378_c20151003233728541959_noaa_ops.dspace_rad,VNFF_npp_d20151003_t1731466_e1737270_b20378_v21.csv,World_EEZ_v8_2014.shp,WPP_BFAR_merge.shp,KKP_IDN_merge_20161208.shp,VNF-VBD_npp_20120301-20151231_global_asia-enhanced_c201607211230.bitmask,NCEI_NGA.union.nga_lead2.add_2015ntl.mask,timezone.shp,VBD_platforms-recurring_2015_r20170330.shp,0.508768,VBD_bridges_c20160811.shp,9.202956;7.293124;4.987635;0.117751;-4.766567;-9.662423;-14.566307;-12.781590;-10.252750;-5.421471;-0.565886;4.309883,106.389061;120.204430;133.795395;132.636734;131.583801;130.626740;129.763702;115.696312;101.762085;103.094223;104.302101;105.397919,npp_d20151003_t1731466_e1737270_b20378,150.862,105.961,30.2708,-80.8664,53.6705,63.5426
1389,VBD_npp_d20151003_t1734004_x1225793E_y012936S_l1215_s2653_v23,2017-06-01 16:11:27,-1.293550,122.579277,46.2582,2015-10-03 17:34:00,2015-10-04 01:34:00,1215,2653,0.394593,2,2209,0.131265,0.120773,0.452921,0.4,0.429674,0.75,0.0214251,0.0001,0.00624189,999999,2.093657e-01,3,Indonesian Exclusive Economic Zone,WPP714,,SVDNB_npp_d20151003_t1731466_e1737270_b20378_c20151003233728467558_noaa_ops.h5,GDNBO_npp_d20151003_t1731466_e1737270_b20378_c20151003233728467298_noaa_ops.h5,SVI04_npp_d20151003_t1731466_e1737270_b20378_c20151003233728541959_noaa_ops.dspace_rad,VNFF_npp_d20151003_t1731466_e1737270_b20378_v21.csv,World_EEZ_v8_2014.shp,WPP_BFAR_merge.shp,KKP_IDN_merge_20161208.shp,VNF-VBD_npp_20120301-20151231_global_asia-enhanced_c201607211230.bitmask,NCEI_NGA.union.nga_lead2.add_2015ntl.mask,timezone.shp,VBD_platforms-recurring_2015_r20170330.shp,999999,VBD_bridges_c20160811.shp,9.202956;7.293124;4.987635;0.117751;-4.766567;-9.662423;-14.566307;-12.781590;-10.252750;-5.421471;-0.565886;4.309883,106.389061;120.204430;133.795395;132.636734;131.583801;130.626740;129.763702;115.696312;101.762085;103.094223;104.302101;105.397919,npp_d20151003_t1731466_e1737270_b20378,150.708,100.607,32.972,-80.6675,51.658,65.2374
1390,VBD_npp_d20151003_t1735026_x1218142E_y048976S_l1767_s2657_v23,2017-06-01 16:11:27,-4.897571,121.814156,4.72623,2015-10-03 17:35:02,2015-10-04 01:35:02,1767,2657,0.386128,8,18913,0.335845,0.155875,0.77396,0.4,0.855408,0.75,0.0201483,0.0001,0.00427856,999999,1.926466e-01,3,Indonesian Exclusive Economic Zone,WPP714,KKLD Bombana,SVDNB_npp_d20151003_t1731466_e1737270_b20378_c20151003233728467558_noaa_ops.h5,GDNBO_npp_d20151003_t1731466_e1737270_b20378_c20151003233728467298_noaa_ops.h5,SVI04_npp_d20151003_t1731466_e1737270_b20378_c20151003233728541959_noaa_ops.dspace_rad,VNFF_npp_d20151003_t1731466_e1737270_b20378_v21.csv,World_EEZ_v8_2014.shp,WPP_BFAR_merge.shp,KKP_IDN_merge_20161208.shp,VNF-VBD_npp_20120301-20151231_global_asia-enhanced_c201607211230.bitmask,NCEI_NGA.union.nga_lead2.add_2015ntl.mask,timezone.shp,VBD_platforms-recurring_2015_r20170330.shp,0.326502,VBD_bridges_c20160811.shp,9.202956;7.293124;4.987635;0.117751;-4.766567;-9.662423;-14.566307;-12.781590;-10.252750;-5.421471;-0.565886;4.309883,106.389061;120.204430;133.795395;132.636734;131.583801;130.626740;129.763702;115.696312;101.762085;103.094223;104.302101;105.397919,npp_d20151003_t1731466_e1737270_b20378,150.336,107.044,33.1506,-81.6541,53.7183,62.9016
1391,VBD_npp_d20151003_t1734004_x1226164E_y012786S_l1212_s2658_v23,2017-06-01 16:11:27,-1.278559,122.616402,112.697,2015-10-03 17:34:00,2015-10-04 01:34:00,1212,2658,0.280855,2,2209,0.170606,0.0853418,0.507128,0.4,0.395793,0.75,0.0214499,0.0001,0.00647593,999999,5.782190e-01,3,Indonesian Exclusive Economic Zone,WPP714,,SVDNB_npp_d20151003_t1731466_e1737270_b20378_c20151003233728467558_noaa_ops.h5,GDNBO_npp_d20151003_t1731466_e1737270_b20378_c20151003233728467298_noaa_ops.h5,SVI04_npp_d20151003_t1731466_e1737270_b20378_c20151003233728541959_noaa_ops.dspace_rad,VNFF_npp_d20151003_t1731466_e1737270_b20378_v21.csv,World_EEZ_v8_2014.shp,WPP_BFAR_merge.shp,KKP_IDN_merge_20161208.shp,VNF-VBD_npp_20120301-20151231_global_asia-enhanced_c201607211230.bitmask,NCEI_NGA.union.nga_lead2.add_2015ntl.mask,timezone.shp,VBD_platforms-recurring_2015_r20170330.shp,999999,VBD_bridges_c20160811.shp,9.202956;7.293124;4.987635;0.117751;-4.766567;-9.662423;-14.566307;-12.781590;-10.252750;-5.421471;-0.565886;4.309883,106.389061;120.204430;133.795395;132.636734;131.583801;130.626740;129.763702;115.696312;101.762085;103.094223;104.302101;105.397919,npp_d20151003_t1731466_e1737270_b20378,150.674,100.568,33.1957,-80.9503,51.6176,65.235
1392,VBD_npp_d20151003_t1734004_x1226342E_y012535S_l1208_s2660_v23,2017-06-01 16:11:27,-1.253534,122.634232,73.297,2015-10-03 17:34:00,2015-10-04 01:34:00,1208,2660,0.260511,2,2465,0.20948,0.14204,0.512433,0.4,0.415361,0.75,0.0214669,0.0001,0.00675033,999999,-1.203542e-02,3,Indonesian Exclusive Economic Zone,WPP714,,SVDNB_npp_d20151003_t1731466_e1737270_b20378_c20151003233728467558_noaa_ops.h5,GDNBO_npp_d20151003_t1731466_e1737270_b20378_c20151003233728467298_noaa_ops.h5,SVI04_npp_d20151003_t1731466_e1737270_b20378_c20151003233728541959_noaa_ops.dspace_rad,VNFF_npp_d20151003_t1731466_e1737270_b20378_v21.csv,World_EEZ_v8_2014.shp,WPP_BFAR_merge.shp,KKP_IDN_merge_20161208.shp,VNF-VBD_npp_20120301-20151231_global_asia-enhanced_c201607211230.bitmask,NCEI_NGA.union.nga_lead2.add_2015ntl.mask,timezone.shp,VBD_platforms-recurring_2015_r20170330.shp,999999,VBD_bridges_c20160811.shp,9.202956;7.293124;4.987635;0.117751;-4.766567;-9.662423;-14.566307;-12.781590;-10.252750;-5.421471;-0.565886;4.309883,106.389061;120.204430;133.795395;132.636734;131.583801;130.626740;129.763702;115.696312;101.762085;103.094223;104.302101;105.397919,npp_d20151003_t1731466_e1737270_b20378,150.661,100.518,33.2854,-81.3211,51.5906,65.247
1393,VBD_npp_d20151003_t1735026_x1220082E_y049131S_l1765_s2686_v23,2017-06-01 16:11:27,-4.913102,122.008186,21.6487,2015-10-03 17:35:02,2015-10-04 01:35:02,1765,2686,0.385702,1,2529,0.734376,0.147274,0.890977,0.4,0.883715,0.75,0.0202533,0.0001,0.00452369,999999,2.629454e-01,3,Indonesian Exclusive Economic Zone,WPP714,KKLD Bombana,SVDNB_npp_d20151003_t1731466_e1737270_b20378_c20151003233728467558_noaa_ops.h5,GDNBO_npp_d20151003_t1731466_e1737270_b20378_c20151003233728467298_noaa_ops.h5,SVI04_npp_d20151003_t1731466_e1737270_b20378_c20151003233728541959_noaa_ops.dspace_rad,VNFF_npp_d20151003_t1731466_e1737270_b20378_v21.csv,World_EEZ_v8_2014.shp,WPP_BFAR_merge.shp,KKP_IDN_merge_20161208.shp,VNF-VBD_npp_20120301-20151231_global_asia-enhanced_c201607211230.bitmask,NCEI_NGA.union.nga_lead2.add_2015ntl.mask,timezone.shp,VBD_platforms-recurring_2015_r20170330.shp,999999,VBD_bridges_c20160811.shp,9.202956;7.293124;4.987635;0.117751;-4.766567;-9.662423;-14.566307;-12.781590;-10.252750;-5.421471;-0.565886;4.309883,106.389061;120.204430;133.795395;132.636734;131.583801;130.626740;129.763702;115.696312;101.762085;103.094223;104.302101;105.397919,npp_d20151003_t1731466_e1737270_b20378,150.147,106.955,34.3978,-81.8403,53.5517,62.8077
1394,VBD_npp_d20151003_t1735026_x1220108E_y049408S_l1769_s2687_v23,2017-06-01 16:11:27,-4.940850,122.010773,15.3417,2015-10-03 17:35:02,2015-10-04 01:35:02,1769,2687,0.387195,1,2529,0.645267,0.178722,0.893312,0.4,0.921948,0.75,0.0202462,0.0001,0.00433922,999999,5.909858e-03,3,Indonesian Exclusive Economic Zone,WPP714,KKLD Bombana,SVDNB_npp_d20151003_t1731466_e1737270_b20378_c20151003233728467558_noaa_ops.h5,GDNBO_npp_d20151003_t1731466_e1737270_b20378_c20151003233728467298_noaa_ops.h5,SVI04_npp_d20151003_t1731466_e1737270_b20378_c20151003233728541959_noaa_ops.dspace_rad,VNFF_npp_d20151003_t1731466_e1737270_b20378_v21.csv,World_EEZ_v8_2014.shp,WPP_BFAR_merge.shp,KKP_IDN_merge_20161208.shp,VNF-VBD_npp_20120301-20151231_global_asia-enhanced_c201607211230.bitmask,NCEI_NGA.union.nga_lead2.add_2015ntl.mask,timezone.shp,VBD_platforms-recurring_2015_r20170330.shp,999999,VBD_bridges_c20160811.shp,9.202956;7.293124;4.987635;0.117751;-4.766567;-9.662423;-14.566307;-12.781590;-10.252750;-5.421471;-0.565886;4.309883,106.389061;120.204430;133.795395;132.636734;131.583801;130.626740;129.763702;115.696312;101.762085;103.094223;104.302101;105.397919,npp_d20151003_t1731466_e1737270_b20378,150.136,107,34.4395,-81.4915,53.5622,62.7878
1395,VBD_npp_d20151003_t1735026_x1220224E_y049084S_l1764_s2688_v23,2017-06-01 16:11:27,-4.908364,122.022408,5.34577,2015-10-03 17:35:02,2015-10-04 01:35:02,1764,2688,0.382643,1,2529,0.343384,0.157405,0.893922,0.4,0.863722,0.75,0.0202628,0.0001,0.0045813,999999,1.801424e-01,3,Indonesian Exclusive Economic Zone,WPP714,KKLD Bombana,SVDNB_npp_d20151003_t1731466_e1737270_b20378_c20151003233728467558_noaa_ops.h5,GDNBO_npp_d20151003_t1731466_e1737270_b20378_c20151003233728467298_noaa_ops.h5,SVI04_npp_d20151003_t1731466_e1737270_b20378_c20151003233728541959_noaa_ops.dspace_rad,VNFF_npp_d20151003_t1731466_e1737270_b20378_v21.csv,World_EEZ_v8_2014.shp,WPP_BFAR_merge.shp,KKP_IDN_merge_20161208.shp,VNF-VBD_npp_20120301-20151231_global_asia-enhanced_c201607211230.bitmask,NCEI_NGA.union.nga_lead2.add_2015ntl.mask,timezone.shp,VBD_platforms-recurring_2015_r20170330.shp,999999,VBD_bridges_c20160811.shp,9.202956;7.293124;4.987635;0.117751;-4.766567;-9.662423;-14.566307;-12.781590;-10.252750;-5.421471;-0.565886;4.309883,106.389061;120.204430;133.795395;132.636734;131.583801;130.626740;129.763702;115.696312;101.762085;103.094223;104.302101;105.397919,npp_d20151003_t1731466_e1737270_b20378,150.134,106.939,34.4829,-81.9282,53.5368,62.8048
1396,VBD_npp_d20151003_t1735026_x1220194E_y049284S_l1767_s2688_v23,2017-06-01 16:11:27,-4.928450,122.019386,49.7231,2015-10-03 17:35:02,2015-10-04 01:35:02,1767,2688,0.385559,1,2529,1.04543,0.171788,0.893312,0.4,0.967417,0.75,0.0202549,0.0001,0.00443745,999999,6.258739e-02,3,Indonesian Exclusive Economic Zone,WPP714,KKLD Bombana,SVDNB_npp_d20151003_t1731466_e1737270_b20378_c20151003233728467558_noaa_ops.h5,GDNBO_npp_d20151003_t1731466_e1737270_b20378_c20151003233728467298_noaa_ops.h5,SVI04_npp_d20151003_t1731466_e1737270_b20378_c20151003233728541959_noaa_ops.dspace_rad,VNFF_npp_d20151003_t1731466_e1737270_b20378_v21.csv,World_EEZ_v8_2014.shp,WPP_BFAR_merge.shp,KKP_IDN_merge_20161208.shp,VNF-VBD_npp_20120301-20151231_global_asia-enhanced_c201607211230.bitmask,NCEI_NGA.union.nga_lead2.add_2015ntl.mask,timezone.shp,VBD_platforms-recurring_2015_r20170330.shp,999999,VBD_bridges_c20160811.shp,9.202956;7.293124;4.987635;0.117751;-4.766567;-9.662423;-14.566307;-12.781590;-10.252750;-5.421471;-0.565886;4.309883,106.389061;120.204430;133.795395;132.636734;131.583801;130.626740;129.763702;115.696312;101.762085;103.094223;104.302101;105.397919,npp_d20151003_t1731466_e1737270_b20378,150.132,106.974,34.4821,-81.6666,53.5488,62.7925
1397,VBD_npp_d20151003_t1735026_x1220250E_y049361S_l1768_s2689_v23,2017-06-01 16:11:27,-4.936133,122.025002,8.86159,2015-10-03 17:35:02,2015-10-04 01:35:02,1768,2689,0.383141,1,2529,0.42453,0.192788,0.893312,0.4,0.850393,0.75,0.0202556,0.0001,0.00439463,999999,-1.090565e-01,3,Indonesian Exclusive Economic Zone,WPP714,KKLD Bombana,SVDNB_npp_d20151003_t1731466_e1737270_b20378_c20151003233728467558_noaa_ops.h5,GDNBO_npp_d20151003_t1731466_e1737270_b20378_c20151003233728467298_noaa_ops.h5,SVI04_npp_d20151003_t1731466_e1737270_b20378_c20151003233728541959_noaa_ops.dspace_rad,VNFF_npp_d20151003_t1731466_e1737270_b20378_v21.csv,World_EEZ_v8_2014.shp,WPP_BFAR_merge.shp,KKP_IDN_merge_20161208.shp,VNF-VBD_npp_20120301-20151231_global_asia-enhanced_c201607211230.bitmask,NCEI_NGA.union.nga_lead2.add_2015ntl.mask,timezone.shp,VBD_platforms-recurring_2015_r20170330.shp,999999,VBD_bridges_c20160811.shp,9.202956;7.293124;4.987635;0.117751;-4.766567;-9.662423;-14.566307;-12.781590;-10.252750;-5.421471;-0.565886;4.309883,106.389061;120.204430;133.795395;132.636734;131.583801;130.626740;129.763702;115.696312;101.762085;103.094223;104.302101;105.397919,npp_d20151003_t1731466_e1737270_b20378,150.124,106.983,34.5243,-81.5801,53.5473,62.7849
1398,VBD_npp_d20151003_t1735044_x1220024E_y050882S_l1791_s2690_v23,2017-06-01 16:11:27,-5.088171,122.002357,11.8577,2015-10-03 17:35:04,2015-10-04 01:35:04,1791,2690,0.370551,1,2529,0.540473,0.187656,0.841275,0.4,0.832933,0.75,0.0201981,0.0001,0.00402263,999999,-6.711461e-02,3,Indonesian Exclusive Economic Zone,WPP714,,SVDNB_npp_d20151003_t1731466_e1737270_b20378_c20151003233728467558_noaa_ops.h5,GDNBO_npp_d20151003_t1731466_e1737270_b20378_c20151003233728467298_noaa_ops.h5,SVI04_npp_d20151003_t1731466_e1737270_b20378_c20151003233728541959_noaa_ops.dspace_rad,VNFF_npp_d20151003_t1731466_e1737270_b20378_v21.csv,World_EEZ_v8_2014.shp,WPP_BFAR_merge.shp,KKP_IDN_merge_20161208.shp,VNF-VBD_npp_20120301-20151231_global_asia-enhanced_c201607211230.bitmask,NCEI_NGA.union.nga_lead2.add_2015ntl.mask,timezone.shp,VBD_platforms-recurring_2015_r20170330.shp,999999,VBD_bridges_c20160811.shp,9.202956;7.293124;4.987635;0.117751;-4.766567;-9.662423;-14.566307;-12.781590;-10.252750;-5.421471;-0.565886;4.309883,106.389061;120.204430;133.795395;132.636734;131.583801;130.626740;129.763702;115.696312;101.762085;103.094223;104.302101;105.397919,npp_d20151003_t1731466_e1737270_b20378,150.094,107.245,34.5699,-80.9825,53.6315,62.6891
1399,VBD_npp_d20151003_t1735062_x1220006E_y051000S_l1793_s2691_v23,2017-06-01 16:11:27,-5.100015,122.000580,24.2107,2015-10-03 17:35:06,2015-10-04 01:35:06,1793,2691,0.37489,1,2529,0.692861,0.200076,0.85044,0.4,0.916992,0.75,0.0201962,0.0001,0.00461346,999999,-1.686267e-01,3,Indonesian Exclusive Economic Zone,WPP714,,SVDNB_npp_d20151003_t1731466_e1737270_b20378_c20151003233728467558_noaa_ops.h5,GDNBO_npp_d20151003_t1731466_e1737270_b20378_c20151003233728467298_noaa_ops.h5,SVI04_npp_d20151003_t1731466_e1737270_b20378_c20151003233728541959_noaa_ops.dspace_rad,VNFF_npp_d20151003_t1731466_e1737270_b20378_v21.csv,World_EEZ_v8_2014.shp,WPP_BFAR_merge.shp,KKP_IDN_merge_20161208.shp,VNF-VBD_npp_20120301-20151231_global_asia-enhanced_c201607211230.bitmask,NCEI_NGA.union.nga_lead2.add_2015ntl.mask,timezone.shp,VBD_platforms-recurring_2015_r20170330.shp,999999,VBD_bridges_c20160811.shp,9.202956;7.293124;4.987635;0.117751;-4.766567;-9.662423;-14.566307;-12.781590;-10.252750;-5.421471;-0.565886;4.309883,106.389061;120.204430;133.795395;132.636734;131.583801;130.626740;129.763702;115.696312;101.762085;103.094223;104.302101;105.397919,npp_d20151003_t1731466_e1737270_b20378,150.085,107.261,34.6148,-82.2037,53.6322,62.6788
1400,VBD_npp_d20151003_t1735062_x1220118E_y051154S_l1795_s2693_v23,2017-06-01 16:11:27,-5.115374,122.011848,10.5282,2015-10-03 17:35:06,2015-10-04 01:35:06,1795,2693,0.393953,8,18913,0.517412,0.210517,0.842656,0.4,0.892745,0.75,0.0201977,0.0001,0.00452506,999999,-2.539650e-01,3,Indonesian Exclusive Economic Zone,WPP714,,SVDNB_npp_d20151003_t1731466_e1737270_b20378_c20151003233728467558_noaa_ops.h5,GDNBO_npp_d20151003_t1731466_e1737270_b20378_c20151003233728467298_noaa_ops.h5,SVI04_npp_d20151003_t1731466_e1737270_b20378_c20151003233728541959_noaa_ops.dspace_rad,VNFF_npp_d20151003_t1731466_e1737270_b20378_v21.csv,World_EEZ_v8_2014.shp,WPP_BFAR_merge.shp,KKP_IDN_merge_20161208.shp,VNF-VBD_npp_20120301-20151231_global_asia-enhanced_c201607211230.bitmask,NCEI_NGA.union.nga_lead2.add_2015ntl.mask,timezone.shp,VBD_platforms-recurring_2015_r20170330.shp,0.327536,VBD_bridges_c20160811.shp,9.202956;7.293124;4.987635;0.117751;-4.766567;-9.662423;-14.566307;-12.781590;-10.252750;-5.421471;-0.565886;4.309883,106.389061;120.204430;133.795395;132.636734;131.583801;130.626740;129.763702;115.696312;101.762085;103.094223;104.302101;105.397919,npp_d20151003_t1731466_e1737270_b20378,150.07,107.28,34.6986,-82.0303,53.6292,62.6635
1401,VBD_npp_d20151003_t1735062_x1220221E_y051375S_l1798_s2695_v23,2017-06-01 16:11:27,-5.137475,122.022133,4.454,2015-10-03 17:35:06,2015-10-04 01:35:06,1798,2695,0.33591,1,2529,0.285971,0.182312,0.821209,0.4,0.807657,0.75,0.0201965,0.0001,0.00439008,999999,-2.342991e-02,3,Indonesian Exclusive Economic Zone,WPP714,,SVDNB_npp_d20151003_t1731466_e1737270_b20378_c20151003233728467558_noaa_ops.h5,GDNBO_npp_d20151003_t1731466_e1737270_b20378_c20151003233728467298_noaa_ops.h5,SVI04_npp_d20151003_t1731466_e1737270_b20378_c20151003233728541959_noaa_ops.dspace_rad,VNFF_npp_d20151003_t1731466_e1737270_b20378_v21.csv,World_EEZ_v8_2014.shp,WPP_BFAR_merge.shp,KKP_IDN_merge_20161208.shp,VNF-VBD_npp_20120301-20151231_global_asia-enhanced_c201607211230.bitmask,NCEI_NGA.union.nga_lead2.add_2015ntl.mask,timezone.shp,VBD_platforms-recurring_2015_r20170330.shp,999999,VBD_bridges_c20160811.shp,9.202956;7.293124;4.987635;0.117751;-4.766567;-9.662423;-14.566307;-12.781590;-10.252750;-5.421471;-0.565886;4.309883,106.389061;120.204430;133.795395;132.636734;131.583801;130.626740;129.763702;115.696312;101.762085;103.094223;104.302101;105.397919,npp_d20151003_t1731466_e1737270_b20378,150.053,107.311,34.7824,-81.771,53.6303,62.6442
1402,VBD_npp_d20151003_t1734377_x1224025E_y034838S_l1544_s2698_v23,2017-06-01 16:11:27,-3.483757,122.402466,4.7939,2015-10-03 17:34:37,2015-10-04 01:34:37,1544,2698,0.406899,8,18913,0.34636,0.139772,0.705878,0.4,0.894724,0.75,0.0208738,0.0001,0.00538006,999999,1.157669e-02,3,Indonesian Exclusive Economic Zone,WPP714,Teluk Lasolo-Teluk Dalam Marine Nature Recreational Park,SVDNB_npp_d20151003_t1731466_e1737270_b20378_c20151003233728467558_noaa_ops.h5,GDNBO_npp_d20151003_t1731466_e1737270_b20378_c20151003233728467298_noaa_ops.h5,SVI04_npp_d20151003_t1731466_e1737270_b20378_c20151003233728541959_noaa_ops.dspace_rad,VNFF_npp_d20151003_t1731466_e1737270_b20378_v21.csv,World_EEZ_v8_2014.shp,WPP_BFAR_merge.shp,KKP_IDN_merge_20161208.shp,VNF-VBD_npp_20120301-20151231_global_asia-enhanced_c201607211230.bitmask,NCEI_NGA.union.nga_lead2.add_2015ntl.mask,timezone.shp,VBD_platforms-recurring_2015_r20170330.shp,0.737612,VBD_bridges_c20160811.shp,9.202956;7.293124;4.987635;0.117751;-4.766567;-9.662423;-14.566307;-12.781590;-10.252750;-5.421471;-0.565886;4.309883,106.389061;120.204430;133.795395;132.636734;131.583801;130.626740;129.763702;115.696312;101.762085;103.094223;104.302101;105.397919,npp_d20151003_t1731466_e1737270_b20378,150.254,104.394,34.9045,-81.4856,52.6368,63.6695
1403,VBD_npp_d20151003_t1734395_x1223749E_y036214S_l1565_s2698_v23,2017-06-01 16:11:27,-3.621431,122.374901,4.73861,2015-10-03 17:34:39,2015-10-04 01:34:39,1565,2698,0.406756,1,2529,0.340034,0.1476,0.692428,0.4,0.906264,0.75,0.020819,0.0001,0.00504315,999999,-6.991972e-02,3,Indonesian Exclusive Economic Zone,WPP714,Teluk Lasolo-Teluk Dalam Marine Nature Recreational Park,SVDNB_npp_d20151003_t1731466_e1737270_b20378_c20151003233728467558_noaa_ops.h5,GDNBO_npp_d20151003_t1731466_e1737270_b20378_c20151003233728467298_noaa_ops.h5,SVI04_npp_d20151003_t1731466_e1737270_b20378_c20151003233728541959_noaa_ops.dspace_rad,VNFF_npp_d20151003_t1731466_e1737270_b20378_v21.csv,World_EEZ_v8_2014.shp,WPP_BFAR_merge.shp,KKP_IDN_merge_20161208.shp,VNF-VBD_npp_20120301-20151231_global_asia-enhanced_c201607211230.bitmask,NCEI_NGA.union.nga_lead2.add_2015ntl.mask,timezone.shp,VBD_platforms-recurring_2015_r20170330.shp,999999,VBD_bridges_c20160811.shp,9.202956;7.293124;4.987635;0.117751;-4.766567;-9.662423;-14.566307;-12.781590;-10.252750;-5.421471;-0.565886;4.309883,106.389061;120.204430;133.795395;132.636734;131.583801;130.626740;129.763702;115.696312;101.762085;103.094223;104.302101;105.397919,npp_d20151003_t1731466_e1737270_b20378,150.239,104.637,34.9065,-81.0661,52.717,63.5812
1404,VBD_npp_d20151003_t1735009_x1221160E_y048280S_l1750_s2699_v23,2017-06-01 16:11:27,-4.827991,122.116013,3.92625,2015-10-03 17:35:00,2015-10-04 01:35:00,1750,2699,0.386057,1,2529,0.28671,0.180691,0.757958,0.4,0.869368,0.75,0.0203371,0.0001,0.00459753,999999,-1.018290e-02,3,Indonesian Exclusive Economic Zone,WPP714,KKLD Bombana,SVDNB_npp_d20151003_t1731466_e1737270_b20378_c20151003233728467558_noaa_ops.h5,GDNBO_npp_d20151003_t1731466_e1737270_b20378_c20151003233728467298_noaa_ops.h5,SVI04_npp_d20151003_t1731466_e1737270_b20378_c20151003233728541959_noaa_ops.dspace_rad,VNFF_npp_d20151003_t1731466_e1737270_b20378_v21.csv,World_EEZ_v8_2014.shp,WPP_BFAR_merge.shp,KKP_IDN_merge_20161208.shp,VNF-VBD_npp_20120301-20151231_global_asia-enhanced_c201607211230.bitmask,NCEI_NGA.union.nga_lead2.add_2015ntl.mask,timezone.shp,VBD_platforms-recurring_2015_r20170330.shp,999999,VBD_bridges_c20160811.shp,9.202956;7.293124;4.987635;0.117751;-4.766567;-9.662423;-14.566307;-12.781590;-10.252750;-5.421471;-0.565886;4.309883,106.389061;120.204430;133.795395;132.636734;131.583801;130.626740;129.763702;115.696312;101.762085;103.094223;104.302101;105.397919,npp_d20151003_t1731466_e1737270_b20378,150.076,106.754,34.948,-81.7543,53.4222,62.8219
1405,VBD_npp_d20151003_t1735009_x1221140E_y048415S_l1752_s2699_v23,2017-06-01 16:11:27,-4.841450,122.114029,2.99233,2015-10-03 17:35:00,2015-10-04 01:35:00,1752,2699,0.389685,1,2273,0.220038,0.17062,0.783402,0.4,0.833554,0.75,0.0203319,0.0001,0.00450022,999999,7.213204e-02,3,Indonesian Exclusive Economic Zone,WPP714,KKLD Bombana,SVDNB_npp_d20151003_t1731466_e1737270_b20378_c20151003233728467558_noaa_ops.h5,GDNBO_npp_d20151003_t1731466_e1737270_b20378_c20151003233728467298_noaa_ops.h5,SVI04_npp_d20151003_t1731466_e1737270_b20378_c20151003233728541959_noaa_ops.dspace_rad,VNFF_npp_d20151003_t1731466_e1737270_b20378_v21.csv,World_EEZ_v8_2014.shp,WPP_BFAR_merge.shp,KKP_IDN_merge_20161208.shp,VNF-VBD_npp_20120301-20151231_global_asia-enhanced_c201607211230.bitmask,NCEI_NGA.union.nga_lead2.add_2015ntl.mask,timezone.shp,VBD_platforms-recurring_2015_r20170330.shp,999999,VBD_bridges_c20160811.shp,9.202956;7.293124;4.987635;0.117751;-4.766567;-9.662423;-14.566307;-12.781590;-10.252750;-5.421471;-0.565886;4.309883,106.389061;120.204430;133.795395;132.636734;131.583801;130.626740;129.763702;115.696312;101.762085;103.094223;104.302101;105.397919,npp_d20151003_t1731466_e1737270_b20378,150.074,106.778,34.9476,-81.5819,53.4303,62.8136
1406,VBD_npp_d20151003_t1735009_x1221100E_y048684S_l1756_s2699_v23,2017-06-01 16:11:27,-4.868361,122.110016,2.83369,2015-10-03 17:35:00,2015-10-04 01:35:00,1756,2699,0.381292,1,2273,0.219668,0.196024,0.754198,0.4,0.838557,0.75,0.0203213,0.0001,0.00431047,999999,-1.355016e-01,3,Indonesian Exclusive Economic Zone,WPP714,KKLD Bombana,SVDNB_npp_d20151003_t1731466_e1737270_b20378_c20151003233728467558_noaa_ops.h5,GDNBO_npp_d20151003_t1731466_e1737270_b20378_c20151003233728467298_noaa_ops.h5,SVI04_npp_d20151003_t1731466_e1737270_b20378_c20151003233728541959_noaa_ops.dspace_rad,VNFF_npp_d20151003_t1731466_e1737270_b20378_v21.csv,World_EEZ_v8_2014.shp,WPP_BFAR_merge.shp,KKP_IDN_merge_20161208.shp,VNF-VBD_npp_20120301-20151231_global_asia-enhanced_c201607211230.bitmask,NCEI_NGA.union.nga_lead2.add_2015ntl.mask,timezone.shp,VBD_platforms-recurring_2015_r20170330.shp,999999,VBD_bridges_c20160811.shp,9.202956;7.293124;4.987635;0.117751;-4.766567;-9.662423;-14.566307;-12.781590;-10.252750;-5.421471;-0.565886;4.309883,106.389061;120.204430;133.795395;132.636734;131.583801;130.626740;129.763702;115.696312;101.762085;103.094223;104.302101;105.397919,npp_d20151003_t1731466_e1737270_b20378,150.07,106.825,34.9478,-81.2373,53.4463,62.7971
1407,VBD_npp_d20151003_t1735080_x1220772E_y052738S_l1817_s2707_v23,2017-06-01 16:11:27,-5.273765,122.077225,6.72969,2015-10-03 17:35:08,2015-10-04 01:35:08,1817,2707,0.388049,8,18913,0.44795,0.183909,0.81083,0.4,0.933732,0.75,0.0201866,0.0001,0.00423358,999999,-3.648134e-02,3,Indonesian Exclusive Economic Zone,WPP714,,SVDNB_npp_d20151003_t1731466_e1737270_b20378_c20151003233728467558_noaa_ops.h5,GDNBO_npp_d20151003_t1731466_e1737270_b20378_c20151003233728467298_noaa_ops.h5,SVI04_npp_d20151003_t1731466_e1737270_b20378_c20151003233728541959_noaa_ops.dspace_rad,VNFF_npp_d20151003_t1731466_e1737270_b20378_v21.csv,World_EEZ_v8_2014.shp,WPP_BFAR_merge.shp,KKP_IDN_merge_20161208.shp,VNF-VBD_npp_20120301-20151231_global_asia-enhanced_c201607211230.bitmask,NCEI_NGA.union.nga_lead2.add_2015ntl.mask,timezone.shp,VBD_platforms-recurring_2015_r20170330.shp,0.408542,VBD_bridges_c20160811.shp,9.202956;7.293124;4.987635;0.117751;-4.766567;-9.662423;-14.566307;-12.781590;-10.252750;-5.421471;-0.565886;4.309883,106.389061;120.204430;133.795395;132.636734;131.583801;130.626740;129.763702;115.696312;101.762085;103.094223;104.302101;105.397919,npp_d20151003_t1731466_e1737270_b20378,149.953,107.498,35.2932,-81.531,53.6381,62.5253
1408,VBD_npp_d20151003_t1734573_x1222545E_y046885S_l1726_s2714_v23,2017-06-01 16:11:27,-4.688465,122.254509,2.33222,2015-10-03 17:34:57,2015-10-04 01:34:57,1726,2714,0.401777,1,2273,0.193519,0.168661,0.641386,0.4,0.890308,0.75,0.0204515,0.0001,0.00439103,999999,8.813851e-02,3,Indonesian Exclusive Economic Zone,WPP714,Selat Tiworo District Marine Conservation Area,SVDNB_npp_d20151003_t1731466_e1737270_b20378_c20151003233728467558_noaa_ops.h5,GDNBO_npp_d20151003_t1731466_e1737270_b20378_c20151003233728467298_noaa_ops.h5,SVI04_npp_d20151003_t1731466_e1737270_b20378_c20151003233728541959_noaa_ops.dspace_rad,VNFF_npp_d20151003_t1731466_e1737270_b20378_v21.csv,World_EEZ_v8_2014.shp,WPP_BFAR_merge.shp,KKP_IDN_merge_20161208.shp,VNF-VBD_npp_20120301-20151231_global_asia-enhanced_c201607211230.bitmask,NCEI_NGA.union.nga_lead2.add_2015ntl.mask,timezone.shp,VBD_platforms-recurring_2015_r20170330.shp,999999,VBD_bridges_c20160811.shp,9.202956;7.293124;4.987635;0.117751;-4.766567;-9.662423;-14.566307;-12.781590;-10.252750;-5.421471;-0.565886;4.309883,106.389061;120.204430;133.795395;132.636734;131.583801;130.626740;129.763702;115.696312;101.762085;103.094223;104.302101;105.397919,npp_d20151003_t1731466_e1737270_b20378,149.997,106.451,35.5879,-81.068,53.2467,62.8633
1409,VBD_npp_d20151003_t1734431_x1224929E_y037996S_l1589_s2721_v23,2017-06-01 16:11:27,-3.799594,122.492912,7.45095,2015-10-03 17:34:43,2015-10-04 01:34:43,1589,2721,0.402915,8,18913,0.444878,0.136047,0.799948,0.4,0.913519,0.75,0.0208347,0.0001,0.00543345,999999,5.035506e-02,3,Indonesian Exclusive Economic Zone,WPP714,,SVDNB_npp_d20151003_t1731466_e1737270_b20378_c20151003233728467558_noaa_ops.h5,GDNBO_npp_d20151003_t1731466_e1737270_b20378_c20151003233728467298_noaa_ops.h5,SVI04_npp_d20151003_t1731466_e1737270_b20378_c20151003233728541959_noaa_ops.dspace_rad,VNFF_npp_d20151003_t1731466_e1737270_b20378_v21.csv,World_EEZ_v8_2014.shp,WPP_BFAR_merge.shp,KKP_IDN_merge_20161208.shp,VNF-VBD_npp_20120301-20151231_global_asia-enhanced_c201607211230.bitmask,NCEI_NGA.union.nga_lead2.add_2015ntl.mask,timezone.shp,VBD_platforms-recurring_2015_r20170330.shp,0.526977,VBD_bridges_c20160811.shp,9.202956;7.293124;4.987635;0.117751;-4.766567;-9.662423;-14.566307;-12.781590;-10.252750;-5.421471;-0.565886;4.309883,106.389061;120.204430;133.795395;132.636734;131.583801;130.626740;129.763702;115.696312;101.762085;103.094223;104.302101;105.397919,npp_d20151003_t1731466_e1737270_b20378,150.065,104.87,35.887,-81.776,52.678,63.4016
1410,VBD_npp_d20151003_t1734431_x1224987E_y038074S_l1590_s2722_v23,2017-06-01 16:11:27,-3.807405,122.498703,5.59664,2015-10-03 17:34:43,2015-10-04 01:34:43,1590,2722,0.406899,8,18913,0.365706,0.136028,0.799948,0.4,0.878573,0.75,0.0208355,0.0001,0.00538087,999999,5.055017e-02,3,Indonesian Exclusive Economic Zone,WPP714,,SVDNB_npp_d20151003_t1731466_e1737270_b20378_c20151003233728467558_noaa_ops.h5,GDNBO_npp_d20151003_t1731466_e1737270_b20378_c20151003233728467298_noaa_ops.h5,SVI04_npp_d20151003_t1731466_e1737270_b20378_c20151003233728541959_noaa_ops.dspace_rad,VNFF_npp_d20151003_t1731466_e1737270_b20378_v21.csv,World_EEZ_v8_2014.shp,WPP_BFAR_merge.shp,KKP_IDN_merge_20161208.shp,VNF-VBD_npp_20120301-20151231_global_asia-enhanced_c201607211230.bitmask,NCEI_NGA.union.nga_lead2.add_2015ntl.mask,timezone.shp,VBD_platforms-recurring_2015_r20170330.shp,0.859687,VBD_bridges_c20160811.shp,9.202956;7.293124;4.987635;0.117751;-4.766567;-9.662423;-14.566307;-12.781590;-10.252750;-5.421471;-0.565886;4.309883,106.389061;120.204430;133.795395;132.636734;131.583801;130.626740;129.763702;115.696312;101.762085;103.094223;104.302101;105.397919,npp_d20151003_t1731466_e1737270_b20378,150.058,104.88,35.9293,-81.6921,52.6763,63.3938
1411,VBD_npp_d20151003_t1734431_x1224967E_y038210S_l1592_s2722_v23,2017-06-01 16:11:27,-3.820993,122.496658,4.21772,2015-10-03 17:34:43,2015-10-04 01:34:43,1592,2722,0.401635,1,2529,0.284914,0.12548,0.797347,0.4,0.844272,0.75,0.0208303,0.0001,0.00526946,999999,1.603584e-01,3,,WPP714,,SVDNB_npp_d20151003_t1731466_e1737270_b20378_c20151003233728467558_noaa_ops.h5,GDNBO_npp_d20151003_t1731466_e1737270_b20378_c20151003233728467298_noaa_ops.h5,SVI04_npp_d20151003_t1731466_e1737270_b20378_c20151003233728541959_noaa_ops.dspace_rad,VNFF_npp_d20151003_t1731466_e1737270_b20378_v21.csv,World_EEZ_v8_2014.shp,WPP_BFAR_merge.shp,KKP_IDN_merge_20161208.shp,VNF-VBD_npp_20120301-20151231_global_asia-enhanced_c201607211230.bitmask,NCEI_NGA.union.nga_lead2.add_2015ntl.mask,timezone.shp,VBD_platforms-recurring_2015_r20170330.shp,999999,VBD_bridges_c20160811.shp,9.202956;7.293124;4.987635;0.117751;-4.766567;-9.662423;-14.566307;-12.781590;-10.252750;-5.421471;-0.565886;4.309883,106.389061;120.204430;133.795395;132.636734;131.583801;130.626740;129.763702;115.696312;101.762085;103.094223;104.302101;105.397919,npp_d20151003_t1731466_e1737270_b20378,150.056,104.904,35.929,-81.524,52.6843,63.3851
1412,VBD_npp_d20151003_t1735080_x1222212E_y052882S_l1816_s2728_v23,2017-06-01 16:11:27,-5.288246,122.221237,2.21869,2015-10-03 17:35:08,2015-10-04 01:35:08,1816,2728,0.386342,8,18657,0.184592,0.182133,0.608126,0.4,0.844691,0.75,0.0202606,0.0001,0.00433864,999999,-2.196661e-02,3,Indonesian Exclusive Economic Zone,WPP714,Kabupaten Buton (Liwutongkidi) District Marine Conservation Area,SVDNB_npp_d20151003_t1731466_e1737270_b20378_c20151003233728467558_noaa_ops.h5,GDNBO_npp_d20151003_t1731466_e1737270_b20378_c20151003233728467298_noaa_ops.h5,SVI04_npp_d20151003_t1731466_e1737270_b20378_c20151003233728541959_noaa_ops.dspace_rad,VNFF_npp_d20151003_t1731466_e1737270_b20378_v21.csv,World_EEZ_v8_2014.shp,WPP_BFAR_merge.shp,KKP_IDN_merge_20161208.shp,VNF-VBD_npp_20120301-20151231_global_asia-enhanced_c201607211230.bitmask,NCEI_NGA.union.nga_lead2.add_2015ntl.mask,timezone.shp,VBD_platforms-recurring_2015_r20170330.shp,0.383009,VBD_bridges_c20160811.shp,9.202956;7.293124;4.987635;0.117751;-4.766567;-9.662423;-14.566307;-12.781590;-10.252750;-5.421471;-0.565886;4.309883,106.389061;120.204430;133.795395;132.636734;131.583801;130.626740;129.763702;115.696312;101.762085;103.094223;104.302101;105.397919,npp_d20151003_t1731466_e1737270_b20378,149.812,107.434,36.1873,-81.6306,53.5164,62.452
1413,VBD_npp_d20151003_t1734466_x1227655E_y040424S_l1619_s2769_v23,2017-06-01 16:11:27,-4.042444,122.765503,4.60568,2015-10-03 17:34:46,2015-10-04 01:34:46,1619,2769,0.3963,8,18913,0.322118,0.135009,0.775756,0.4,0.854277,0.75,0.0209196,0.0001,0.00550124,999999,6.116183e-02,3,Indonesian Exclusive Economic Zone,WPP714,KKPD South Sulawesi Regional Aquatic Conservation Area,SVDNB_npp_d20151003_t1731466_e1737270_b20378_c20151003233728467558_noaa_ops.h5,GDNBO_npp_d20151003_t1731466_e1737270_b20378_c20151003233728467298_noaa_ops.h5,SVI04_npp_d20151003_t1731466_e1737270_b20378_c20151003233728541959_noaa_ops.dspace_rad,VNFF_npp_d20151003_t1731466_e1737270_b20378_v21.csv,World_EEZ_v8_2014.shp,WPP_BFAR_merge.shp,KKP_IDN_merge_20161208.shp,VNF-VBD_npp_20120301-20151231_global_asia-enhanced_c201607211230.bitmask,NCEI_NGA.union.nga_lead2.add_2015ntl.mask,timezone.shp,VBD_platforms-recurring_2015_r20170330.shp,0.564631,VBD_bridges_c20160811.shp,9.202956;7.293124;4.987635;0.117751;-4.766567;-9.662423;-14.566307;-12.781590;-10.252750;-5.421471;-0.565886;4.309883,106.389061;120.204430;133.795395;132.636734;131.583801;130.626740;129.763702;115.696312;101.762085;103.094223;104.302101;105.397919,npp_d20151003_t1731466_e1737270_b20378,149.725,105.127,37.8243,-81.953,52.5301,63.1104
1414,VBD_npp_d20151003_t1734466_x1227791E_y041342S_l1632_s2773_v23,2017-06-01 16:11:27,-4.134247,122.779068,5.34101,2015-10-03 17:34:46,2015-10-04 01:34:46,1632,2773,0.363509,1,2529,0.357896,0.170024,0.745218,0.4,0.901443,0.75,0.0208992,0.0001,0.00479635,999999,-3.033634e-01,3,Indonesian Exclusive Economic Zone,WPP714,KKPD South Sulawesi Regional Aquatic Conservation Area,SVDNB_npp_d20151003_t1731466_e1737270_b20378_c20151003233728467558_noaa_ops.h5,GDNBO_npp_d20151003_t1731466_e1737270_b20378_c20151003233728467298_noaa_ops.h5,SVI04_npp_d20151003_t1731466_e1737270_b20378_c20151003233728541959_noaa_ops.dspace_rad,VNFF_npp_d20151003_t1731466_e1737270_b20378_v21.csv,World_EEZ_v8_2014.shp,WPP_BFAR_merge.shp,KKP_IDN_merge_20161208.shp,VNF-VBD_npp_20120301-20151231_global_asia-enhanced_c201607211230.bitmask,NCEI_NGA.union.nga_lead2.add_2015ntl.mask,timezone.shp,VBD_platforms-recurring_2015_r20170330.shp,999999,VBD_bridges_c20160811.shp,9.202956;7.293124;4.987635;0.117751;-4.766567;-9.662423;-14.566307;-12.781590;-10.252750;-5.421471;-0.565886;4.309883,106.389061;120.204430;133.795395;132.636734;131.583801;130.626740;129.763702;115.696312;101.762085;103.094223;104.302101;105.397919,npp_d20151003_t1731466_e1737270_b20378,149.688,105.271,37.9847,-80.9406,52.5599,63.0402
1415,VBD_npp_d20151003_t1737072_x1216656E_y123962S_l2886_s2866_v23,2017-06-01 16:11:27,-12.396235,121.665573,2.27369,2015-10-03 17:37:07,2015-10-04 01:37:07,2886,2866,0.40007,1,2529,0.18222,0.149695,0.62534,0.4,0.871279,0.75,0.017968,0.0001,0.00136263,999999,-1.336061e-01,3,Australian Exclusive Economic Zone,WPP573,,SVDNB_npp_d20151003_t1731466_e1737270_b20378_c20151003233728467558_noaa_ops.h5,GDNBO_npp_d20151003_t1731466_e1737270_b20378_c20151003233728467298_noaa_ops.h5,SVI04_npp_d20151003_t1731466_e1737270_b20378_c20151003233728541959_noaa_ops.dspace_rad,VNFF_npp_d20151003_t1731466_e1737270_b20378_v21.csv,World_EEZ_v8_2014.shp,WPP_BFAR_merge.shp,KKP_IDN_merge_20161208.shp,VNF-VBD_npp_20120301-20151231_global_asia-enhanced_c201607211230.bitmask,NCEI_NGA.union.nga_lead2.add_2015ntl.mask,timezone.shp,VBD_platforms-recurring_2015_r20170330.shp,999999,VBD_bridges_c20160811.shp,9.202956;7.293124;4.987635;0.117751;-4.766567;-9.662423;-14.566307;-12.781590;-10.252750;-5.421471;-0.565886;4.309883,106.389061;120.204430;133.795395;132.636734;131.583801;130.626740;129.763702;115.696312;101.762085;103.094223;104.302101;105.397919,npp_d20151003_t1731466_e1737270_b20378,147.095,118.183,41.5329,-82.3971,57.148,58.0888
1416,VBD_npp_d20151003_t1737125_x1219214E_y128208S_l2944_s2914_v23,2017-06-01 16:11:27,-12.820827,121.921387,2.63953,2015-10-03 17:37:12,2015-10-04 01:37:12,2944,2914,0.407112,1,2529,0.234102,0.154055,0.651218,0.4,0.920846,0.75,0.0179558,0.0001,0.00102502,999999,-1.802091e-01,3,Australian Exclusive Economic Zone,WPP573,,SVDNB_npp_d20151003_t1731466_e1737270_b20378_c20151003233728467558_noaa_ops.h5,GDNBO_npp_d20151003_t1731466_e1737270_b20378_c20151003233728467298_noaa_ops.h5,SVI04_npp_d20151003_t1731466_e1737270_b20378_c20151003233728541959_noaa_ops.dspace_rad,VNFF_npp_d20151003_t1731466_e1737270_b20378_v21.csv,World_EEZ_v8_2014.shp,WPP_BFAR_merge.shp,KKP_IDN_merge_20161208.shp,VNF-VBD_npp_20120301-20151231_global_asia-enhanced_c201607211230.bitmask,NCEI_NGA.union.nga_lead2.add_2015ntl.mask,timezone.shp,VBD_platforms-recurring_2015_r20170330.shp,999999,VBD_bridges_c20160811.shp,9.202956;7.293124;4.987635;0.117751;-4.766567;-9.662423;-14.566307;-12.781590;-10.252750;-5.421471;-0.565886;4.309883,106.389061;120.204430;133.795395;132.636734;131.583801;130.626740;129.763702;115.696312;101.762085;103.094223;104.302101;105.397919,npp_d20151003_t1731466_e1737270_b20378,146.655,118.497,43.2789,-81.8305,57.1444,57.693
1417,VBD_npp_d20151003_t1737143_x1219204E_y128237S_l2945_s2915_v23,2017-06-01 16:11:27,-12.823728,121.920418,2.75065,2015-10-03 17:37:14,2015-10-04 01:37:14,2945,2915,0.407112,1,2529,0.226028,0.156722,0.6547,0.4,0.921438,0.75,0.0179561,0.0001,0.00124288,999999,-2.087237e-01,3,Australian Exclusive Economic Zone,WPP573,,SVDNB_npp_d20151003_t1731466_e1737270_b20378_c20151003233728467558_noaa_ops.h5,GDNBO_npp_d20151003_t1731466_e1737270_b20378_c20151003233728467298_noaa_ops.h5,SVI04_npp_d20151003_t1731466_e1737270_b20378_c20151003233728541959_noaa_ops.dspace_rad,VNFF_npp_d20151003_t1731466_e1737270_b20378_v21.csv,World_EEZ_v8_2014.shp,WPP_BFAR_merge.shp,KKP_IDN_merge_20161208.shp,VNF-VBD_npp_20120301-20151231_global_asia-enhanced_c201607211230.bitmask,NCEI_NGA.union.nga_lead2.add_2015ntl.mask,timezone.shp,VBD_platforms-recurring_2015_r20170330.shp,999999,VBD_bridges_c20160811.shp,9.202956;7.293124;4.987635;0.117751;-4.766567;-9.662423;-14.566307;-12.781590;-10.252750;-5.421471;-0.565886;4.309883,106.389061;120.204430;133.795395;132.636734;131.583801;130.626740;129.763702;115.696312;101.762085;103.094223;104.302101;105.397919,npp_d20151003_t1731466_e1737270_b20378,146.648,118.495,43.312,-82.8273,57.1408,57.6879
1418,VBD_npp_d20151003_t1737268_x1232101E_y138209S_l3069_s3127_v23,2017-06-01 16:11:27,-13.820914,123.210083,5.24958,2015-10-03 17:37:26,2015-10-04 01:37:26,3069,3127,0.40192,11,18849,0.381606,0.160033,0.760431,0.4,0.697868,0.75,0.0185683,0.0001,0.000486914,999999,1.586588e-01,3,Australian Exclusive Economic Zone,,,SVDNB_npp_d20151003_t1731466_e1737270_b20378_c20151003233728467558_noaa_ops.h5,GDNBO_npp_d20151003_t1731466_e1737270_b20378_c20151003233728467298_noaa_ops.h5,SVI04_npp_d20151003_t1731466_e1737270_b20378_c20151003233728541959_noaa_ops.dspace_rad,VNFF_npp_d20151003_t1731466_e1737270_b20378_v21.csv,World_EEZ_v8_2014.shp,WPP_BFAR_merge.shp,KKP_IDN_merge_20161208.shp,VNF-VBD_npp_20120301-20151231_global_asia-enhanced_c201607211230.bitmask,NCEI_NGA.union.nga_lead2.add_2015ntl.mask,timezone.shp,VBD_platforms-recurring_2015_r20170330.shp,0.524133,VBD_bridges_c20160811.shp,9.202956;7.293124;4.987635;0.117751;-4.766567;-9.662423;-14.566307;-12.781590;-10.252750;-5.421471;-0.565886;4.309883,106.389061;120.204430;133.795395;132.636734;131.583801;130.626740;129.763702;115.696312;101.762085;103.094223;104.302101;105.397919,npp_d20151003_t1731466_e1737270_b20378,145.024,118.558,50.149,-82.5015,56.5849,56.3384
1419,VBD_npp_d20151003_t1737268_x1233186E_y138472S_l3071_s3143_v23,2017-06-01 16:11:27,-13.847236,123.318604,6.95111,2015-10-03 17:37:26,2015-10-04 01:37:26,3071,3143,0.379086,11,51681,0.429538,0.228385,0.855117,0.4,0.915617,0.75,0.0186201,0.0001,0.000445828,999999,999999,3,Australian Exclusive Economic Zone,,,SVDNB_npp_d20151003_t1731466_e1737270_b20378_c20151003233728467558_noaa_ops.h5,GDNBO_npp_d20151003_t1731466_e1737270_b20378_c20151003233728467298_noaa_ops.h5,SVI04_npp_d20151003_t1731466_e1737270_b20378_c20151003233728541959_noaa_ops.dspace_rad,VNFF_npp_d20151003_t1731466_e1737270_b20378_v21.csv,World_EEZ_v8_2014.shp,WPP_BFAR_merge.shp,KKP_IDN_merge_20161208.shp,VNF-VBD_npp_20120301-20151231_global_asia-enhanced_c201607211230.bitmask,NCEI_NGA.union.nga_lead2.add_2015ntl.mask,timezone.shp,VBD_platforms-recurring_2015_r20170330.shp,0.287006,VBD_bridges_c20160811.shp,9.202956;7.293124;4.987635;0.117751;-4.766567;-9.662423;-14.566307;-12.781590;-10.252750;-5.421471;-0.565886;4.309883,106.389061;120.204430;133.795395;132.636734;131.583801;130.626740;129.763702;115.696312;101.762085;103.094223;104.302101;105.397919,npp_d20151003_t1731466_e1737270_b20378,144.919,118.493,50.6197,-82.4352,56.5112,56.2578
1420,VBD_npp_d20151003_t1737250_x1238420E_y137988S_l3054_s3216_v23,2017-06-01 16:11:27,-13.798823,123.842026,3.3168,2015-10-03 17:37:25,2015-10-04 01:37:25,3054,3216,0.395945,1,2529,0.240194,0.158855,0.852591,0.4,0.899042,0.75,0.0188594,0.0001,0.000346633,999999,1.682901e-01,3,Australian Exclusive Economic Zone,,,SVDNB_npp_d20151003_t1731466_e1737270_b20378_c20151003233728467558_noaa_ops.h5,GDNBO_npp_d20151003_t1731466_e1737270_b20378_c20151003233728467298_noaa_ops.h5,SVI04_npp_d20151003_t1731466_e1737270_b20378_c20151003233728541959_noaa_ops.dspace_rad,VNFF_npp_d20151003_t1731466_e1737270_b20378_v21.csv,World_EEZ_v8_2014.shp,WPP_BFAR_merge.shp,KKP_IDN_merge_20161208.shp,VNF-VBD_npp_20120301-20151231_global_asia-enhanced_c201607211230.bitmask,NCEI_NGA.union.nga_lead2.add_2015ntl.mask,timezone.shp,VBD_platforms-recurring_2015_r20170330.shp,999999,VBD_bridges_c20160811.shp,9.202956;7.293124;4.987635;0.117751;-4.766567;-9.662423;-14.566307;-12.781590;-10.252750;-5.421471;-0.565886;4.309883,106.389061;120.204430;133.795395;132.636734;131.583801;130.626740;129.763702;115.696312;101.762085;103.094223;104.302101;105.397919,npp_d20151003_t1731466_e1737270_b20378,144.501,117.975,52.6851,-82.6123,56.0638,55.9698
1421,VBD_npp_d20151003_t1737268_x1238337E_y138154S_l3057_s3216_v23,2017-06-01 16:11:27,-13.815369,123.833717,4.42247,2015-10-03 17:37:26,2015-10-04 01:37:26,3057,3216,0.395873,1,2529,0.311623,0.151165,0.874314,0.4,0.884751,0.75,0.0188594,0.0001,0.000411219,999999,2.311410e-01,3,Australian Exclusive Economic Zone,,,SVDNB_npp_d20151003_t1731466_e1737270_b20378_c20151003233728467558_noaa_ops.h5,GDNBO_npp_d20151003_t1731466_e1737270_b20378_c20151003233728467298_noaa_ops.h5,SVI04_npp_d20151003_t1731466_e1737270_b20378_c20151003233728541959_noaa_ops.dspace_rad,VNFF_npp_d20151003_t1731466_e1737270_b20378_v21.csv,World_EEZ_v8_2014.shp,WPP_BFAR_merge.shp,KKP_IDN_merge_20161208.shp,VNF-VBD_npp_20120301-20151231_global_asia-enhanced_c201607211230.bitmask,NCEI_NGA.union.nga_lead2.add_2015ntl.mask,timezone.shp,VBD_platforms-recurring_2015_r20170330.shp,999999,VBD_bridges_c20160811.shp,9.202956;7.293124;4.987635;0.117751;-4.766567;-9.662423;-14.566307;-12.781590;-10.252750;-5.421471;-0.565886;4.309883,106.389061;120.204430;133.795395;132.636734;131.583801;130.626740;129.763702;115.696312;101.762085;103.094223;104.302101;105.397919,npp_d20151003_t1731466_e1737270_b20378,144.494,117.996,52.6887,-83.2528,56.0741,55.961
1422,VBD_npp_d20151003_t1737268_x1238472E_y138170S_l3057_s3218_v23,2017-06-01 16:11:27,-13.816961,123.847160,27.6779,2015-10-03 17:37:26,2015-10-04 01:37:26,3057,3218,0.400355,1,2529,0.876691,0.137564,0.874314,0.4,0.908747,0.75,0.018866,0.0001,0.000407933,999999,3.423074e-01,3,Australian Exclusive Economic Zone,,,SVDNB_npp_d20151003_t1731466_e1737270_b20378_c20151003233728467558_noaa_ops.h5,GDNBO_npp_d20151003_t1731466_e1737270_b20378_c20151003233728467298_noaa_ops.h5,SVI04_npp_d20151003_t1731466_e1737270_b20378_c20151003233728541959_noaa_ops.dspace_rad,VNFF_npp_d20151003_t1731466_e1737270_b20378_v21.csv,World_EEZ_v8_2014.shp,WPP_BFAR_merge.shp,KKP_IDN_merge_20161208.shp,VNF-VBD_npp_20120301-20151231_global_asia-enhanced_c201607211230.bitmask,NCEI_NGA.union.nga_lead2.add_2015ntl.mask,timezone.shp,VBD_platforms-recurring_2015_r20170330.shp,999999,VBD_bridges_c20160811.shp,9.202956;7.293124;4.987635;0.117751;-4.766567;-9.662423;-14.566307;-12.781590;-10.252750;-5.421471;-0.565886;4.309883,106.389061;120.204430;133.795395;132.636734;131.583801;130.626740;129.763702;115.696312;101.762085;103.094223;104.302101;105.397919,npp_d20151003_t1731466_e1737270_b20378,144.481,117.986,52.7422,-83.2558,56.064,55.9518
1423,VBD_npp_d20151003_t1737054_x1245314E_y126451S_l2868_s3282_v23,2017-06-01 16:11:27,-12.645117,124.531410,31.3297,2015-10-03 17:37:05,2015-10-04 01:37:05,2868,3282,0.346509,4,100517,0.169542,0.155962,0.758692,0.4,0.375473,0.75,0.019389,0.0001,0.000400619,999999,1.919331e-01,3,Australian Exclusive Economic Zone,,,SVDNB_npp_d20151003_t1731466_e1737270_b20378_c20151003233728467558_noaa_ops.h5,GDNBO_npp_d20151003_t1731466_e1737270_b20378_c20151003233728467298_noaa_ops.h5,SVI04_npp_d20151003_t1731466_e1737270_b20378_c20151003233728541959_noaa_ops.dspace_rad,VNFF_npp_d20151003_t1731466_e1737270_b20378_v21.csv,World_EEZ_v8_2014.shp,WPP_BFAR_merge.shp,KKP_IDN_merge_20161208.shp,VNF-VBD_npp_20120301-20151231_global_asia-enhanced_c201607211230.bitmask,NCEI_NGA.union.nga_lead2.add_2015ntl.mask,timezone.shp,VBD_platforms-recurring_2015_r20170330.shp,999999,VBD_bridges_c20160811.shp,9.202956;7.293124;4.987635;0.117751;-4.766567;-9.662423;-14.566307;-12.781590;-10.252750;-5.421471;-0.565886;4.309883,106.389061;120.204430;133.795395;132.636734;131.583801;130.626740;129.763702;115.696312;101.762085;103.094223;104.302101;105.397919,npp_d20151003_t1731466_e1737270_b20378,144.497,116.018,54.4641,-83.0569,54.916,56.2735
1424,VBD_npp_d20151003_t1737054_x1245429E_y126600S_l2870_s3284_v23,2017-06-01 16:11:27,-12.660049,124.542938,5879.63,2015-10-03 17:37:05,2015-10-04 01:37:05,2870,3284,0.417213,4,100845,1.77229,0.14908,0.769481,0.4,0.984972,0.75,0.0193897,0.0001,0.000386,999999,2.481864e-01,3,Australian Exclusive Economic Zone,,,SVDNB_npp_d20151003_t1731466_e1737270_b20378_c20151003233728467558_noaa_ops.h5,GDNBO_npp_d20151003_t1731466_e1737270_b20378_c20151003233728467298_noaa_ops.h5,SVI04_npp_d20151003_t1731466_e1737270_b20378_c20151003233728541959_noaa_ops.dspace_rad,VNFF_npp_d20151003_t1731466_e1737270_b20378_v21.csv,World_EEZ_v8_2014.shp,WPP_BFAR_merge.shp,KKP_IDN_merge_20161208.shp,VNF-VBD_npp_20120301-20151231_global_asia-enhanced_c201607211230.bitmask,NCEI_NGA.union.nga_lead2.add_2015ntl.mask,timezone.shp,VBD_platforms-recurring_2015_r20170330.shp,999999,VBD_bridges_c20160811.shp,9.202956;7.293124;4.987635;0.117751;-4.766567;-9.662423;-14.566307;-12.781590;-10.252750;-5.421471;-0.565886;4.309883,106.389061;120.204430;133.795395;132.636734;131.583801;130.626740;129.763702;115.696312;101.762085;103.094223;104.302101;105.397919,npp_d20151003_t1731466_e1737270_b20378,144.48,116.027,54.5141,-82.9692,54.9149,56.2575
1425,VBD_npp_d20151003_t1737090_x1254877E_y130558S_l2912_s3427_v23,2017-06-01 16:11:27,-13.055849,125.487747,4.2353,2015-10-03 17:37:09,2015-10-04 01:37:09,2912,3427,0.38307,1,2529,0.293193,0.20092,0.732879,0.4,0.864598,0.75,0.0197314,0.0001,0.000161194,999999,-1.755261e-01,3,Australian Exclusive Economic Zone,,,SVDNB_npp_d20151003_t1731466_e1737270_b20378_c20151003233728467558_noaa_ops.h5,GDNBO_npp_d20151003_t1731466_e1737270_b20378_c20151003233728467298_noaa_ops.h5,SVI04_npp_d20151003_t1731466_e1737270_b20378_c20151003233728541959_noaa_ops.dspace_rad,VNFF_npp_d20151003_t1731466_e1737270_b20378_v21.csv,World_EEZ_v8_2014.shp,WPP_BFAR_merge.shp,KKP_IDN_merge_20161208.shp,VNF-VBD_npp_20120301-20151231_global_asia-enhanced_c201607211230.bitmask,NCEI_NGA.union.nga_lead2.add_2015ntl.mask,timezone.shp,VBD_platforms-recurring_2015_r20170330.shp,999999,VBD_bridges_c20160811.shp,9.202956;7.293124;4.987635;0.117751;-4.766567;-9.662423;-14.566307;-12.781590;-10.252750;-5.421471;-0.565886;4.309883,106.389061;120.204430;133.795395;132.636734;131.583801;130.626740;129.763702;115.696312;101.762085;103.094223;104.302101;105.397919,npp_d20151003_t1731466_e1737270_b20378,143.466,115.742,58.0627,-82.7944,54.3579,55.4212
1426,VBD_npp_d20151003_t1737108_x1254886E_y130577S_l2913_s3428_v23,2017-06-01 16:11:27,-13.057671,125.488564,5.14835,2015-10-03 17:37:10,2015-10-04 01:37:10,2913,3428,0.38307,1,2529,0.345296,0.191785,0.732879,0.4,0.886146,0.75,0.0197317,0.0001,0.000196283,999999,-1.008574e-01,3,Australian Exclusive Economic Zone,,,SVDNB_npp_d20151003_t1731466_e1737270_b20378_c20151003233728467558_noaa_ops.h5,GDNBO_npp_d20151003_t1731466_e1737270_b20378_c20151003233728467298_noaa_ops.h5,SVI04_npp_d20151003_t1731466_e1737270_b20378_c20151003233728541959_noaa_ops.dspace_rad,VNFF_npp_d20151003_t1731466_e1737270_b20378_v21.csv,World_EEZ_v8_2014.shp,WPP_BFAR_merge.shp,KKP_IDN_merge_20161208.shp,VNF-VBD_npp_20120301-20151231_global_asia-enhanced_c201607211230.bitmask,NCEI_NGA.union.nga_lead2.add_2015ntl.mask,timezone.shp,VBD_platforms-recurring_2015_r20170330.shp,999999,VBD_bridges_c20160811.shp,9.202956;7.293124;4.987635;0.117751;-4.766567;-9.662423;-14.566307;-12.781590;-10.252750;-5.421471;-0.565886;4.309883,106.389061;120.204430;133.795395;132.636734;131.583801;130.626740;129.763702;115.696312;101.762085;103.094223;104.302101;105.397919,npp_d20151003_t1731466_e1737270_b20378,143.458,115.737,58.0894,-83.4342,54.3525,55.415
1427,VBD_npp_d20151003_t1736280_x1259898E_y106164S_l2535_s3432_v23,2017-06-01 16:11:27,-10.616377,125.989792,234.39,2015-10-03 17:36:28,2015-10-04 01:36:28,2535,3432,0.381718,4,100837,1.49339,0.130571,0.894666,0.4,0.986511,0.75,0.0208402,0.0001,0.000336723,999999,1.073598e-01,3,Area of overlap between Australian Seabed Jurisdiction and Indonesian Exclusive Economic Zone Jurisdiction,WPP573,,SVDNB_npp_d20151003_t1731466_e1737270_b20378_c20151003233728467558_noaa_ops.h5,GDNBO_npp_d20151003_t1731466_e1737270_b20378_c20151003233728467298_noaa_ops.h5,SVI04_npp_d20151003_t1731466_e1737270_b20378_c20151003233728541959_noaa_ops.dspace_rad,VNFF_npp_d20151003_t1731466_e1737270_b20378_v21.csv,World_EEZ_v8_2014.shp,WPP_BFAR_merge.shp,KKP_IDN_merge_20161208.shp,VNF-VBD_npp_20120301-20151231_global_asia-enhanced_c201607211230.bitmask,NCEI_NGA.union.nga_lead2.add_2015ntl.mask,timezone.shp,VBD_platforms-recurring_2015_r20170330.shp,999999,VBD_bridges_c20160811.shp,9.202956;7.293124;4.987635;0.117751;-4.766567;-9.662423;-14.566307;-12.781590;-10.252750;-5.421471;-0.565886;4.309883,106.389061;120.204430;133.795395;132.636734;131.583801;130.626740;129.763702;115.696312;101.762085;103.094223;104.302101;105.397919,npp_d20151003_t1731466_e1737270_b20378,144.166,112.447,58.1729,-82.8356,52.7058,56.7507
1428,VBD_npp_d20151003_t1735364_x1267013E_y076435S_l2073_s3449_v23,2017-06-01 16:11:27,-7.643538,126.701347,6.71082,2015-10-03 17:35:36,2015-10-04 01:35:36,2073,3449,0.388547,1,2529,0.400219,0.123455,0.738837,0.4,0.910302,0.75,0.0220688,0.0001,0.000624891,999999,1.814455e-01,3,Indonesian Exclusive Economic Zone,WPP714,,SVDNB_npp_d20151003_t1731466_e1737270_b20378_c20151003233728467558_noaa_ops.h5,GDNBO_npp_d20151003_t1731466_e1737270_b20378_c20151003233728467298_noaa_ops.h5,SVI04_npp_d20151003_t1731466_e1737270_b20378_c20151003233728541959_noaa_ops.dspace_rad,VNFF_npp_d20151003_t1731466_e1737270_b20378_v21.csv,World_EEZ_v8_2014.shp,WPP_BFAR_merge.shp,KKP_IDN_merge_20161208.shp,VNF-VBD_npp_20120301-20151231_global_asia-enhanced_c201607211230.bitmask,NCEI_NGA.union.nga_lead2.add_2015ntl.mask,timezone.shp,VBD_platforms-recurring_2015_r20170330.shp,999999,VBD_bridges_c20160811.shp,9.202956;7.293124;4.987635;0.117751;-4.766567;-9.662423;-14.566307;-12.781590;-10.252750;-5.421471;-0.565886;4.309883,106.389061;120.204430;133.795395;132.636734;131.583801;130.626740;129.763702;115.696312;101.762085;103.094223;104.302101;105.397919,npp_d20151003_t1731466_e1737270_b20378,144.739,108.226,58.562,-82.3272,50.6706,58.4913
1429,VBD_npp_d20151003_t1736263_x1261691E_y105959S_l2528_s3456_v23,2017-06-01 16:11:27,-10.595902,126.169060,3.85335,2015-10-03 17:36:26,2015-10-04 01:36:26,2528,3456,0.356467,9,100577,0.173717,0.167231,0.86456,0.4,0.75087,0.75,0.0209381,0.0001,0.000271794,999999,-2.742828e-01,3,,,,SVDNB_npp_d20151003_t1731466_e1737270_b20378_c20151003233728467558_noaa_ops.h5,GDNBO_npp_d20151003_t1731466_e1737270_b20378_c20151003233728467298_noaa_ops.h5,SVI04_npp_d20151003_t1731466_e1737270_b20378_c20151003233728541959_noaa_ops.dspace_rad,VNFF_npp_d20151003_t1731466_e1737270_b20378_v21.csv,World_EEZ_v8_2014.shp,WPP_BFAR_merge.shp,KKP_IDN_merge_20161208.shp,VNF-VBD_npp_20120301-20151231_global_asia-enhanced_c201607211230.bitmask,NCEI_NGA.union.nga_lead2.add_2015ntl.mask,timezone.shp,VBD_platforms-recurring_2015_r20170330.shp,999999,VBD_bridges_c20160811.shp,9.202956;7.293124;4.987635;0.117751;-4.766567;-9.662423;-14.566307;-12.781590;-10.252750;-5.421471;-0.565886;4.309883,106.389061;120.204430;133.795395;132.636734;131.583801;130.626740;129.763702;115.696312;101.762085;103.094223;104.302101;105.397919,npp_d20151003_t1731466_e1737270_b20378,144.017,112.3,58.7334,-82.4811,52.5516,56.6595
1430,VBD_npp_d20151003_t1736280_x1261713E_y106248S_l2533_s3458_v23,2017-06-01 16:11:27,-10.624845,126.171310,343.281,2015-10-03 17:36:28,2015-10-04 01:36:28,2533,3458,0.377877,4,100837,1.40688,0.129536,0.878287,0.4,0.97572,0.75,0.0209303,0.0001,0.000307486,999999,1.181407e-01,3,Joint Development Area Australia - East Timor,,,SVDNB_npp_d20151003_t1731466_e1737270_b20378_c20151003233728467558_noaa_ops.h5,GDNBO_npp_d20151003_t1731466_e1737270_b20378_c20151003233728467298_noaa_ops.h5,SVI04_npp_d20151003_t1731466_e1737270_b20378_c20151003233728541959_noaa_ops.dspace_rad,VNFF_npp_d20151003_t1731466_e1737270_b20378_v21.csv,World_EEZ_v8_2014.shp,WPP_BFAR_merge.shp,KKP_IDN_merge_20161208.shp,VNF-VBD_npp_20120301-20151231_global_asia-enhanced_c201607211230.bitmask,NCEI_NGA.union.nga_lead2.add_2015ntl.mask,timezone.shp,VBD_platforms-recurring_2015_r20170330.shp,999999,VBD_bridges_c20160811.shp,9.202956;7.293124;4.987635;0.117751;-4.766567;-9.662423;-14.566307;-12.781590;-10.252750;-5.421471;-0.565886;4.309883,106.389061;120.204430;133.795395;132.636734;131.583801;130.626740;129.763702;115.696312;101.762085;103.094223;104.302101;105.397919,npp_d20151003_t1731466_e1737270_b20378,143.998,112.331,58.7755,-82.9516,52.5598,56.6348
1431,VBD_npp_d20151003_t1736067_x1264953E_y094695S_l2352_s3471_v23,2017-06-01 16:11:27,-9.469496,126.495277,2.55807,2015-10-03 17:36:06,2015-10-04 01:36:06,2352,3471,0.361873,1,2273,0.176813,0.171636,0.582166,0.4,0.848757,0.75,0.0213672,0.0001,0.000340076,999999,-3.201465e-01,3,East Timor Exclusive Economic Zone,,,SVDNB_npp_d20151003_t1731466_e1737270_b20378_c20151003233728467558_noaa_ops.h5,GDNBO_npp_d20151003_t1731466_e1737270_b20378_c20151003233728467298_noaa_ops.h5,SVI04_npp_d20151003_t1731466_e1737270_b20378_c20151003233728541959_noaa_ops.dspace_rad,VNFF_npp_d20151003_t1731466_e1737270_b20378_v21.csv,World_EEZ_v8_2014.shp,WPP_BFAR_merge.shp,KKP_IDN_merge_20161208.shp,VNF-VBD_npp_20120301-20151231_global_asia-enhanced_c201607211230.bitmask,NCEI_NGA.union.nga_lead2.add_2015ntl.mask,timezone.shp,VBD_platforms-recurring_2015_r20170330.shp,999999,VBD_bridges_c20160811.shp,9.202956;7.293124;4.987635;0.117751;-4.766567;-9.662423;-14.566307;-12.781590;-10.252750;-5.421471;-0.565886;4.309883,106.389061;120.204430;133.795395;132.636734;131.583801;130.626740;129.763702;115.696312;101.762085;103.094223;104.302101;105.397919,npp_d20151003_t1731466_e1737270_b20378,144.206,110.687,59.0696,-82.3387,51.7246,57.2645
1432,VBD_npp_d20151003_t1737161_x1260055E_y135398S_l2976_s3512_v23,2017-06-01 16:11:27,-13.539760,126.005478,3.8624,2015-10-03 17:37:16,2015-10-04 01:37:16,2976,3512,0.379086,1,2529,0.284528,0.182691,0.729543,0.4,0.885078,0.75,0.0198238,0.0001,9.20531e-05,999999,-2.652864e-02,3,Australian Exclusive Economic Zone,,,SVDNB_npp_d20151003_t1731466_e1737270_b20378_c20151003233728467558_noaa_ops.h5,GDNBO_npp_d20151003_t1731466_e1737270_b20378_c20151003233728467298_noaa_ops.h5,SVI04_npp_d20151003_t1731466_e1737270_b20378_c20151003233728541959_noaa_ops.dspace_rad,VNFF_npp_d20151003_t1731466_e1737270_b20378_v21.csv,World_EEZ_v8_2014.shp,WPP_BFAR_merge.shp,KKP_IDN_merge_20161208.shp,VNF-VBD_npp_20120301-20151231_global_asia-enhanced_c201607211230.bitmask,NCEI_NGA.union.nga_lead2.add_2015ntl.mask,timezone.shp,VBD_platforms-recurring_2015_r20170330.shp,999999,VBD_bridges_c20160811.shp,9.202956;7.293124;4.987635;0.117751;-4.766567;-9.662423;-14.566307;-12.781590;-10.252750;-5.421471;-0.565886;4.309883,106.389061;120.204430;133.795395;132.636734;131.583801;130.626740;129.763702;115.696312;101.762085;103.094223;104.302101;105.397919,npp_d20151003_t1731466_e1737270_b20378,142.775,115.887,60.0009,-83.0104,54.1972,54.7767
1433,VBD_npp_d20151003_t1737179_x1260060E_y135413S_l2977_s3513_v23,2017-06-01 16:11:27,-13.541302,126.006020,4.03369,2015-10-03 17:37:17,2015-10-04 01:37:17,2977,3513,0.379086,1,2529,0.279079,0.176007,0.729543,0.4,0.925783,0.75,0.019827,0.0001,0.000112516,999999,2.810073e-02,3,Australian Exclusive Economic Zone,,,SVDNB_npp_d20151003_t1731466_e1737270_b20378_c20151003233728467558_noaa_ops.h5,GDNBO_npp_d20151003_t1731466_e1737270_b20378_c20151003233728467298_noaa_ops.h5,SVI04_npp_d20151003_t1731466_e1737270_b20378_c20151003233728541959_noaa_ops.dspace_rad,VNFF_npp_d20151003_t1731466_e1737270_b20378_v21.csv,World_EEZ_v8_2014.shp,WPP_BFAR_merge.shp,KKP_IDN_merge_20161208.shp,VNF-VBD_npp_20120301-20151231_global_asia-enhanced_c201607211230.bitmask,NCEI_NGA.union.nga_lead2.add_2015ntl.mask,timezone.shp,VBD_platforms-recurring_2015_r20170330.shp,999999,VBD_bridges_c20160811.shp,9.202956;7.293124;4.987635;0.117751;-4.766567;-9.662423;-14.566307;-12.781590;-10.252750;-5.421471;-0.565886;4.309883,106.389061;120.204430;133.795395;132.636734;131.583801;130.626740;129.763702;115.696312;101.762085;103.094223;104.302101;105.397919,npp_d20151003_t1731466_e1737270_b20378,142.768,115.883,60.0248,-83.6144,54.1919,54.7708
1434,VBD_npp_d20151003_t1736352_x1265296E_y111210S_l2601_s3522_v23,2017-06-01 16:11:27,-11.120955,126.529556,3.01531,2015-10-03 17:36:35,2015-10-04 01:36:35,2601,3522,0.369697,1,35041,0.174226,0.13758,0.497458,0.4,0.764703,0.75,0.0209406,0.0001,0.000191665,999999,3.439698e-02,3,Joint Development Area Australia - East Timor,,,SVDNB_npp_d20151003_t1731466_e1737270_b20378_c20151003233728467558_noaa_ops.h5,GDNBO_npp_d20151003_t1731466_e1737270_b20378_c20151003233728467298_noaa_ops.h5,SVI04_npp_d20151003_t1731466_e1737270_b20378_c20151003233728541959_noaa_ops.dspace_rad,VNFF_npp_d20151003_t1731466_e1737270_b20378_v21.csv,World_EEZ_v8_2014.shp,WPP_BFAR_merge.shp,KKP_IDN_merge_20161208.shp,VNF-VBD_npp_20120301-20151231_global_asia-enhanced_c201607211230.bitmask,NCEI_NGA.union.nga_lead2.add_2015ntl.mask,timezone.shp,VBD_platforms-recurring_2015_r20170330.shp,999999,VBD_bridges_c20160811.shp,9.202956;7.293124;4.987635;0.117751;-4.766567;-9.662423;-14.566307;-12.781590;-10.252750;-5.421471;-0.565886;4.309883,106.389061;120.204430;133.795395;132.636734;131.583801;130.626740;129.763702;115.696312;101.762085;103.094223;104.302101;105.397919,npp_d20151003_t1731466_e1737270_b20378,143.456,112.683,60.2055,-82.9353,52.518,56.0707
1435,VBD_npp_d20151003_t1736334_x1266174E_y110467S_l2588_s3532_v23,2017-06-01 16:11:27,-11.046686,126.617401,40.4752,2015-10-03 17:36:33,2015-10-04 01:36:33,2588,3532,0.375032,4,117221,0.73081,0.056212,0.844278,0.4,0.877927,0.75,0.02101,0.0001,0.000179491,999999,8.814732e-01,3,Joint Development Area Australia - East Timor,,,SVDNB_npp_d20151003_t1731466_e1737270_b20378_c20151003233728467558_noaa_ops.h5,GDNBO_npp_d20151003_t1731466_e1737270_b20378_c20151003233728467298_noaa_ops.h5,SVI04_npp_d20151003_t1731466_e1737270_b20378_c20151003233728541959_noaa_ops.dspace_rad,VNFF_npp_d20151003_t1731466_e1737270_b20378_v21.csv,World_EEZ_v8_2014.shp,WPP_BFAR_merge.shp,KKP_IDN_merge_20161208.shp,VNF-VBD_npp_20120301-20151231_global_asia-enhanced_c201607211230.bitmask,NCEI_NGA.union.nga_lead2.add_2015ntl.mask,timezone.shp,VBD_platforms-recurring_2015_r20170330.shp,0.386409,VBD_bridges_c20160811.shp,9.202956;7.293124;4.987635;0.117751;-4.766567;-9.662423;-14.566307;-12.781590;-10.252750;-5.421471;-0.565886;4.309883,106.389061;120.204430;133.795395;132.636734;131.583801;130.626740;129.763702;115.696312;101.762085;103.094223;104.302101;105.397919,npp_d20151003_t1731466_e1737270_b20378,143.411,112.534,60.4266,-82.8175,52.4097,56.0689
1436,VBD_npp_d20151003_t1736334_x1266147E_y110675S_l2591_s3532_v23,2017-06-01 16:11:27,-11.067469,126.614738,2384.15,2015-10-03 17:36:33,2015-10-04 01:36:33,2591,3532,0.426886,4,100837,1.86544,0.0564736,0.844995,0.4,0.98906,0.75,0.0210014,0.0001,0.000171706,999999,8.787498e-01,3,Joint Development Area Australia - East Timor,,,SVDNB_npp_d20151003_t1731466_e1737270_b20378_c20151003233728467558_noaa_ops.h5,GDNBO_npp_d20151003_t1731466_e1737270_b20378_c20151003233728467298_noaa_ops.h5,SVI04_npp_d20151003_t1731466_e1737270_b20378_c20151003233728541959_noaa_ops.dspace_rad,VNFF_npp_d20151003_t1731466_e1737270_b20378_v21.csv,World_EEZ_v8_2014.shp,WPP_BFAR_merge.shp,KKP_IDN_merge_20161208.shp,VNF-VBD_npp_20120301-20151231_global_asia-enhanced_c201607211230.bitmask,NCEI_NGA.union.nga_lead2.add_2015ntl.mask,timezone.shp,VBD_platforms-recurring_2015_r20170330.shp,999999,VBD_bridges_c20160811.shp,9.202956;7.293124;4.987635;0.117751;-4.766567;-9.662423;-14.566307;-12.781590;-10.252750;-5.421471;-0.565886;4.309883,106.389061;120.204430;133.795395;132.636734;131.583801;130.626740;129.763702;115.696312;101.762085;103.094223;104.302101;105.397919,npp_d20151003_t1731466_e1737270_b20378,143.406,112.562,60.4267,-82.7003,52.4236,56.057
1437,VBD_npp_d20151003_t1736352_x1266123E_y110748S_l2593_s3533_v23,2017-06-01 16:11:27,-11.074759,126.612251,14.1627,2015-10-03 17:36:35,2015-10-04 01:36:35,2593,3533,0.373111,4,100517,0.131573,0.0566263,0.844995,0.4,0.442829,0.75,0.0209988,0.0001,0.000204206,999999,8.771602e-01,3,Joint Development Area Australia - East Timor,,,SVDNB_npp_d20151003_t1731466_e1737270_b20378_c20151003233728467558_noaa_ops.h5,GDNBO_npp_d20151003_t1731466_e1737270_b20378_c20151003233728467298_noaa_ops.h5,SVI04_npp_d20151003_t1731466_e1737270_b20378_c20151003233728541959_noaa_ops.dspace_rad,VNFF_npp_d20151003_t1731466_e1737270_b20378_v21.csv,World_EEZ_v8_2014.shp,WPP_BFAR_merge.shp,KKP_IDN_merge_20161208.shp,VNF-VBD_npp_20120301-20151231_global_asia-enhanced_c201607211230.bitmask,NCEI_NGA.union.nga_lead2.add_2015ntl.mask,timezone.shp,VBD_platforms-recurring_2015_r20170330.shp,999999,VBD_bridges_c20160811.shp,9.202956;7.293124;4.987635;0.117751;-4.766567;-9.662423;-14.566307;-12.781590;-10.252750;-5.421471;-0.565886;4.309883,106.389061;120.204430;133.795395;132.636734;131.583801;130.626740;129.763702;115.696312;101.762085;103.094223;104.302101;105.397919,npp_d20151003_t1731466_e1737270_b20378,143.399,112.568,60.4436,-83.2626,52.4239,56.0493
1438,VBD_npp_d20151003_t1736334_x1266841E_y110761S_l2591_s3542_v23,2017-06-01 16:11:27,-11.076146,126.684120,5.88713,2015-10-03 17:36:33,2015-10-04 01:36:33,2591,3542,0.372685,11,51681,0.28138,0.124472,0.766112,0.4,0.78032,0.75,0.0210333,0.0001,0.000163313,999999,1.708550e-01,3,Joint Development Area Australia - East Timor,,,SVDNB_npp_d20151003_t1731466_e1737270_b20378_c20151003233728467558_noaa_ops.h5,GDNBO_npp_d20151003_t1731466_e1737270_b20378_c20151003233728467298_noaa_ops.h5,SVI04_npp_d20151003_t1731466_e1737270_b20378_c20151003233728541959_noaa_ops.dspace_rad,VNFF_npp_d20151003_t1731466_e1737270_b20378_v21.csv,World_EEZ_v8_2014.shp,WPP_BFAR_merge.shp,KKP_IDN_merge_20161208.shp,VNF-VBD_npp_20120301-20151231_global_asia-enhanced_c201607211230.bitmask,NCEI_NGA.union.nga_lead2.add_2015ntl.mask,timezone.shp,VBD_platforms-recurring_2015_r20170330.shp,0.153457,VBD_bridges_c20160811.shp,9.202956;7.293124;4.987635;0.117751;-4.766567;-9.662423;-14.566307;-12.781590;-10.252750;-5.421471;-0.565886;4.309883,106.389061;120.204430;133.795395;132.636734;131.583801;130.626740;129.763702;115.696312;101.762085;103.094223;104.302101;105.397919,npp_d20151003_t1731466_e1737270_b20378,143.34,112.524,60.6428,-82.7144,52.3714,56.0078
1,VBD_npp_d20151003_t1737374_x1016831E_y108674S_l0095_s0014_v23,2017-06-01 16:13:39,-10.867389,101.683067,6.01469,2015-10-03 17:37:37,2015-10-04 00:37:37,95,14,0.330575,1,2529,0.256499,0.11375,0.653075,0.4,0.883027,0.75,0.00712772,0.0001,1.5022e-94,999999,-2.331192e-02,3,,,,SVDNB_npp_d20151003_t1737283_e1743087_b20378_c20151003234309540091_noaa_ops.h5,GDNBO_npp_d20151003_t1737283_e1743087_b20378_c20151003234309539841_noaa_ops.h5,SVI04_npp_d20151003_t1737283_e1743087_b20378_c20151003234309594975_noaa_ops.dspace_rad,VNFF_npp_d20151003_t1737283_e1743087_b20378_v21.csv,World_EEZ_v8_2014.shp,WPP_BFAR_merge.shp,KKP_IDN_merge_20161208.shp,VNF-VBD_npp_20120301-20151231_global_asia-enhanced_c201607211230.bitmask,NCEI_NGA.union.nga_lead2.add_2015ntl.mask,timezone.shp,VBD_platforms-recurring_2015_r20170330.shp,999999,VBD_bridges_c20160811.shp,-10.249906;-12.787003;-14.564583;-19.474276;-24.385818;-29.296652;-34.204510;-32.767742;-29.209150;-24.540928;-19.819284;-15.054309,101.755608;115.688324;129.758179;128.981232;128.298676;127.725327;127.256531;110.630569;94.775307;96.830475;98.655983;100.290199,npp_d20151003_t1737283_e1743087_b20378,162.699,149.009,70.0661,101.668,73.8918,67.0613
2,VBD_npp_d20151003_t1737321_x1018001E_y104867S_l0035_s0016_v23,2017-06-01 16:13:39,-10.486665,101.800079,5.46476,2015-10-03 17:37:32,2015-10-04 00:37:32,35,16,0.329437,1,2529,0.26791,0.11375,0.623969,0.4,0.923875,0.75,0.00729122,0.0001,5.17267e-93,999999,-5.844683e-02,3,,,,SVDNB_npp_d20151003_t1737283_e1743087_b20378_c20151003234309540091_noaa_ops.h5,GDNBO_npp_d20151003_t1737283_e1743087_b20378_c20151003234309539841_noaa_ops.h5,SVI04_npp_d20151003_t1737283_e1743087_b20378_c20151003234309594975_noaa_ops.dspace_rad,VNFF_npp_d20151003_t1737283_e1743087_b20378_v21.csv,World_EEZ_v8_2014.shp,WPP_BFAR_merge.shp,KKP_IDN_merge_20161208.shp,VNF-VBD_npp_20120301-20151231_global_asia-enhanced_c201607211230.bitmask,NCEI_NGA.union.nga_lead2.add_2015ntl.mask,timezone.shp,VBD_platforms-recurring_2015_r20170330.shp,999999,VBD_bridges_c20160811.shp,-10.249906;-12.787003;-14.564583;-19.474276;-24.385818;-29.296652;-34.204510;-32.767742;-29.209150;-24.540928;-19.819284;-15.054309,101.755608;115.688324;129.758179;128.981232;128.298676;127.725327;127.256531;110.630569;94.775307;96.830475;98.655983;100.290199,npp_d20151003_t1737283_e1743087_b20378,162.975,148.091,70.0386,101.914,73.6561,67.1405
3,VBD_npp_d20151003_t1738219_x1010160E_y133697S_l0492_s0026_v23,2017-06-01 16:13:39,-13.369731,101.016014,6.33824,2015-10-03 17:38:21,2015-10-04 00:38:21,492,26,0.341529,1,2529,0.289329,0.11375,0.602458,0.4,0.886896,0.75,0.00614253,0.0001,3.00924e-101,999999,-5.641956e-02,3,,,,SVDNB_npp_d20151003_t1737283_e1743087_b20378_c20151003234309540091_noaa_ops.h5,GDNBO_npp_d20151003_t1737283_e1743087_b20378_c20151003234309539841_noaa_ops.h5,SVI04_npp_d20151003_t1737283_e1743087_b20378_c20151003234309594975_noaa_ops.dspace_rad,VNFF_npp_d20151003_t1737283_e1743087_b20378_v21.csv,World_EEZ_v8_2014.shp,WPP_BFAR_merge.shp,KKP_IDN_merge_20161208.shp,VNF-VBD_npp_20120301-20151231_global_asia-enhanced_c201607211230.bitmask,NCEI_NGA.union.nga_lead2.add_2015ntl.mask,timezone.shp,VBD_platforms-recurring_2015_r20170330.shp,999999,VBD_bridges_c20160811.shp,-10.249906;-12.787003;-14.564583;-19.474276;-24.385818;-29.296652;-34.204510;-32.767742;-29.209150;-24.540928;-19.819284;-15.054309,101.755608;115.688324;129.758179;128.981232;128.298676;127.725327;127.256531;110.630569;94.775307;96.830475;98.655983;100.290199,npp_d20151003_t1737283_e1743087_b20378,160.723,153.977,69.8979,102.481,75.3228,66.5455
4,VBD_npp_d20151003_t1737374_x1017973E_y108552S_l0090_s0029_v23,2017-06-01 16:13:39,-10.855192,101.797272,11.351,2015-10-03 17:37:37,2015-10-04 00:37:37,90,29,0.332994,1,2529,0.519816,0.11375,0.810193,0.4,0.90652,0.75,0.00719539,0.0001,1.3918e-92,999999,-3.023083e-02,3,,,,SVDNB_npp_d20151003_t1737283_e1743087_b20378_c20151003234309540091_noaa_ops.h5,GDNBO_npp_d20151003_t1737283_e1743087_b20378_c20151003234309539841_noaa_ops.h5,SVI04_npp_d20151003_t1737283_e1743087_b20378_c20151003234309594975_noaa_ops.dspace_rad,VNFF_npp_d20151003_t1737283_e1743087_b20378_v21.csv,World_EEZ_v8_2014.shp,WPP_BFAR_merge.shp,KKP_IDN_merge_20161208.shp,VNF-VBD_npp_20120301-20151231_global_asia-enhanced_c201607211230.bitmask,NCEI_NGA.union.nga_lead2.add_2015ntl.mask,timezone.shp,VBD_platforms-recurring_2015_r20170330.shp,999999,VBD_bridges_c20160811.shp,-10.249906;-12.787003;-14.564583;-19.474276;-24.385818;-29.296652;-34.204510;-32.767742;-29.209150;-24.540928;-19.819284;-15.054309,101.755608;115.688324;129.758179;128.981232;128.298676;127.725327;127.256531;110.630569;94.775307;96.830475;98.655983;100.290199,npp_d20151003_t1737283_e1743087_b20378,162.652,148.659,69.8301,101.788,73.7833,67.0298
5,VBD_npp_d20151003_t1737392_x1017686E_y109347S_l0103_s0029_v23,2017-06-01 16:13:39,-10.934735,101.768570,3.42148,2015-10-03 17:37:39,2015-10-04 00:37:39,103,29,0.341245,1,2273,0.124684,0.11375,0.542977,0.4,0.761736,0.75,0.00716154,0.0001,7.70914e-93,999999,8.685033e-02,3,,,,SVDNB_npp_d20151003_t1737283_e1743087_b20378_c20151003234309540091_noaa_ops.h5,GDNBO_npp_d20151003_t1737283_e1743087_b20378_c20151003234309539841_noaa_ops.h5,SVI04_npp_d20151003_t1737283_e1743087_b20378_c20151003234309594975_noaa_ops.dspace_rad,VNFF_npp_d20151003_t1737283_e1743087_b20378_v21.csv,World_EEZ_v8_2014.shp,WPP_BFAR_merge.shp,KKP_IDN_merge_20161208.shp,VNF-VBD_npp_20120301-20151231_global_asia-enhanced_c201607211230.bitmask,NCEI_NGA.union.nga_lead2.add_2015ntl.mask,timezone.shp,VBD_platforms-recurring_2015_r20170330.shp,999999,VBD_bridges_c20160811.shp,-10.249906;-12.787003;-14.564583;-19.474276;-24.385818;-29.296652;-34.204510;-32.767742;-29.209150;-24.540928;-19.819284;-15.054309,101.755608;115.688324;129.758179;128.981232;128.298676;127.725327;127.256531;110.630569;94.775307;96.830475;98.655983;100.290199,npp_d20151003_t1737283_e1743087_b20378,162.594,148.852,69.8386,101.901,73.8341,67.0138
6,VBD_npp_d20151003_t1738273_x1011502E_y137049S_l0538_s0058_v23,2017-06-01 16:13:39,-13.704904,101.150185,3.3857,2015-10-03 17:38:27,2015-10-04 00:38:27,538,58,0.340747,3,2241,0.128632,0.11375,0.362691,0.4,0.897117,0.75,0.00618936,0.0001,4.12538e-98,999999,-1.026998e-01,3,,,,SVDNB_npp_d20151003_t1737283_e1743087_b20378_c20151003234309540091_noaa_ops.h5,GDNBO_npp_d20151003_t1737283_e1743087_b20378_c20151003234309539841_noaa_ops.h5,SVI04_npp_d20151003_t1737283_e1743087_b20378_c20151003234309594975_noaa_ops.dspace_rad,VNFF_npp_d20151003_t1737283_e1743087_b20378_v21.csv,World_EEZ_v8_2014.shp,WPP_BFAR_merge.shp,KKP_IDN_merge_20161208.shp,VNF-VBD_npp_20120301-20151231_global_asia-enhanced_c201607211230.bitmask,NCEI_NGA.union.nga_lead2.add_2015ntl.mask,timezone.shp,VBD_platforms-recurring_2015_r20170330.shp,999999,VBD_bridges_c20160811.shp,-10.249906;-12.787003;-14.564583;-19.474276;-24.385818;-29.296652;-34.204510;-32.767742;-29.209150;-24.540928;-19.819284;-15.054309,101.755608;115.688324;129.758179;128.981232;128.298676;127.725327;127.256531;110.630569;94.775307;96.830475;98.655983;100.290199,npp_d20151003_t1737283_e1743087_b20378,160.355,153.97,69.4033,102.577,75.3179,66.4064
7,VBD_npp_d20151003_t1738219_x1013646E_y134664S_l0495_s0077_v23,2017-06-01 16:13:39,-13.466384,101.364624,5.80834,2015-10-03 17:38:21,2015-10-04 00:38:21,495,77,0.341103,1,2529,0.290733,0.11375,0.539368,0.4,0.915777,0.75,0.00631308,0.0001,5.06144e-95,999999,-8.156120e-02,3,,,,SVDNB_npp_d20151003_t1737283_e1743087_b20378_c20151003234309540091_noaa_ops.h5,GDNBO_npp_d20151003_t1737283_e1743087_b20378_c20151003234309539841_noaa_ops.h5,SVI04_npp_d20151003_t1737283_e1743087_b20378_c20151003234309594975_noaa_ops.dspace_rad,VNFF_npp_d20151003_t1737283_e1743087_b20378_v21.csv,World_EEZ_v8_2014.shp,WPP_BFAR_merge.shp,KKP_IDN_merge_20161208.shp,VNF-VBD_npp_20120301-20151231_global_asia-enhanced_c201607211230.bitmask,NCEI_NGA.union.nga_lead2.add_2015ntl.mask,timezone.shp,VBD_platforms-recurring_2015_r20170330.shp,999999,VBD_bridges_c20160811.shp,-10.249906;-12.787003;-14.564583;-19.474276;-24.385818;-29.296652;-34.204510;-32.767742;-29.209150;-24.540928;-19.819284;-15.054309,101.755608;115.688324;129.758179;128.981232;128.298676;127.725327;127.256531;110.630569;94.775307;96.830475;98.655983;100.290199,npp_d20151003_t1737283_e1743087_b20378,160.485,153.156,69.1108,102.313,75.0494,66.4015
8,VBD_npp_d20151003_t1738308_x1013935E_y139578S_l0568_s0101_v23,2017-06-01 16:13:39,-13.957835,101.393486,3.26333,2015-10-03 17:38:30,2015-10-04 00:38:30,568,101,0.342952,3,2241,0.104977,0.102259,0.376932,0.4,0.876659,0.75,0.00630019,0.0001,2.18271e-93,999999,3.767627e-02,3,,,,SVDNB_npp_d20151003_t1737283_e1743087_b20378_c20151003234309540091_noaa_ops.h5,GDNBO_npp_d20151003_t1737283_e1743087_b20378_c20151003234309539841_noaa_ops.h5,SVI04_npp_d20151003_t1737283_e1743087_b20378_c20151003234309594975_noaa_ops.dspace_rad,VNFF_npp_d20151003_t1737283_e1743087_b20378_v21.csv,World_EEZ_v8_2014.shp,WPP_BFAR_merge.shp,KKP_IDN_merge_20161208.shp,VNF-VBD_npp_20120301-20151231_global_asia-enhanced_c201607211230.bitmask,NCEI_NGA.union.nga_lead2.add_2015ntl.mask,timezone.shp,VBD_platforms-recurring_2015_r20170330.shp,999999,VBD_bridges_c20160811.shp,-10.249906;-12.787003;-14.564583;-19.474276;-24.385818;-29.296652;-34.204510;-32.767742;-29.209150;-24.540928;-19.819284;-15.054309,101.755608;115.688324;129.758179;128.981232;128.298676;127.725327;127.256531;110.630569;94.775307;96.830475;98.655983;100.290199,npp_d20151003_t1737283_e1743087_b20378,160.017,153.595,68.7194,102.623,75.1898,66.2516
11,VBD_npp_d20151003_t1738130_x1018867E_y129801S_l0406_s0127_v23,2017-06-01 16:13:39,-12.980105,101.886703,3.97525,2015-10-03 17:38:13,2015-10-04 00:38:13,406,127,0.342525,1,2529,0.188436,0.111101,0.436311,0.4,0.91848,0.75,0.00672113,0.0001,2.71638e-87,999999,-8.588386e-02,3,,,,SVDNB_npp_d20151003_t1737283_e1743087_b20378_c20151003234309540091_noaa_ops.h5,GDNBO_npp_d20151003_t1737283_e1743087_b20378_c20151003234309539841_noaa_ops.h5,SVI04_npp_d20151003_t1737283_e1743087_b20378_c20151003234309594975_noaa_ops.dspace_rad,VNFF_npp_d20151003_t1737283_e1743087_b20378_v21.csv,World_EEZ_v8_2014.shp,WPP_BFAR_merge.shp,KKP_IDN_merge_20161208.shp,VNF-VBD_npp_20120301-20151231_global_asia-enhanced_c201607211230.bitmask,NCEI_NGA.union.nga_lead2.add_2015ntl.mask,timezone.shp,VBD_platforms-recurring_2015_r20170330.shp,999999,VBD_bridges_c20160811.shp,-10.249906;-12.787003;-14.564583;-19.474276;-24.385818;-29.296652;-34.204510;-32.767742;-29.209150;-24.540928;-19.819284;-15.054309,101.755608;115.688324;129.758179;128.981232;128.298676;127.725327;127.256531;110.630569;94.775307;96.830475;98.655983;100.290199,npp_d20151003_t1737283_e1743087_b20378,160.695,151.217,68.2896,102.345,74.4181,66.3646
19,VBD_npp_d20151003_t1737285_x1103803E_y119433S_l0007_s1257_v23,2017-06-01 16:13:39,-11.943322,110.380325,2.48551,2015-10-03 17:37:28,2015-10-04 00:37:28,7,1257,0.389827,1,2529,0.215164,0.138266,0.597232,0.4,0.936951,0.75,0.0118928,0.0001,8.44974e-19,999999,5.733704e-02,3,,,,SVDNB_npp_d20151003_t1737283_e1743087_b20378_c20151003234309540091_noaa_ops.h5,GDNBO_npp_d20151003_t1737283_e1743087_b20378_c20151003234309539841_noaa_ops.h5,SVI04_npp_d20151003_t1737283_e1743087_b20378_c20151003234309594975_noaa_ops.dspace_rad,VNFF_npp_d20151003_t1737283_e1743087_b20378_v21.csv,World_EEZ_v8_2014.shp,WPP_BFAR_merge.shp,KKP_IDN_merge_20161208.shp,VNF-VBD_npp_20120301-20151231_global_asia-enhanced_c201607211230.bitmask,NCEI_NGA.union.nga_lead2.add_2015ntl.mask,timezone.shp,VBD_platforms-recurring_2015_r20170330.shp,999999,VBD_bridges_c20160811.shp,-10.249906;-12.787003;-14.564583;-19.474276;-24.385818;-29.296652;-34.204510;-32.767742;-29.209150;-24.540928;-19.819284;-15.054309,101.755608;115.688324;129.758179;128.981232;128.298676;127.725327;127.256531;110.630569;94.775307;96.830475;98.655983;100.290199,npp_d20151003_t1737283_e1743087_b20378,156.384,131.552,39.5406,100.13,66.5772,63.6384
113,VBD_npp_d20151003_t1737285_x1233128E_y138921S_l0006_s3144_v23,2017-06-01 16:13:39,-13.892121,123.312813,54.2017,2015-10-03 17:37:28,2015-10-04 01:37:28,6,3144,0.393028,1,36321,1.16982,0.310799,0.91773,0.4,0.981666,0.75,0.0184307,0.0001,0.000495907,999999,1.336454e-01,3,Australian Exclusive Economic Zone,,,SVDNB_npp_d20151003_t1737283_e1743087_b20378_c20151003234309540091_noaa_ops.h5,GDNBO_npp_d20151003_t1737283_e1743087_b20378_c20151003234309539841_noaa_ops.h5,SVI04_npp_d20151003_t1737283_e1743087_b20378_c20151003234309594975_noaa_ops.dspace_rad,VNFF_npp_d20151003_t1737283_e1743087_b20378_v21.csv,World_EEZ_v8_2014.shp,WPP_BFAR_merge.shp,KKP_IDN_merge_20161208.shp,VNF-VBD_npp_20120301-20151231_global_asia-enhanced_c201607211230.bitmask,NCEI_NGA.union.nga_lead2.add_2015ntl.mask,timezone.shp,VBD_platforms-recurring_2015_r20170330.shp,999999,VBD_bridges_c20160811.shp,-10.249906;-12.787003;-14.564583;-19.474276;-24.385818;-29.296652;-34.204510;-32.767742;-29.209150;-24.540928;-19.819284;-15.054309,101.755608;115.688324;129.758179;128.981232;128.298676;127.725327;127.256531;110.630569;94.775307;96.830475;98.655983;100.290199,npp_d20151003_t1737283_e1743087_b20378,144.896,118.548,50.6488,-82.9073,56.5352,56.2315
26,VBD_npp_d20151003_t1913280_x0962723E_y062831N_l2687_s2272_v23,2017-06-01 16:16:04,6.283116,96.272293,3.43781,2015-10-03 19:13:28,2015-10-04 02:13:28,2687,2272,0.337902,2,2465,0.207341,0.159048,0.53866,0.4,0.732404,0.75,0.0213558,0.0001,0.00202503,999999,-1.360897e-02,3,Indonesian Exclusive Economic Zone,WPP571,,SVDNB_npp_d20151003_t1908306_e1914110_b20379_c20151004011411684829_noaa_ops.h5,GDNBO_npp_d20151003_t1908306_e1914110_b20379_c20151004011411684577_noaa_ops.h5,SVI04_npp_d20151003_t1908306_e1914110_b20379_c20151004011412382962_noaa_ops.dspace_rad,VNFF_npp_d20151003_t1908306_e1914110_b20379_v21.csv,World_EEZ_v8_2014.shp,WPP_BFAR_merge.shp,KKP_IDN_merge_20161208.shp,VNF-VBD_npp_20120301-20151231_global_asia-enhanced_c201607211230.bitmask,NCEI_NGA.union.nga_lead2.add_2015ntl.mask,timezone.shp,VBD_platforms-recurring_2015_r20170330.shp,999999,VBD_bridges_c20160811.shp,25.640045;24.079651;21.102854;16.324032;11.511562;6.671830;1.810134;4.020473;6.006778;10.901870;15.807323;20.719898,83.680374;98.801964;113.308250;111.670303;110.194870;108.863319;107.657715;94.102837;80.376114;81.340813;82.213333;83.001831,npp_d20151003_t1908306_e1914110_b20379,152.639,86.6892,13.7217,-79.2835,51.0455,71.6214
60,VBD_npp_d20151003_t1913387_x0969496E_y055525N_l2779_s2393_v23,2017-06-01 16:16:04,5.552510,96.949600,2.77173,2015-10-03 19:13:38,2015-10-04 02:13:38,2779,2393,0.431368,1,2529,0.209217,0.152146,0.578412,0.4,0.829447,0.75,0.0215986,0.0001,0.00467071,999999,5.063342e-02,3,Indonesian Exclusive Economic Zone,WPP571,,SVDNB_npp_d20151003_t1908306_e1914110_b20379_c20151004011411684829_noaa_ops.h5,GDNBO_npp_d20151003_t1908306_e1914110_b20379_c20151004011411684577_noaa_ops.h5,SVI04_npp_d20151003_t1908306_e1914110_b20379_c20151004011412382962_noaa_ops.dspace_rad,VNFF_npp_d20151003_t1908306_e1914110_b20379_v21.csv,World_EEZ_v8_2014.shp,WPP_BFAR_merge.shp,KKP_IDN_merge_20161208.shp,VNF-VBD_npp_20120301-20151231_global_asia-enhanced_c201607211230.bitmask,NCEI_NGA.union.nga_lead2.add_2015ntl.mask,timezone.shp,VBD_platforms-recurring_2015_r20170330.shp,999999,VBD_bridges_c20160811.shp,25.640045;24.079651;21.102854;16.324032;11.511562;6.671830;1.810134;4.020473;6.006778;10.901870;15.807323;20.719898,83.680374;98.801964;113.308250;111.670303;110.194870;108.863319;107.657715;94.102837;80.376114;81.340813;82.213333;83.001831,npp_d20151003_t1908306_e1914110_b20379,151.955,88.2145,20.3482,-80.4755,50.5968,70.9243
142,VBD_npp_d20151003_t1913334_x0978391E_y057401N_l2730_s2515_v23,2017-06-01 16:16:04,5.740132,97.839119,19.8287,2015-10-03 19:13:33,2015-10-04 02:13:33,2730,2515,0.312864,4,18917,0.525713,0.166954,0.660892,0.4,0.820432,0.75,0.0221324,0.0001,0.00867875,999999,-8.922546e-02,3,Indonesian Exclusive Economic Zone,WPP571,,SVDNB_npp_d20151003_t1908306_e1914110_b20379_c20151004011411684829_noaa_ops.h5,GDNBO_npp_d20151003_t1908306_e1914110_b20379_c20151004011411684577_noaa_ops.h5,SVI04_npp_d20151003_t1908306_e1914110_b20379_c20151004011412382962_noaa_ops.dspace_rad,VNFF_npp_d20151003_t1908306_e1914110_b20379_v21.csv,World_EEZ_v8_2014.shp,WPP_BFAR_merge.shp,KKP_IDN_merge_20161208.shp,VNF-VBD_npp_20120301-20151231_global_asia-enhanced_c201607211230.bitmask,NCEI_NGA.union.nga_lead2.add_2015ntl.mask,timezone.shp,VBD_platforms-recurring_2015_r20170330.shp,0.703843,VBD_bridges_c20160811.shp,25.640045;24.079651;21.102854;16.324032;11.511562;6.671830;1.810134;4.020473;6.006778;10.901870;15.807323;20.719898,83.680374;98.801964;113.308250;111.670303;110.194870;108.863319;107.657715;94.102837;80.376114;81.340813;82.213333;83.001831,npp_d20151003_t1908306_e1914110_b20379,151.086,88.0066,26.5542,-80.6172,49.7095,70.9197
143,VBD_npp_d20151003_t1913031_x0983273E_y074667N_l2463_s2527_v23,2017-06-01 16:16:04,7.466747,98.327286,15.8,2015-10-03 19:13:03,2015-10-04 02:13:03,2463,2527,0.41643,1,2529,0.706809,0.166002,0.860914,0.4,0.933157,0.75,0.0225933,0.0001,0.0102753,999999,-8.034959e-02,3,Thailand Exclusive Economic Zone,,,SVDNB_npp_d20151003_t1908306_e1914110_b20379_c20151004011411684829_noaa_ops.h5,GDNBO_npp_d20151003_t1908306_e1914110_b20379_c20151004011411684577_noaa_ops.h5,SVI04_npp_d20151003_t1908306_e1914110_b20379_c20151004011412382962_noaa_ops.dspace_rad,VNFF_npp_d20151003_t1908306_e1914110_b20379_v21.csv,World_EEZ_v8_2014.shp,WPP_BFAR_merge.shp,KKP_IDN_merge_20161208.shp,VNF-VBD_npp_20120301-20151231_global_asia-enhanced_c201607211230.bitmask,NCEI_NGA.union.nga_lead2.add_2015ntl.mask,timezone.shp,VBD_platforms-recurring_2015_r20170330.shp,999999,VBD_bridges_c20160811.shp,25.640045;24.079651;21.102854;16.324032;11.511562;6.671830;1.810134;4.020473;6.006778;10.901870;15.807323;20.719898,83.680374;98.801964;113.308250;111.670303;110.194870;108.863319;107.657715;94.102837;80.376114;81.340813;82.213333;83.001831,npp_d20151003_t1908306_e1914110_b20379,150.621,84.9965,27.152,-79.8952,48.8093,72.3082
144,VBD_npp_d20151003_t1913013_x0983913E_y076061N_l2441_s2532_v23,2017-06-01 16:16:04,7.606110,98.391304,12.3795,2015-10-03 19:13:01,2015-10-04 02:13:01,2441,2532,0.418422,8,18913,0.592883,0.166494,0.869105,0.4,0.896374,0.75,0.0226542,0.0001,0.0110072,999999,-8.493859e-02,3,Thailand Exclusive Economic Zone,,,SVDNB_npp_d20151003_t1908306_e1914110_b20379_c20151004011411684829_noaa_ops.h5,GDNBO_npp_d20151003_t1908306_e1914110_b20379_c20151004011411684577_noaa_ops.h5,SVI04_npp_d20151003_t1908306_e1914110_b20379_c20151004011412382962_noaa_ops.dspace_rad,VNFF_npp_d20151003_t1908306_e1914110_b20379_v21.csv,World_EEZ_v8_2014.shp,WPP_BFAR_merge.shp,KKP_IDN_merge_20161208.shp,VNF-VBD_npp_20120301-20151231_global_asia-enhanced_c201607211230.bitmask,NCEI_NGA.union.nga_lead2.add_2015ntl.mask,timezone.shp,VBD_platforms-recurring_2015_r20170330.shp,0.219752,VBD_bridges_c20160811.shp,25.640045;24.079651;21.102854;16.324032;11.511562;6.671830;1.810134;4.020473;6.006778;10.901870;15.807323;20.719898,83.680374;98.801964;113.308250;111.670303;110.194870;108.863319;107.657715;94.102837;80.376114;81.340813;82.213333;83.001831,npp_d20151003_t1908306_e1914110_b20379,150.553,84.7666,27.3874,-80.5838,48.7122,72.4197
145,VBD_npp_d20151003_t1913067_x0983253E_y072923N_l2489_s2533_v23,2017-06-01 16:16:04,7.292253,98.325294,27.554,2015-10-03 19:13:06,2015-10-04 02:13:06,2489,2533,0.425677,1,2529,0.825143,0.144236,0.900151,0.4,0.937067,0.75,0.0225621,0.0001,0.0107556,999999,1.224898e-01,3,Thailand Exclusive Economic Zone,,,SVDNB_npp_d20151003_t1908306_e1914110_b20379_c20151004011411684829_noaa_ops.h5,GDNBO_npp_d20151003_t1908306_e1914110_b20379_c20151004011411684577_noaa_ops.h5,SVI04_npp_d20151003_t1908306_e1914110_b20379_c20151004011412382962_noaa_ops.dspace_rad,VNFF_npp_d20151003_t1908306_e1914110_b20379_v21.csv,World_EEZ_v8_2014.shp,WPP_BFAR_merge.shp,KKP_IDN_merge_20161208.shp,VNF-VBD_npp_20120301-20151231_global_asia-enhanced_c201607211230.bitmask,NCEI_NGA.union.nga_lead2.add_2015ntl.mask,timezone.shp,VBD_platforms-recurring_2015_r20170330.shp,999999,VBD_bridges_c20160811.shp,25.640045;24.079651;21.102854;16.324032;11.511562;6.671830;1.810134;4.020473;6.006778;10.901870;15.807323;20.719898,83.680374;98.801964;113.308250;111.670303;110.194870;108.863319;107.657715;94.102837;80.376114;81.340813;82.213333;83.001831,npp_d20151003_t1908306_e1914110_b20379,150.623,85.3089,27.4385,-80.6124,48.8514,72.1574
146,VBD_npp_d20151003_t1913067_x0983285E_y072713N_l2492_s2534_v23,2017-06-01 16:16:04,7.271331,98.328522,45.9918,2015-10-03 19:13:06,2015-10-04 02:13:06,2492,2534,0.423259,8,18913,0.958804,0.1482,0.900338,0.4,0.950836,0.75,0.0225595,0.0001,0.0105696,999999,8.555615e-02,3,Thailand Exclusive Economic Zone,,,SVDNB_npp_d20151003_t1908306_e1914110_b20379_c20151004011411684829_noaa_ops.h5,GDNBO_npp_d20151003_t1908306_e1914110_b20379_c20151004011411684577_noaa_ops.h5,SVI04_npp_d20151003_t1908306_e1914110_b20379_c20151004011412382962_noaa_ops.dspace_rad,VNFF_npp_d20151003_t1908306_e1914110_b20379_v21.csv,World_EEZ_v8_2014.shp,WPP_BFAR_merge.shp,KKP_IDN_merge_20161208.shp,VNF-VBD_npp_20120301-20151231_global_asia-enhanced_c201607211230.bitmask,NCEI_NGA.union.nga_lead2.add_2015ntl.mask,timezone.shp,VBD_platforms-recurring_2015_r20170330.shp,0.392366,VBD_bridges_c20160811.shp,25.640045;24.079651;21.102854;16.324032;11.511562;6.671830;1.810134;4.020473;6.006778;10.901870;15.807323;20.719898,83.680374;98.801964;113.308250;111.670303;110.194870;108.863319;107.657715;94.102837;80.376114;81.340813;82.213333;83.001831,npp_d20151003_t1908306_e1914110_b20379,150.622,85.3469,27.4859,-80.2733,48.8548,72.1391
147,VBD_npp_d20151003_t1913013_x0984185E_y076084N_l2440_s2536_v23,2017-06-01 16:16:04,7.608424,98.418533,16.4128,2015-10-03 19:13:01,2015-10-04 02:13:01,2440,2536,0.417355,1,2529,0.68249,0.153631,0.868045,0.4,0.930572,0.75,0.0226702,0.0001,0.0112345,999999,3.493924e-02,3,Thailand Exclusive Economic Zone,,,SVDNB_npp_d20151003_t1908306_e1914110_b20379_c20151004011411684829_noaa_ops.h5,GDNBO_npp_d20151003_t1908306_e1914110_b20379_c20151004011411684577_noaa_ops.h5,SVI04_npp_d20151003_t1908306_e1914110_b20379_c20151004011412382962_noaa_ops.dspace_rad,VNFF_npp_d20151003_t1908306_e1914110_b20379_v21.csv,World_EEZ_v8_2014.shp,WPP_BFAR_merge.shp,KKP_IDN_merge_20161208.shp,VNF-VBD_npp_20120301-20151231_global_asia-enhanced_c201607211230.bitmask,NCEI_NGA.union.nga_lead2.add_2015ntl.mask,timezone.shp,VBD_platforms-recurring_2015_r20170330.shp,999999,VBD_bridges_c20160811.shp,25.640045;24.079651;21.102854;16.324032;11.511562;6.671830;1.810134;4.020473;6.006778;10.901870;15.807323;20.719898,83.680374;98.801964;113.308250;111.670303;110.194870;108.863319;107.657715;94.102837;80.376114;81.340813;82.213333;83.001831,npp_d20151003_t1908306_e1914110_b20379,150.526,84.7705,27.5752,-80.6939,48.6855,72.418
148,VBD_npp_d20151003_t1913067_x0983438E_y072824N_l2490_s2536_v23,2017-06-01 16:16:04,7.282410,98.343781,41.1635,2015-10-03 19:13:06,2015-10-04 02:13:06,2490,2536,0.420485,1,2529,0.990211,0.145848,0.900953,0.4,0.948154,0.75,0.0225706,0.0001,0.0107907,999999,1.074704e-01,3,Thailand Exclusive Economic Zone,,,SVDNB_npp_d20151003_t1908306_e1914110_b20379_c20151004011411684829_noaa_ops.h5,GDNBO_npp_d20151003_t1908306_e1914110_b20379_c20151004011411684577_noaa_ops.h5,SVI04_npp_d20151003_t1908306_e1914110_b20379_c20151004011412382962_noaa_ops.dspace_rad,VNFF_npp_d20151003_t1908306_e1914110_b20379_v21.csv,World_EEZ_v8_2014.shp,WPP_BFAR_merge.shp,KKP_IDN_merge_20161208.shp,VNF-VBD_npp_20120301-20151231_global_asia-enhanced_c201607211230.bitmask,NCEI_NGA.union.nga_lead2.add_2015ntl.mask,timezone.shp,VBD_platforms-recurring_2015_r20170330.shp,999999,VBD_bridges_c20160811.shp,25.640045;24.079651;21.102854;16.324032;11.511562;6.671830;1.810134;4.020473;6.006778;10.901870;15.807323;20.719898,83.680374;98.801964;113.308250;111.670303;110.194870;108.863319;107.657715;94.102837;80.376114;81.340813;82.213333;83.001831,npp_d20151003_t1908306_e1914110_b20379,150.606,85.3314,27.5794,-80.4982,48.8368,72.1463
149,VBD_npp_d20151003_t1913031_x0985240E_y074282N_l2464_s2557_v23,2017-06-01 16:16:04,7.428164,98.523994,21.1509,2015-10-03 19:13:03,2015-10-04 02:13:03,2464,2557,0.4202,1,2529,0.78454,0.153865,0.88849,0.4,0.954054,0.75,0.0226962,0.0001,0.0112811,999999,3.275988e-02,3,Thailand Exclusive Economic Zone,,,SVDNB_npp_d20151003_t1908306_e1914110_b20379_c20151004011411684829_noaa_ops.h5,GDNBO_npp_d20151003_t1908306_e1914110_b20379_c20151004011411684577_noaa_ops.h5,SVI04_npp_d20151003_t1908306_e1914110_b20379_c20151004011412382962_noaa_ops.dspace_rad,VNFF_npp_d20151003_t1908306_e1914110_b20379_v21.csv,World_EEZ_v8_2014.shp,WPP_BFAR_merge.shp,KKP_IDN_merge_20161208.shp,VNF-VBD_npp_20120301-20151231_global_asia-enhanced_c201607211230.bitmask,NCEI_NGA.union.nga_lead2.add_2015ntl.mask,timezone.shp,VBD_platforms-recurring_2015_r20170330.shp,999999,VBD_bridges_c20160811.shp,25.640045;24.079651;21.102854;16.324032;11.511562;6.671830;1.810134;4.020473;6.006778;10.901870;15.807323;20.719898,83.680374;98.801964;113.308250;111.670303;110.194870;108.863319;107.657715;94.102837;80.376114;81.340813;82.213333;83.001831,npp_d20151003_t1908306_e1914110_b20379,150.43,85.1198,28.5658,-79.8188,48.6333,72.2472
150,VBD_npp_d20151003_t1912578_x0986043E_y077396N_l2416_s2558_v23,2017-06-01 16:16:04,7.739586,98.604263,26.6953,2015-10-03 19:12:57,2015-10-04 02:12:57,2416,2558,0.421338,8,18913,0.856268,0.150317,0.873539,0.4,0.916864,0.75,0.0227945,0.0001,0.0116311,999999,6.581990e-02,3,Thailand Exclusive Economic Zone,,,SVDNB_npp_d20151003_t1908306_e1914110_b20379_c20151004011411684829_noaa_ops.h5,GDNBO_npp_d20151003_t1908306_e1914110_b20379_c20151004011411684577_noaa_ops.h5,SVI04_npp_d20151003_t1908306_e1914110_b20379_c20151004011412382962_noaa_ops.dspace_rad,VNFF_npp_d20151003_t1908306_e1914110_b20379_v21.csv,World_EEZ_v8_2014.shp,WPP_BFAR_merge.shp,KKP_IDN_merge_20161208.shp,VNF-VBD_npp_20120301-20151231_global_asia-enhanced_c201607211230.bitmask,NCEI_NGA.union.nga_lead2.add_2015ntl.mask,timezone.shp,VBD_platforms-recurring_2015_r20170330.shp,0.523915,VBD_bridges_c20160811.shp,25.640045;24.079651;21.102854;16.324032;11.511562;6.671830;1.810134;4.020473;6.006778;10.901870;15.807323;20.719898,83.680374;98.801964;113.308250;111.670303;110.194870;108.863319;107.657715;94.102837;80.376114;81.340813;82.213333;83.001831,npp_d20151003_t1908306_e1914110_b20379,150.345,84.5907,28.615,-79.7891,48.4817,72.5077
151,VBD_npp_d20151003_t1912596_x0985893E_y076958N_l2423_s2558_v23,2017-06-01 16:16:04,7.695751,98.589333,15.9328,2015-10-03 19:12:59,2015-10-04 02:12:59,2423,2558,0.419418,1,2529,0.660348,0.143162,0.867203,0.4,0.933473,0.75,0.0227807,0.0001,0.0122667,999999,1.324994e-01,3,Thailand Exclusive Economic Zone,,,SVDNB_npp_d20151003_t1908306_e1914110_b20379_c20151004011411684829_noaa_ops.h5,GDNBO_npp_d20151003_t1908306_e1914110_b20379_c20151004011411684577_noaa_ops.h5,SVI04_npp_d20151003_t1908306_e1914110_b20379_c20151004011412382962_noaa_ops.dspace_rad,VNFF_npp_d20151003_t1908306_e1914110_b20379_v21.csv,World_EEZ_v8_2014.shp,WPP_BFAR_merge.shp,KKP_IDN_merge_20161208.shp,VNF-VBD_npp_20120301-20151231_global_asia-enhanced_c201607211230.bitmask,NCEI_NGA.union.nga_lead2.add_2015ntl.mask,timezone.shp,VBD_platforms-recurring_2015_r20170330.shp,999999,VBD_bridges_c20160811.shp,25.640045;24.079651;21.102854;16.324032;11.511562;6.671830;1.810134;4.020473;6.006778;10.901870;15.807323;20.719898,83.680374;98.801964;113.308250;111.670303;110.194870;108.863319;107.657715;94.102837;80.376114;81.340813;82.213333;83.001831,npp_d20151003_t1908306_e1914110_b20379,150.356,84.6652,28.6092,-80.7809,48.5025,72.4708
152,VBD_npp_d20151003_t1912596_x0986027E_y077347N_l2417_s2559_v23,2017-06-01 16:16:04,7.734717,98.602699,31.3665,2015-10-03 19:12:59,2015-10-04 02:12:59,2417,2559,0.414865,8,18913,0.920769,0.151496,0.877197,0.4,0.964518,0.75,0.0227961,0.0001,0.012815,999999,5.483529e-02,3,Thailand Exclusive Economic Zone,,,SVDNB_npp_d20151003_t1908306_e1914110_b20379_c20151004011411684829_noaa_ops.h5,GDNBO_npp_d20151003_t1908306_e1914110_b20379_c20151004011411684577_noaa_ops.h5,SVI04_npp_d20151003_t1908306_e1914110_b20379_c20151004011412382962_noaa_ops.dspace_rad,VNFF_npp_d20151003_t1908306_e1914110_b20379_v21.csv,World_EEZ_v8_2014.shp,WPP_BFAR_merge.shp,KKP_IDN_merge_20161208.shp,VNF-VBD_npp_20120301-20151231_global_asia-enhanced_c201607211230.bitmask,NCEI_NGA.union.nga_lead2.add_2015ntl.mask,timezone.shp,VBD_platforms-recurring_2015_r20170330.shp,0.429182,VBD_bridges_c20160811.shp,25.640045;24.079651;21.102854;16.324032;11.511562;6.671830;1.810134;4.020473;6.006778;10.901870;15.807323;20.719898,83.680374;98.801964;113.308250;111.670303;110.194870;108.863319;107.657715;94.102837;80.376114;81.340813;82.213333;83.001831,npp_d20151003_t1908306_e1914110_b20379,150.34,84.601,28.6591,-81.4313,48.4779,72.5027
154,VBD_npp_d20151003_t1913031_x0985518E_y074304N_l2463_s2561_v23,2017-06-01 16:16:04,7.430376,98.551750,29.0583,2015-10-03 19:13:03,2015-10-04 02:13:03,2463,2561,0.421836,1,2529,0.859037,0.138557,0.901358,0.4,0.930422,0.75,0.0227121,0.0001,0.0115035,999999,1.754221e-01,3,Thailand Exclusive Economic Zone,,,SVDNB_npp_d20151003_t1908306_e1914110_b20379_c20151004011411684829_noaa_ops.h5,GDNBO_npp_d20151003_t1908306_e1914110_b20379_c20151004011411684577_noaa_ops.h5,SVI04_npp_d20151003_t1908306_e1914110_b20379_c20151004011412382962_noaa_ops.dspace_rad,VNFF_npp_d20151003_t1908306_e1914110_b20379_v21.csv,World_EEZ_v8_2014.shp,WPP_BFAR_merge.shp,KKP_IDN_merge_20161208.shp,VNF-VBD_npp_20120301-20151231_global_asia-enhanced_c201607211230.bitmask,NCEI_NGA.union.nga_lead2.add_2015ntl.mask,timezone.shp,VBD_platforms-recurring_2015_r20170330.shp,999999,VBD_bridges_c20160811.shp,25.640045;24.079651;21.102854;16.324032;11.511562;6.671830;1.810134;4.020473;6.006778;10.901870;15.807323;20.719898,83.680374;98.801964;113.308250;111.670303;110.194870;108.863319;107.657715;94.102837;80.376114;81.340813;82.213333;83.001831,npp_d20151003_t1908306_e1914110_b20379,150.402,85.1236,28.7535,-79.9291,48.6061,72.2451
156,VBD_npp_d20151003_t1913049_x0985496E_y073771N_l2471_s2563_v23,2017-06-01 16:16:04,7.377081,98.549606,38.8727,2015-10-03 19:13:04,2015-10-04 02:13:04,2471,2563,0.421694,1,2529,0.938888,0.182632,0.927948,0.4,0.950769,0.75,0.0227033,0.0001,0.0121274,999999,-2.353284e-01,3,Thailand Exclusive Economic Zone,,,SVDNB_npp_d20151003_t1908306_e1914110_b20379_c20151004011411684829_noaa_ops.h5,GDNBO_npp_d20151003_t1908306_e1914110_b20379_c20151004011411684577_noaa_ops.h5,SVI04_npp_d20151003_t1908306_e1914110_b20379_c20151004011412382962_noaa_ops.dspace_rad,VNFF_npp_d20151003_t1908306_e1914110_b20379_v21.csv,World_EEZ_v8_2014.shp,WPP_BFAR_merge.shp,KKP_IDN_merge_20161208.shp,VNF-VBD_npp_20120301-20151231_global_asia-enhanced_c201607211230.bitmask,NCEI_NGA.union.nga_lead2.add_2015ntl.mask,timezone.shp,VBD_platforms-recurring_2015_r20170330.shp,999999,VBD_bridges_c20160811.shp,25.640045;24.079651;21.102854;16.324032;11.511562;6.671830;1.810134;4.020473;6.006778;10.901870;15.807323;20.719898,83.680374;98.801964;113.308250;111.670303;110.194870;108.863319;107.657715;94.102837;80.376114;81.340813;82.213333;83.001831,npp_d20151003_t1908306_e1914110_b20379,150.402,85.2185,28.8468,-80.7974,48.6177,72.1985
157,VBD_npp_d20151003_t1913049_x0985440E_y073436N_l2476_s2563_v23,2017-06-01 16:16:04,7.343637,98.544044,25.1072,2015-10-03 19:13:04,2015-10-04 02:13:04,2476,2563,0.428025,1,2529,0.845158,0.144334,0.924254,0.4,0.957238,0.75,0.0226934,0.0001,0.0117111,999999,1.215763e-01,3,Thailand Exclusive Economic Zone,,,SVDNB_npp_d20151003_t1908306_e1914110_b20379_c20151004011411684829_noaa_ops.h5,GDNBO_npp_d20151003_t1908306_e1914110_b20379_c20151004011411684577_noaa_ops.h5,SVI04_npp_d20151003_t1908306_e1914110_b20379_c20151004011412382962_noaa_ops.dspace_rad,VNFF_npp_d20151003_t1908306_e1914110_b20379_v21.csv,World_EEZ_v8_2014.shp,WPP_BFAR_merge.shp,KKP_IDN_merge_20161208.shp,VNF-VBD_npp_20120301-20151231_global_asia-enhanced_c201607211230.bitmask,NCEI_NGA.union.nga_lead2.add_2015ntl.mask,timezone.shp,VBD_platforms-recurring_2015_r20170330.shp,999999,VBD_bridges_c20160811.shp,25.640045;24.079651;21.102854;16.324032;11.511562;6.671830;1.810134;4.020473;6.006778;10.901870;15.807323;20.719898,83.680374;98.801964;113.308250;111.670303;110.194870;108.863319;107.657715;94.102837;80.376114;81.340813;82.213333;83.001831,npp_d20151003_t1908306_e1914110_b20379,150.41,85.2757,28.847,-80.2579,48.6334,72.1705
158,VBD_npp_d20151003_t1913120_x0984465E_y069265N_l2540_s2563_v23,2017-06-01 16:16:04,6.926528,98.446548,30.9026,2015-10-03 19:13:12,2015-10-04 02:13:12,2540,2563,0.418066,1,2529,0.847811,0.175058,0.859531,0.4,0.882721,0.75,0.0225627,0.0001,0.0112865,999999,-1.647427e-01,3,Thailand Exclusive Economic Zone,,,SVDNB_npp_d20151003_t1908306_e1914110_b20379_c20151004011411684829_noaa_ops.h5,GDNBO_npp_d20151003_t1908306_e1914110_b20379_c20151004011411684577_noaa_ops.h5,SVI04_npp_d20151003_t1908306_e1914110_b20379_c20151004011412382962_noaa_ops.dspace_rad,VNFF_npp_d20151003_t1908306_e1914110_b20379_v21.csv,World_EEZ_v8_2014.shp,WPP_BFAR_merge.shp,KKP_IDN_merge_20161208.shp,VNF-VBD_npp_20120301-20151231_global_asia-enhanced_c201607211230.bitmask,NCEI_NGA.union.nga_lead2.add_2015ntl.mask,timezone.shp,VBD_platforms-recurring_2015_r20170330.shp,999999,VBD_bridges_c20160811.shp,25.640045;24.079651;21.102854;16.324032;11.511562;6.671830;1.810134;4.020473;6.006778;10.901870;15.807323;20.719898,83.680374;98.801964;113.308250;111.670303;110.194870;108.863319;107.657715;94.102837;80.376114;81.340813;82.213333;83.001831,npp_d20151003_t1908306_e1914110_b20379,150.509,85.9922,28.847,-80.293,48.8295,71.824
159,VBD_npp_d20151003_t1913049_x0985753E_y074073N_l2466_s2566_v23,2017-06-01 16:16:04,7.407261,98.575272,32.6416,2015-10-03 19:13:04,2015-10-04 02:13:04,2466,2566,0.421054,2,2465,0.750487,0.168528,0.902767,0.4,0.579393,0.75,0.0227237,0.0001,0.0126685,999999,-1.038899e-01,3,Thailand Exclusive Economic Zone,,,SVDNB_npp_d20151003_t1908306_e1914110_b20379_c20151004011411684829_noaa_ops.h5,GDNBO_npp_d20151003_t1908306_e1914110_b20379_c20151004011411684577_noaa_ops.h5,SVI04_npp_d20151003_t1908306_e1914110_b20379_c20151004011412382962_noaa_ops.dspace_rad,VNFF_npp_d20151003_t1908306_e1914110_b20379_v21.csv,World_EEZ_v8_2014.shp,WPP_BFAR_merge.shp,KKP_IDN_merge_20161208.shp,VNF-VBD_npp_20120301-20151231_global_asia-enhanced_c201607211230.bitmask,NCEI_NGA.union.nga_lead2.add_2015ntl.mask,timezone.shp,VBD_platforms-recurring_2015_r20170330.shp,999999,VBD_bridges_c20160811.shp,25.640045;24.079651;21.102854;16.324032;11.511562;6.671830;1.810134;4.020473;6.006778;10.901870;15.807323;20.719898,83.680374;98.801964;113.308250;111.670303;110.194870;108.863319;107.657715;94.102837;80.376114;81.340813;82.213333;83.001831,npp_d20151003_t1908306_e1914110_b20379,150.374,85.1727,28.9902,-81.3317,48.5839,72.2207
161,VBD_npp_d20151003_t1912578_x0986734E_y077831N_l2408_s2567_v23,2017-06-01 16:16:04,7.783050,98.673363,9.01962,2015-10-03 19:12:57,2015-10-04 02:12:57,2408,2567,0.417284,1,2529,0.493289,0.139861,0.820694,0.4,0.898042,0.75,0.0228418,0.0001,0.0126394,999999,1.632609e-01,3,Thailand Exclusive Economic Zone,,,SVDNB_npp_d20151003_t1908306_e1914110_b20379_c20151004011411684829_noaa_ops.h5,GDNBO_npp_d20151003_t1908306_e1914110_b20379_c20151004011411684577_noaa_ops.h5,SVI04_npp_d20151003_t1908306_e1914110_b20379_c20151004011412382962_noaa_ops.dspace_rad,VNFF_npp_d20151003_t1908306_e1914110_b20379_v21.csv,World_EEZ_v8_2014.shp,WPP_BFAR_merge.shp,KKP_IDN_merge_20161208.shp,VNF-VBD_npp_20120301-20151231_global_asia-enhanced_c201607211230.bitmask,NCEI_NGA.union.nga_lead2.add_2015ntl.mask,timezone.shp,VBD_platforms-recurring_2015_r20170330.shp,999999,VBD_bridges_c20160811.shp,25.640045;24.079651;21.102854;16.324032;11.511562;6.671830;1.810134;4.020473;6.006778;10.901870;15.807323;20.719898,83.680374;98.801964;113.308250;111.670303;110.194870;108.863319;107.657715;94.102837;80.376114;81.340813;82.213333;83.001831,npp_d20151003_t1908306_e1914110_b20379,150.273,84.5356,29.0366,-80.6514,48.4025,72.536
162,VBD_npp_d20151003_t1913031_x0985930E_y074304N_l2462_s2567_v23,2017-06-01 16:16:04,7.430353,98.592987,1.94362,2015-10-03 19:13:03,2015-10-04 02:13:03,2462,2567,0.420058,7,18593,0.131809,0.114299,0.846067,0.4,0.65632,0.75,0.0227351,0.0001,0.0117998,999999,4.014863e-01,3,,,,SVDNB_npp_d20151003_t1908306_e1914110_b20379_c20151004011411684829_noaa_ops.h5,GDNBO_npp_d20151003_t1908306_e1914110_b20379_c20151004011411684577_noaa_ops.h5,SVI04_npp_d20151003_t1908306_e1914110_b20379_c20151004011412382962_noaa_ops.dspace_rad,VNFF_npp_d20151003_t1908306_e1914110_b20379_v21.csv,World_EEZ_v8_2014.shp,WPP_BFAR_merge.shp,KKP_IDN_merge_20161208.shp,VNF-VBD_npp_20120301-20151231_global_asia-enhanced_c201607211230.bitmask,NCEI_NGA.union.nga_lead2.add_2015ntl.mask,timezone.shp,VBD_platforms-recurring_2015_r20170330.shp,0.848723,VBD_bridges_c20160811.shp,25.640045;24.079651;21.102854;16.324032;11.511562;6.671830;1.810134;4.020473;6.006778;10.901870;15.807323;20.719898,83.680374;98.801964;113.308250;111.670303;110.194870;108.863319;107.657715;94.102837;80.376114;81.340813;82.213333;83.001831,npp_d20151003_t1908306_e1914110_b20379,150.362,85.1351,29.0356,-80.0384,48.5667,72.2391
163,VBD_npp_d20151003_t1913049_x0985753E_y073660N_l2472_s2567_v23,2017-06-01 16:16:04,7.365982,98.575279,30.018,2015-10-03 19:13:04,2015-10-04 02:13:04,2472,2567,0.426033,1,2529,0.836726,0.147028,0.92254,0.4,0.941678,0.75,0.0227153,0.0001,0.0121922,999999,9.647665e-02,3,Thailand Exclusive Economic Zone,,,SVDNB_npp_d20151003_t1908306_e1914110_b20379_c20151004011411684829_noaa_ops.h5,GDNBO_npp_d20151003_t1908306_e1914110_b20379_c20151004011411684577_noaa_ops.h5,SVI04_npp_d20151003_t1908306_e1914110_b20379_c20151004011412382962_noaa_ops.dspace_rad,VNFF_npp_d20151003_t1908306_e1914110_b20379_v21.csv,World_EEZ_v8_2014.shp,WPP_BFAR_merge.shp,KKP_IDN_merge_20161208.shp,VNF-VBD_npp_20120301-20151231_global_asia-enhanced_c201607211230.bitmask,NCEI_NGA.union.nga_lead2.add_2015ntl.mask,timezone.shp,VBD_platforms-recurring_2015_r20170330.shp,999999,VBD_bridges_c20160811.shp,25.640045;24.079651;21.102854;16.324032;11.511562;6.671830;1.810134;4.020473;6.006778;10.901870;15.807323;20.719898,83.680374;98.801964;113.308250;111.670303;110.194870;108.863319;107.657715;94.102837;80.376114;81.340813;82.213333;83.001831,npp_d20151003_t1908306_e1914110_b20379,150.377,85.245,29.0351,-80.6864,48.5967,72.1852
164,VBD_npp_d20151003_t1913049_x0985708E_y073392N_l2476_s2567_v23,2017-06-01 16:16:04,7.339186,98.570816,9.9931,2015-10-03 19:13:04,2015-10-04 02:13:04,2476,2567,0.428025,1,2529,0.529713,0.148112,0.915293,0.4,0.934124,0.75,0.0227074,0.0001,0.0118552,999999,8.636957e-02,3,Thailand Exclusive Economic Zone,,,SVDNB_npp_d20151003_t1908306_e1914110_b20379_c20151004011411684829_noaa_ops.h5,GDNBO_npp_d20151003_t1908306_e1914110_b20379_c20151004011411684577_noaa_ops.h5,SVI04_npp_d20151003_t1908306_e1914110_b20379_c20151004011412382962_noaa_ops.dspace_rad,VNFF_npp_d20151003_t1908306_e1914110_b20379_v21.csv,World_EEZ_v8_2014.shp,WPP_BFAR_merge.shp,KKP_IDN_merge_20161208.shp,VNF-VBD_npp_20120301-20151231_global_asia-enhanced_c201607211230.bitmask,NCEI_NGA.union.nga_lead2.add_2015ntl.mask,timezone.shp,VBD_platforms-recurring_2015_r20170330.shp,999999,VBD_bridges_c20160811.shp,25.640045;24.079651;21.102854;16.324032;11.511562;6.671830;1.810134;4.020473;6.006778;10.901870;15.807323;20.719898,83.680374;98.801964;113.308250;111.670303;110.194870;108.863319;107.657715;94.102837;80.376114;81.340813;82.213333;83.001831,npp_d20151003_t1908306_e1914110_b20379,150.384,85.2908,29.0354,-80.2573,48.6092,72.1628
165,VBD_npp_d20151003_t1913049_x0985842E_y073783N_l2470_s2568_v23,2017-06-01 16:16:04,7.378280,98.584221,53.0019,2015-10-03 19:13:04,2015-10-04 02:13:04,2470,2568,0.42646,1,2529,1.04792,0.14262,0.91522,0.4,0.957459,0.75,0.0227227,0.0001,0.0124004,999999,1.375498e-01,3,Thailand Exclusive Economic Zone,,,SVDNB_npp_d20151003_t1908306_e1914110_b20379_c20151004011411684829_noaa_ops.h5,GDNBO_npp_d20151003_t1908306_e1914110_b20379_c20151004011411684577_noaa_ops.h5,SVI04_npp_d20151003_t1908306_e1914110_b20379_c20151004011412382962_noaa_ops.dspace_rad,VNFF_npp_d20151003_t1908306_e1914110_b20379_v21.csv,World_EEZ_v8_2014.shp,WPP_BFAR_merge.shp,KKP_IDN_merge_20161208.shp,VNF-VBD_npp_20120301-20151231_global_asia-enhanced_c201607211230.bitmask,NCEI_NGA.union.nga_lead2.add_2015ntl.mask,timezone.shp,VBD_platforms-recurring_2015_r20170330.shp,999999,VBD_bridges_c20160811.shp,25.640045;24.079651;21.102854;16.324032;11.511562;6.671830;1.810134;4.020473;6.006778;10.901870;15.807323;20.719898,83.680374;98.801964;113.308250;111.670303;110.194870;108.863319;107.657715;94.102837;80.376114;81.340813;82.213333;83.001831,npp_d20151003_t1908306_e1914110_b20379,150.367,85.2259,29.0826,-80.8998,48.5843,72.1945
166,VBD_npp_d20151003_t1913013_x0986452E_y075366N_l2445_s2571_v23,2017-06-01 16:16:04,7.536625,98.645180,2.37505,2015-10-03 19:13:01,2015-10-04 02:13:01,2445,2571,0.423828,1,2273,0.194515,0.143643,0.641878,0.4,0.84767,0.75,0.0227827,0.0001,0.0121335,999999,1.280240e-01,3,Thailand Exclusive Economic Zone,,,SVDNB_npp_d20151003_t1908306_e1914110_b20379_c20151004011411684829_noaa_ops.h5,GDNBO_npp_d20151003_t1908306_e1914110_b20379_c20151004011411684577_noaa_ops.h5,SVI04_npp_d20151003_t1908306_e1914110_b20379_c20151004011412382962_noaa_ops.dspace_rad,VNFF_npp_d20151003_t1908306_e1914110_b20379_v21.csv,World_EEZ_v8_2014.shp,WPP_BFAR_merge.shp,KKP_IDN_merge_20161208.shp,VNF-VBD_npp_20120301-20151231_global_asia-enhanced_c201607211230.bitmask,NCEI_NGA.union.nga_lead2.add_2015ntl.mask,timezone.shp,VBD_platforms-recurring_2015_r20170330.shp,999999,VBD_bridges_c20160811.shp,25.640045;24.079651;21.102854;16.324032;11.511562;6.671830;1.810134;4.020473;6.006778;10.901870;15.807323;20.719898,83.680374;98.801964;113.308250;111.670303;110.194870;108.863319;107.657715;94.102837;80.376114;81.340813;82.213333;83.001831,npp_d20151003_t1908306_e1914110_b20379,150.308,84.9617,29.2222,-80.1329,48.491,72.3244
167,VBD_npp_d20151003_t1913049_x0985988E_y073414N_l2475_s2571_v23,2017-06-01 16:16:04,7.341427,98.598808,3.15261,2015-10-03 19:13:04,2015-10-04 02:13:04,2475,2571,0.422548,1,2529,0.233431,0.180654,0.885208,0.4,0.841983,0.75,0.0227233,0.0001,0.0120838,999999,-2.168974e-01,3,Thailand Exclusive Economic Zone,,,SVDNB_npp_d20151003_t1908306_e1914110_b20379_c20151004011411684829_noaa_ops.h5,GDNBO_npp_d20151003_t1908306_e1914110_b20379_c20151004011411684577_noaa_ops.h5,SVI04_npp_d20151003_t1908306_e1914110_b20379_c20151004011412382962_noaa_ops.dspace_rad,VNFF_npp_d20151003_t1908306_e1914110_b20379_v21.csv,World_EEZ_v8_2014.shp,WPP_BFAR_merge.shp,KKP_IDN_merge_20161208.shp,VNF-VBD_npp_20120301-20151231_global_asia-enhanced_c201607211230.bitmask,NCEI_NGA.union.nga_lead2.add_2015ntl.mask,timezone.shp,VBD_platforms-recurring_2015_r20170330.shp,999999,VBD_bridges_c20160811.shp,25.640045;24.079651;21.102854;16.324032;11.511562;6.671830;1.810134;4.020473;6.006778;10.901870;15.807323;20.719898,83.680374;98.801964;113.308250;111.670303;110.194870;108.863319;107.657715;94.102837;80.376114;81.340813;82.213333;83.001831,npp_d20151003_t1908306_e1914110_b20379,150.356,85.2944,29.2237,-80.3634,48.5818,72.1606
178,VBD_npp_d20151003_t1912578_x0987543E_y078112N_l2402_s2578_v23,2017-06-01 16:16:04,7.811152,98.754318,11.8595,2015-10-03 19:12:57,2015-10-04 02:12:57,2402,2578,0.409459,1,2529,0.559303,0.159622,0.819525,0.4,0.90139,0.75,0.0228922,0.0001,0.0136072,999999,-2.089466e-02,3,Thailand Exclusive Economic Zone,,,SVDNB_npp_d20151003_t1908306_e1914110_b20379_c20151004011411684829_noaa_ops.h5,GDNBO_npp_d20151003_t1908306_e1914110_b20379_c20151004011411684577_noaa_ops.h5,SVI04_npp_d20151003_t1908306_e1914110_b20379_c20151004011412382962_noaa_ops.dspace_rad,VNFF_npp_d20151003_t1908306_e1914110_b20379_v21.csv,World_EEZ_v8_2014.shp,WPP_BFAR_merge.shp,KKP_IDN_merge_20161208.shp,VNF-VBD_npp_20120301-20151231_global_asia-enhanced_c201607211230.bitmask,NCEI_NGA.union.nga_lead2.add_2015ntl.mask,timezone.shp,VBD_platforms-recurring_2015_r20170330.shp,999999,VBD_bridges_c20160811.shp,25.640045;24.079651;21.102854;16.324032;11.511562;6.671830;1.810134;4.020473;6.006778;10.901870;15.807323;20.719898,83.680374;98.801964;113.308250;111.670303;110.194870;108.863319;107.657715;94.102837;80.376114;81.340813;82.213333;83.001831,npp_d20151003_t1908306_e1914110_b20379,150.19,84.511,29.5574,-81.2753,48.3166,72.5495
185,VBD_npp_d20151003_t1913049_x0986607E_y073381N_l2474_s2580_v23,2017-06-01 16:16:04,7.338071,98.660706,24.4663,2015-10-03 19:13:04,2015-10-04 02:13:04,2474,2580,0.42838,1,2529,0.813909,0.129102,0.869219,0.4,0.936741,0.75,0.0227567,0.0001,0.0124962,999999,2.635295e-01,3,Thailand Exclusive Economic Zone,,,SVDNB_npp_d20151003_t1908306_e1914110_b20379_c20151004011411684829_noaa_ops.h5,GDNBO_npp_d20151003_t1908306_e1914110_b20379_c20151004011411684577_noaa_ops.h5,SVI04_npp_d20151003_t1908306_e1914110_b20379_c20151004011412382962_noaa_ops.dspace_rad,VNFF_npp_d20151003_t1908306_e1914110_b20379_v21.csv,World_EEZ_v8_2014.shp,WPP_BFAR_merge.shp,KKP_IDN_merge_20161208.shp,VNF-VBD_npp_20120301-20151231_global_asia-enhanced_c201607211230.bitmask,NCEI_NGA.union.nga_lead2.add_2015ntl.mask,timezone.shp,VBD_platforms-recurring_2015_r20170330.shp,999999,VBD_bridges_c20160811.shp,25.640045;24.079651;21.102854;16.324032;11.511562;6.671830;1.810134;4.020473;6.006778;10.901870;15.807323;20.719898,83.680374;98.801964;113.308250;111.670303;110.194870;108.863319;107.657715;94.102837;80.376114;81.340813;82.213333;83.001831,npp_d20151003_t1908306_e1914110_b20379,150.295,85.317,29.648,-80.4657,48.5237,72.1486
191,VBD_npp_d20151003_t1913067_x0986536E_y072520N_l2487_s2582_v23,2017-06-01 16:16:04,7.251993,98.653618,31.5809,2015-10-03 19:13:06,2015-10-04 02:13:06,2487,2582,0.427811,1,2529,0.900392,0.144686,0.900243,0.4,0.951734,0.75,0.0227374,0.0001,0.012726,999999,1.182999e-01,3,Thailand Exclusive Economic Zone,,,SVDNB_npp_d20151003_t1908306_e1914110_b20379_c20151004011411684829_noaa_ops.h5,GDNBO_npp_d20151003_t1908306_e1914110_b20379_c20151004011411684577_noaa_ops.h5,SVI04_npp_d20151003_t1908306_e1914110_b20379_c20151004011412382962_noaa_ops.dspace_rad,VNFF_npp_d20151003_t1908306_e1914110_b20379_v21.csv,World_EEZ_v8_2014.shp,WPP_BFAR_merge.shp,KKP_IDN_merge_20161208.shp,VNF-VBD_npp_20120301-20151231_global_asia-enhanced_c201607211230.bitmask,NCEI_NGA.union.nga_lead2.add_2015ntl.mask,timezone.shp,VBD_platforms-recurring_2015_r20170330.shp,999999,VBD_bridges_c20160811.shp,25.640045;24.079651;21.102854;16.324032;11.511562;6.671830;1.810134;4.020473;6.006778;10.901870;15.807323;20.719898,83.680374;98.801964;113.308250;111.670303;110.194870;108.863319;107.657715;94.102837;80.376114;81.340813;82.213333;83.001831,npp_d20151003_t1908306_e1914110_b20379,150.302,85.4675,29.745,-80.7927,48.5504,72.0743
194,VBD_npp_d20151003_t1913013_x0987230E_y075028N_l2448_s2583_v23,2017-06-01 16:16:04,7.502837,98.722984,11.0653,2015-10-03 19:13:01,2015-10-04 02:13:01,2448,2583,0.423828,8,18913,0.552123,0.1475,0.814334,0.4,0.896683,0.75,0.0228186,0.0001,0.0123021,999999,9.207991e-02,3,Thailand Exclusive Economic Zone,,,SVDNB_npp_d20151003_t1908306_e1914110_b20379_c20151004011411684829_noaa_ops.h5,GDNBO_npp_d20151003_t1908306_e1914110_b20379_c20151004011411684577_noaa_ops.h5,SVI04_npp_d20151003_t1908306_e1914110_b20379_c20151004011412382962_noaa_ops.dspace_rad,VNFF_npp_d20151003_t1908306_e1914110_b20379_v21.csv,World_EEZ_v8_2014.shp,WPP_BFAR_merge.shp,KKP_IDN_merge_20161208.shp,VNF-VBD_npp_20120301-20151231_global_asia-enhanced_c201607211230.bitmask,NCEI_NGA.union.nga_lead2.add_2015ntl.mask,timezone.shp,VBD_platforms-recurring_2015_r20170330.shp,0.655497,VBD_bridges_c20160811.shp,25.640045;24.079651;21.102854;16.324032;11.511562;6.671830;1.810134;4.020473;6.006778;10.901870;15.807323;20.719898,83.680374;98.801964;113.308250;111.670303;110.194870;108.863319;107.657715;94.102837;80.376114;81.340813;82.213333;83.001831,npp_d20151003_t1908306_e1914110_b20379,150.234,85.0426,29.7897,-79.818,48.427,72.284
198,VBD_npp_d20151003_t1913067_x0986683E_y072565N_l2486_s2584_v23,2017-06-01 16:16:04,7.256501,98.668343,22.0839,2015-10-03 19:13:06,2015-10-04 02:13:06,2486,2584,0.425891,1,2529,0.769081,0.149356,0.910374,0.4,0.944895,0.75,0.0227464,0.0001,0.0128895,999999,7.478300e-02,3,Thailand Exclusive Economic Zone,,,SVDNB_npp_d20151003_t1908306_e1914110_b20379_c20151004011411684829_noaa_ops.h5,GDNBO_npp_d20151003_t1908306_e1914110_b20379_c20151004011411684577_noaa_ops.h5,SVI04_npp_d20151003_t1908306_e1914110_b20379_c20151004011412382962_noaa_ops.dspace_rad,VNFF_npp_d20151003_t1908306_e1914110_b20379_v21.csv,World_EEZ_v8_2014.shp,WPP_BFAR_merge.shp,KKP_IDN_merge_20161208.shp,VNF-VBD_npp_20120301-20151231_global_asia-enhanced_c201607211230.bitmask,NCEI_NGA.union.nga_lead2.add_2015ntl.mask,timezone.shp,VBD_platforms-recurring_2015_r20170330.shp,999999,VBD_bridges_c20160811.shp,25.640045;24.079651;21.102854;16.324032;11.511562;6.671830;1.810134;4.020473;6.006778;10.901870;15.807323;20.719898,83.680374;98.801964;113.308250;111.670303;110.194870;108.863319;107.657715;94.102837;80.376114;81.340813;82.213333;83.001831,npp_d20151003_t1908306_e1914110_b20379,150.287,85.4635,29.8397,-80.8954,48.535,72.076
200,VBD_npp_d20151003_t1912560_x0988117E_y078202N_l2399_s2585_v23,2017-06-01 16:16:04,7.820203,98.811668,6.22117,2015-10-03 19:12:56,2015-10-04 02:12:56,2399,2585,0.317487,8,18849,0.312551,0.183361,0.831915,0.4,0.732674,0.75,0.0229224,0.0001,0.0128124,999999,-2.421181e-01,3,Thailand Exclusive Economic Zone,,,SVDNB_npp_d20151003_t1908306_e1914110_b20379_c20151004011411684829_noaa_ops.h5,GDNBO_npp_d20151003_t1908306_e1914110_b20379_c20151004011411684577_noaa_ops.h5,SVI04_npp_d20151003_t1908306_e1914110_b20379_c20151004011412382962_noaa_ops.dspace_rad,VNFF_npp_d20151003_t1908306_e1914110_b20379_v21.csv,World_EEZ_v8_2014.shp,WPP_BFAR_merge.shp,KKP_IDN_merge_20161208.shp,VNF-VBD_npp_20120301-20151231_global_asia-enhanced_c201607211230.bitmask,NCEI_NGA.union.nga_lead2.add_2015ntl.mask,timezone.shp,VBD_platforms-recurring_2015_r20170330.shp,0.115342,VBD_bridges_c20160811.shp,25.640045;24.079651;21.102854;16.324032;11.511562;6.671830;1.810134;4.020473;6.006778;10.901870;15.807323;20.719898,83.680374;98.801964;113.308250;111.670303;110.194870;108.863319;107.657715;94.102837;80.376114;81.340813;82.213333;83.001831,npp_d20151003_t1908306_e1914110_b20379,150.14,84.5104,29.8862,-79.8995,48.2658,72.5506
201,VBD_npp_d20151003_t1913067_x0986650E_y071947N_l2495_s2585_v23,2017-06-01 16:16:04,7.194660,98.665039,20.5776,2015-10-03 19:13:06,2015-10-04 02:13:06,2495,2585,0.424681,1,2529,0.785416,0.163904,0.892047,0.4,0.954134,0.75,0.0227315,0.0001,0.0121254,999999,-6.079692e-02,3,Thailand Exclusive Economic Zone,,,SVDNB_npp_d20151003_t1908306_e1914110_b20379_c20151004011411684829_noaa_ops.h5,GDNBO_npp_d20151003_t1908306_e1914110_b20379_c20151004011411684577_noaa_ops.h5,SVI04_npp_d20151003_t1908306_e1914110_b20379_c20151004011412382962_noaa_ops.dspace_rad,VNFF_npp_d20151003_t1908306_e1914110_b20379_v21.csv,World_EEZ_v8_2014.shp,WPP_BFAR_merge.shp,KKP_IDN_merge_20161208.shp,VNF-VBD_npp_20120301-20151231_global_asia-enhanced_c201607211230.bitmask,NCEI_NGA.union.nga_lead2.add_2015ntl.mask,timezone.shp,VBD_platforms-recurring_2015_r20170330.shp,999999,VBD_bridges_c20160811.shp,25.640045;24.079651;21.102854;16.324032;11.511562;6.671830;1.810134;4.020473;6.006778;10.901870;15.807323;20.719898,83.680374;98.801964;113.308250;111.670303;110.194870;108.863319;107.657715;94.102837;80.376114;81.340813;82.213333;83.001831,npp_d20151003_t1908306_e1914110_b20379,150.295,85.5707,29.888,-79.9541,48.5574,72.0232
203,VBD_npp_d20151003_t1912578_x0988065E_y077888N_l2404_s2586_v23,2017-06-01 16:16:04,7.788790,98.806465,11.8758,2015-10-03 19:12:57,2015-10-04 02:12:57,2404,2586,0.415577,1,2529,0.574725,0.157466,0.84169,0.4,0.905789,0.75,0.022916,0.0001,0.0137393,999999,-7.991102e-04,3,Thailand Exclusive Economic Zone,,,SVDNB_npp_d20151003_t1908306_e1914110_b20379_c20151004011411684829_noaa_ops.h5,GDNBO_npp_d20151003_t1908306_e1914110_b20379_c20151004011411684577_noaa_ops.h5,SVI04_npp_d20151003_t1908306_e1914110_b20379_c20151004011412382962_noaa_ops.dspace_rad,VNFF_npp_d20151003_t1908306_e1914110_b20379_v21.csv,World_EEZ_v8_2014.shp,WPP_BFAR_merge.shp,KKP_IDN_merge_20161208.shp,VNF-VBD_npp_20120301-20151231_global_asia-enhanced_c201607211230.bitmask,NCEI_NGA.union.nga_lead2.add_2015ntl.mask,timezone.shp,VBD_platforms-recurring_2015_r20170330.shp,999999,VBD_bridges_c20160811.shp,25.640045;24.079651;21.102854;16.324032;11.511562;6.671830;1.810134;4.020473;6.006778;10.901870;15.807323;20.719898,83.680374;98.801964;113.308250;111.670303;110.194870;108.863319;107.657715;94.102837;80.376114;81.340813;82.213333;83.001831,npp_d20151003_t1908306_e1914110_b20379,150.141,84.5655,29.9338,-81.0526,48.2735,72.5229
211,VBD_npp_d20151003_t1913067_x0986956E_y072520N_l2486_s2588_v23,2017-06-01 16:16:04,7.252031,98.695602,27.126,2015-10-03 19:13:06,2015-10-04 02:13:06,2486,2588,0.428167,1,2529,0.741253,0.149422,0.904638,0.4,0.927088,0.75,0.0227603,0.0001,0.0130369,999999,7.416748e-02,3,Thailand Exclusive Economic Zone,,,SVDNB_npp_d20151003_t1908306_e1914110_b20379_c20151004011411684829_noaa_ops.h5,GDNBO_npp_d20151003_t1908306_e1914110_b20379_c20151004011411684577_noaa_ops.h5,SVI04_npp_d20151003_t1908306_e1914110_b20379_c20151004011412382962_noaa_ops.dspace_rad,VNFF_npp_d20151003_t1908306_e1914110_b20379_v21.csv,World_EEZ_v8_2014.shp,WPP_BFAR_merge.shp,KKP_IDN_merge_20161208.shp,VNF-VBD_npp_20120301-20151231_global_asia-enhanced_c201607211230.bitmask,NCEI_NGA.union.nga_lead2.add_2015ntl.mask,timezone.shp,VBD_platforms-recurring_2015_r20170330.shp,999999,VBD_bridges_c20160811.shp,25.640045;24.079651;21.102854;16.324032;11.511562;6.671830;1.810134;4.020473;6.006778;10.901870;15.807323;20.719898,83.680374;98.801964;113.308250;111.670303;110.194870;108.863319;107.657715;94.102837;80.376114;81.340813;82.213333;83.001831,npp_d20151003_t1908306_e1914110_b20379,150.26,85.4785,30.0286,-80.8911,48.5103,72.068
214,VBD_npp_d20151003_t1912596_x0988031E_y076883N_l2419_s2589_v23,2017-06-01 16:16:04,7.688315,98.803085,8.48303,2015-10-03 19:12:59,2015-10-04 02:12:59,2419,2589,0.386982,1,2529,0.438653,0.187745,0.852072,0.4,0.861405,0.75,0.0228968,0.0001,0.0138304,999999,-2.829812e-01,3,Thailand Exclusive Economic Zone,,,SVDNB_npp_d20151003_t1908306_e1914110_b20379_c20151004011411684829_noaa_ops.h5,GDNBO_npp_d20151003_t1908306_e1914110_b20379_c20151004011411684577_noaa_ops.h5,SVI04_npp_d20151003_t1908306_e1914110_b20379_c20151004011412382962_noaa_ops.dspace_rad,VNFF_npp_d20151003_t1908306_e1914110_b20379_v21.csv,World_EEZ_v8_2014.shp,WPP_BFAR_merge.shp,KKP_IDN_merge_20161208.shp,VNF-VBD_npp_20120301-20151231_global_asia-enhanced_c201607211230.bitmask,NCEI_NGA.union.nga_lead2.add_2015ntl.mask,timezone.shp,VBD_platforms-recurring_2015_r20170330.shp,999999,VBD_bridges_c20160811.shp,25.640045;24.079651;21.102854;16.324032;11.511562;6.671830;1.810134;4.020473;6.006778;10.901870;15.807323;20.719898,83.680374;98.801964;113.308250;111.670303;110.194870;108.863319;107.657715;94.102837;80.376114;81.340813;82.213333;83.001831,npp_d20151003_t1908306_e1914110_b20379,150.146,84.741,30.0724,-81.1657,48.3005,72.4348
215,VBD_npp_d20151003_t1912596_x0987929E_y076275N_l2428_s2589_v23,2017-06-01 16:16:04,7.627506,98.792900,7.98795,2015-10-03 19:12:59,2015-10-04 02:12:59,2428,2589,0.417497,8,18913,0.447697,0.14365,0.838115,0.4,0.857538,0.75,0.022879,0.0001,0.0129938,999999,1.279563e-01,3,Thailand Exclusive Economic Zone,,,SVDNB_npp_d20151003_t1908306_e1914110_b20379_c20151004011411684829_noaa_ops.h5,GDNBO_npp_d20151003_t1908306_e1914110_b20379_c20151004011411684577_noaa_ops.h5,SVI04_npp_d20151003_t1908306_e1914110_b20379_c20151004011412382962_noaa_ops.dspace_rad,VNFF_npp_d20151003_t1908306_e1914110_b20379_v21.csv,World_EEZ_v8_2014.shp,WPP_BFAR_merge.shp,KKP_IDN_merge_20161208.shp,VNF-VBD_npp_20120301-20151231_global_asia-enhanced_c201607211230.bitmask,NCEI_NGA.union.nga_lead2.add_2015ntl.mask,timezone.shp,VBD_platforms-recurring_2015_r20170330.shp,0.372272,VBD_bridges_c20160811.shp,25.640045;24.079651;21.102854;16.324032;11.511562;6.671830;1.810134;4.020473;6.006778;10.901870;15.807323;20.719898,83.680374;98.801964;113.308250;111.670303;110.194870;108.863319;107.657715;94.102837;80.376114;81.340813;82.213333;83.001831,npp_d20151003_t1908306_e1914110_b20379,150.162,84.8436,30.0711,-80.2309,48.3288,72.3833
216,VBD_npp_d20151003_t1913067_x0987047E_y072644N_l2484_s2589_v23,2017-06-01 16:16:04,7.264425,98.704689,35.7864,2015-10-03 19:13:06,2015-10-04 02:13:06,2484,2589,0.426815,1,2529,0.948249,0.146404,0.904638,0.4,0.940294,0.75,0.0227679,0.0001,0.013258,999999,1.022878e-01,3,Thailand Exclusive Economic Zone,,,SVDNB_npp_d20151003_t1908306_e1914110_b20379_c20151004011411684829_noaa_ops.h5,GDNBO_npp_d20151003_t1908306_e1914110_b20379_c20151004011411684577_noaa_ops.h5,SVI04_npp_d20151003_t1908306_e1914110_b20379_c20151004011412382962_noaa_ops.dspace_rad,VNFF_npp_d20151003_t1908306_e1914110_b20379_v21.csv,World_EEZ_v8_2014.shp,WPP_BFAR_merge.shp,KKP_IDN_merge_20161208.shp,VNF-VBD_npp_20120301-20151231_global_asia-enhanced_c201607211230.bitmask,NCEI_NGA.union.nga_lead2.add_2015ntl.mask,timezone.shp,VBD_platforms-recurring_2015_r20170330.shp,999999,VBD_bridges_c20160811.shp,25.640045;24.079651;21.102854;16.324032;11.511562;6.671830;1.810134;4.020473;6.006778;10.901870;15.807323;20.719898,83.680374;98.801964;113.308250;111.670303;110.194870;108.863319;107.657715;94.102837;80.376114;81.340813;82.213333;83.001831,npp_d20151003_t1908306_e1914110_b20379,150.25,85.4593,30.0765,-81.0977,48.4978,72.0774
224,VBD_npp_d20151003_t1912596_x0988214E_y076714N_l2421_s2592_v23,2017-06-01 16:16:04,7.671430,98.821381,33.8318,2015-10-03 19:12:59,2015-10-04 02:12:59,2421,2592,0.385488,1,2529,0.87688,0.187377,0.863117,0.4,0.939432,0.75,0.0229032,0.0001,0.0137574,999999,-2.795483e-01,3,Thailand Exclusive Economic Zone,,,SVDNB_npp_d20151003_t1908306_e1914110_b20379_c20151004011411684829_noaa_ops.h5,GDNBO_npp_d20151003_t1908306_e1914110_b20379_c20151004011411684577_noaa_ops.h5,SVI04_npp_d20151003_t1908306_e1914110_b20379_c20151004011412382962_noaa_ops.dspace_rad,VNFF_npp_d20151003_t1908306_e1914110_b20379_v21.csv,World_EEZ_v8_2014.shp,WPP_BFAR_merge.shp,KKP_IDN_merge_20161208.shp,VNF-VBD_npp_20120301-20151231_global_asia-enhanced_c201607211230.bitmask,NCEI_NGA.union.nga_lead2.add_2015ntl.mask,timezone.shp,VBD_platforms-recurring_2015_r20170330.shp,999999,VBD_bridges_c20160811.shp,25.640045;24.079651;21.102854;16.324032;11.511562;6.671830;1.810134;4.020473;6.006778;10.901870;15.807323;20.719898,83.680374;98.801964;113.308250;111.670303;110.194870;108.863319;107.657715;94.102837;80.376114;81.340813;82.213333;83.001831,npp_d20151003_t1908306_e1914110_b20379,150.13,84.7756,30.2133,-80.9541,48.2882,72.4175
225,VBD_npp_d20151003_t1912596_x0988146E_y076308N_l2427_s2592_v23,2017-06-01 16:16:04,7.630839,98.814583,11.5798,2015-10-03 19:12:59,2015-10-04 02:12:59,2427,2592,0.421907,8,18913,0.53381,0.153984,0.844794,0.4,0.862322,0.75,0.0228914,0.0001,0.0131952,999999,3.165394e-02,3,Thailand Exclusive Economic Zone,,,SVDNB_npp_d20151003_t1908306_e1914110_b20379_c20151004011411684829_noaa_ops.h5,GDNBO_npp_d20151003_t1908306_e1914110_b20379_c20151004011411684577_noaa_ops.h5,SVI04_npp_d20151003_t1908306_e1914110_b20379_c20151004011412382962_noaa_ops.dspace_rad,VNFF_npp_d20151003_t1908306_e1914110_b20379_v21.csv,World_EEZ_v8_2014.shp,WPP_BFAR_merge.shp,KKP_IDN_merge_20161208.shp,VNF-VBD_npp_20120301-20151231_global_asia-enhanced_c201607211230.bitmask,NCEI_NGA.union.nga_lead2.add_2015ntl.mask,timezone.shp,VBD_platforms-recurring_2015_r20170330.shp,0.359962,VBD_bridges_c20160811.shp,25.640045;24.079651;21.102854;16.324032;11.511562;6.671830;1.810134;4.020473;6.006778;10.901870;15.807323;20.719898,83.680374;98.801964;113.308250;111.670303;110.194870;108.863319;107.657715;94.102837;80.376114;81.340813;82.213333;83.001831,npp_d20151003_t1908306_e1914110_b20379,150.14,84.844,30.2127,-80.3336,48.3071,72.3831
226,VBD_npp_d20151003_t1913067_x0987252E_y072611N_l2484_s2592_v23,2017-06-01 16:16:04,7.261074,98.725235,3.05244,2015-10-03 19:13:06,2015-10-04 02:13:06,2484,2592,0.427456,1,2529,0.211178,0.143802,0.880752,0.4,0.806499,0.75,0.0227783,0.0001,0.0133699,999999,1.265391e-01,3,Thailand Exclusive Economic Zone,,,SVDNB_npp_d20151003_t1908306_e1914110_b20379_c20151004011411684829_noaa_ops.h5,GDNBO_npp_d20151003_t1908306_e1914110_b20379_c20151004011411684577_noaa_ops.h5,SVI04_npp_d20151003_t1908306_e1914110_b20379_c20151004011412382962_noaa_ops.dspace_rad,VNFF_npp_d20151003_t1908306_e1914110_b20379_v21.csv,World_EEZ_v8_2014.shp,WPP_BFAR_merge.shp,KKP_IDN_merge_20161208.shp,VNF-VBD_npp_20120301-20151231_global_asia-enhanced_c201607211230.bitmask,NCEI_NGA.union.nga_lead2.add_2015ntl.mask,timezone.shp,VBD_platforms-recurring_2015_r20170330.shp,999999,VBD_bridges_c20160811.shp,25.640045;24.079651;21.102854;16.324032;11.511562;6.671830;1.810134;4.020473;6.006778;10.901870;15.807323;20.719898,83.680374;98.801964;113.308250;111.670303;110.194870;108.863319;107.657715;94.102837;80.376114;81.340813;82.213333;83.001831,npp_d20151003_t1908306_e1914110_b20379,150.23,85.4706,30.2183,-81.0935,48.4792,72.0714
230,VBD_npp_d20151003_t1912596_x0988203E_y076229N_l2428_s2593_v23,2017-06-01 16:16:04,7.622928,98.820312,7.33935,2015-10-03 19:12:59,2015-10-04 02:12:59,2428,2593,0.421907,1,2529,0.431503,0.16753,0.844794,0.4,0.881074,0.75,0.0228929,0.0001,0.013139,999999,-9.458852e-02,3,Thailand Exclusive Economic Zone,,,SVDNB_npp_d20151003_t1908306_e1914110_b20379_c20151004011411684829_noaa_ops.h5,GDNBO_npp_d20151003_t1908306_e1914110_b20379_c20151004011411684577_noaa_ops.h5,SVI04_npp_d20151003_t1908306_e1914110_b20379_c20151004011412382962_noaa_ops.dspace_rad,VNFF_npp_d20151003_t1908306_e1914110_b20379_v21.csv,World_EEZ_v8_2014.shp,WPP_BFAR_merge.shp,KKP_IDN_merge_20161208.shp,VNF-VBD_npp_20120301-20151231_global_asia-enhanced_c201607211230.bitmask,NCEI_NGA.union.nga_lead2.add_2015ntl.mask,timezone.shp,VBD_platforms-recurring_2015_r20170330.shp,999999,VBD_bridges_c20160811.shp,25.640045;24.079651;21.102854;16.324032;11.511562;6.671830;1.810134;4.020473;6.006778;10.901870;15.807323;20.719898,83.680374;98.801964;113.308250;111.670303;110.194870;108.863319;107.657715;94.102837;80.376114;81.340813;82.213333;83.001831,npp_d20151003_t1908306_e1914110_b20379,150.135,84.8594,30.2602,-80.2299,48.304,72.3755
236,VBD_npp_d20151003_t1913049_x0987654E_y073346N_l2472_s2595_v23,2017-06-01 16:16:04,7.334646,98.765350,25.6599,2015-10-03 19:13:04,2015-10-04 02:13:04,2472,2595,0.422832,1,2529,0.861558,0.158091,0.906953,0.4,0.964368,0.75,0.0228128,0.0001,0.0132212,999999,-6.624289e-03,3,Thailand Exclusive Economic Zone,,,SVDNB_npp_d20151003_t1908306_e1914110_b20379_c20151004011411684829_noaa_ops.h5,GDNBO_npp_d20151003_t1908306_e1914110_b20379_c20151004011411684577_noaa_ops.h5,SVI04_npp_d20151003_t1908306_e1914110_b20379_c20151004011412382962_noaa_ops.dspace_rad,VNFF_npp_d20151003_t1908306_e1914110_b20379_v21.csv,World_EEZ_v8_2014.shp,WPP_BFAR_merge.shp,KKP_IDN_merge_20161208.shp,VNF-VBD_npp_20120301-20151231_global_asia-enhanced_c201607211230.bitmask,NCEI_NGA.union.nga_lead2.add_2015ntl.mask,timezone.shp,VBD_platforms-recurring_2015_r20170330.shp,999999,VBD_bridges_c20160811.shp,25.640045;24.079651;21.102854;16.324032;11.511562;6.671830;1.810134;4.020473;6.006778;10.901870;15.807323;20.719898,83.680374;98.801964;113.308250;111.670303;110.194870;108.863319;107.657715;94.102837;80.376114;81.340813;82.213333;83.001831,npp_d20151003_t1908306_e1914110_b20379,150.192,85.3511,30.3565,-80.6642,48.4249,72.1301
250,VBD_npp_d20151003_t1913102_x0987160E_y070391N_l2517_s2598_v23,2017-06-01 16:16:04,7.039144,98.716026,32.5962,2015-10-03 19:13:10,2015-10-04 02:13:10,2517,2598,0.42333,1,2529,0.90827,0.164188,0.898636,0.4,0.884562,0.75,0.0227317,0.0001,0.0132525,999999,-6.344795e-02,3,Thailand Exclusive Economic Zone,,,SVDNB_npp_d20151003_t1908306_e1914110_b20379_c20151004011411684829_noaa_ops.h5,GDNBO_npp_d20151003_t1908306_e1914110_b20379_c20151004011411684577_noaa_ops.h5,SVI04_npp_d20151003_t1908306_e1914110_b20379_c20151004011412382962_noaa_ops.dspace_rad,VNFF_npp_d20151003_t1908306_e1914110_b20379_v21.csv,World_EEZ_v8_2014.shp,WPP_BFAR_merge.shp,KKP_IDN_merge_20161208.shp,VNF-VBD_npp_20120301-20151231_global_asia-enhanced_c201607211230.bitmask,NCEI_NGA.union.nga_lead2.add_2015ntl.mask,timezone.shp,VBD_platforms-recurring_2015_r20170330.shp,999999,VBD_bridges_c20160811.shp,25.640045;24.079651;21.102854;16.324032;11.511562;6.671830;1.810134;4.020473;6.006778;10.901870;15.807323;20.719898,83.680374;98.801964;113.308250;111.670303;110.194870;108.863319;107.657715;94.102837;80.376114;81.340813;82.213333;83.001831,npp_d20151003_t1908306_e1914110_b20379,150.241,85.859,30.4985,-81.0011,48.5438,71.8792
261,VBD_npp_d20151003_t1913049_x0987975E_y073154N_l2474_s2600_v23,2017-06-01 16:16:04,7.315383,98.797508,17.0971,2015-10-03 19:13:04,2015-10-04 02:13:04,2474,2600,0.42461,8,18913,0.729097,0.152704,0.904672,0.4,0.943909,0.75,0.0228262,0.0001,0.013213,999999,4.358079e-02,3,Thailand Exclusive Economic Zone,,,SVDNB_npp_d20151003_t1908306_e1914110_b20379_c20151004011411684829_noaa_ops.h5,GDNBO_npp_d20151003_t1908306_e1914110_b20379_c20151004011411684577_noaa_ops.h5,SVI04_npp_d20151003_t1908306_e1914110_b20379_c20151004011412382962_noaa_ops.dspace_rad,VNFF_npp_d20151003_t1908306_e1914110_b20379_v21.csv,World_EEZ_v8_2014.shp,WPP_BFAR_merge.shp,KKP_IDN_merge_20161208.shp,VNF-VBD_npp_20120301-20151231_global_asia-enhanced_c201607211230.bitmask,NCEI_NGA.union.nga_lead2.add_2015ntl.mask,timezone.shp,VBD_platforms-recurring_2015_r20170330.shp,0.30964,VBD_bridges_c20160811.shp,25.640045;24.079651;21.102854;16.324032;11.511562;6.671830;1.810134;4.020473;6.006778;10.901870;15.807323;20.719898,83.680374;98.801964;113.308250;111.670303;110.194870;108.863319;107.657715;94.102837;80.376114;81.340813;82.213333;83.001831,npp_d20151003_t1908306_e1914110_b20379,150.162,85.3932,30.5929,-80.4556,48.4002,72.1086
271,VBD_npp_d20151003_t1913102_x0987287E_y069889N_l2524_s2601_v23,2017-06-01 16:16:04,6.988899,98.728714,67.6247,2015-10-03 19:13:10,2015-10-04 02:13:10,2524,2601,0.421481,1,2529,1.14676,0.161549,0.903401,0.4,0.963243,0.75,0.0227278,0.0001,0.0127133,999999,-3.885363e-02,3,Thailand Exclusive Economic Zone,,,SVDNB_npp_d20151003_t1908306_e1914110_b20379_c20151004011411684829_noaa_ops.h5,GDNBO_npp_d20151003_t1908306_e1914110_b20379_c20151004011411684577_noaa_ops.h5,SVI04_npp_d20151003_t1908306_e1914110_b20379_c20151004011412382962_noaa_ops.dspace_rad,VNFF_npp_d20151003_t1908306_e1914110_b20379_v21.csv,World_EEZ_v8_2014.shp,WPP_BFAR_merge.shp,KKP_IDN_merge_20161208.shp,VNF-VBD_npp_20120301-20151231_global_asia-enhanced_c201607211230.bitmask,NCEI_NGA.union.nga_lead2.add_2015ntl.mask,timezone.shp,VBD_platforms-recurring_2015_r20170330.shp,999999,VBD_bridges_c20160811.shp,25.640045;24.079651;21.102854;16.324032;11.511562;6.671830;1.810134;4.020473;6.006778;10.901870;15.807323;20.719898,83.680374;98.801964;113.308250;111.670303;110.194870;108.863319;107.657715;94.102837;80.376114;81.340813;82.213333;83.001831,npp_d20151003_t1908306_e1914110_b20379,150.232,85.9497,30.6386,-80.2923,48.5475,71.834
278,VBD_npp_d20151003_t1913102_x0987473E_y070605N_l2513_s2602_v23,2017-06-01 16:16:04,7.060520,98.747337,79.2544,2015-10-03 19:13:10,2015-10-04 02:13:10,2513,2602,0.426104,1,2529,1.22558,0.124309,0.907076,0.4,0.980295,0.75,0.0227537,0.0001,0.0137567,999999,3.081984e-01,3,Thailand Exclusive Economic Zone,,,SVDNB_npp_d20151003_t1908306_e1914110_b20379_c20151004011411684829_noaa_ops.h5,GDNBO_npp_d20151003_t1908306_e1914110_b20379_c20151004011411684577_noaa_ops.h5,SVI04_npp_d20151003_t1908306_e1914110_b20379_c20151004011412382962_noaa_ops.dspace_rad,VNFF_npp_d20151003_t1908306_e1914110_b20379_v21.csv,World_EEZ_v8_2014.shp,WPP_BFAR_merge.shp,KKP_IDN_merge_20161208.shp,VNF-VBD_npp_20120301-20151231_global_asia-enhanced_c201607211230.bitmask,NCEI_NGA.union.nga_lead2.add_2015ntl.mask,timezone.shp,VBD_platforms-recurring_2015_r20170330.shp,999999,VBD_bridges_c20160811.shp,25.640045;24.079651;21.102854;16.324032;11.511562;6.671830;1.810134;4.020473;6.006778;10.901870;15.807323;20.719898,83.680374;98.801964;113.308250;111.670303;110.194870;108.863319;107.657715;94.102837;80.376114;81.340813;82.213333;83.001831,npp_d20151003_t1908306_e1914110_b20379,150.209,85.8295,30.6856,-81.3835,48.5072,71.8927
306,VBD_npp_d20151003_t1913227_x0985805E_y062280N_l2640_s2605_v23,2017-06-01 16:16:04,6.228019,98.580544,10.7219,2015-10-03 19:13:22,2015-10-04 02:13:22,2640,2605,0.380722,8,18849,0.40872,0.157786,0.676222,0.4,0.712555,0.75,0.0225845,0.0001,0.0116698,999999,-3.780925e-03,3,Thailand Exclusive Economic Zone,,,SVDNB_npp_d20151003_t1908306_e1914110_b20379_c20151004011411684829_noaa_ops.h5,GDNBO_npp_d20151003_t1908306_e1914110_b20379_c20151004011411684577_noaa_ops.h5,SVI04_npp_d20151003_t1908306_e1914110_b20379_c20151004011412382962_noaa_ops.dspace_rad,VNFF_npp_d20151003_t1908306_e1914110_b20379_v21.csv,World_EEZ_v8_2014.shp,WPP_BFAR_merge.shp,KKP_IDN_merge_20161208.shp,VNF-VBD_npp_20120301-20151231_global_asia-enhanced_c201607211230.bitmask,NCEI_NGA.union.nga_lead2.add_2015ntl.mask,timezone.shp,VBD_platforms-recurring_2015_r20170330.shp,0.610146,VBD_bridges_c20160811.shp,25.640045;24.079651;21.102854;16.324032;11.511562;6.671830;1.810134;4.020473;6.006778;10.901870;15.807323;20.719898,83.680374;98.801964;113.308250;111.670303;110.194870;108.863319;107.657715;94.102837;80.376114;81.340813;82.213333;83.001831,npp_d20151003_t1908306_e1914110_b20379,150.373,87.2606,30.822,-79.9565,48.8849,71.2007
319,VBD_npp_d20151003_t1913049_x0988423E_y073014N_l2475_s2607_v23,2017-06-01 16:16:04,7.301425,98.842300,7.15519,2015-10-03 19:13:04,2015-10-04 02:13:04,2475,2607,0.424326,8,18913,0.440076,0.164578,0.832585,0.4,0.929733,0.75,0.0228486,0.0001,0.0133571,999999,-6.707825e-02,3,Thailand Exclusive Economic Zone,,,SVDNB_npp_d20151003_t1908306_e1914110_b20379_c20151004011411684829_noaa_ops.h5,GDNBO_npp_d20151003_t1908306_e1914110_b20379_c20151004011411684577_noaa_ops.h5,SVI04_npp_d20151003_t1908306_e1914110_b20379_c20151004011412382962_noaa_ops.dspace_rad,VNFF_npp_d20151003_t1908306_e1914110_b20379_v21.csv,World_EEZ_v8_2014.shp,WPP_BFAR_merge.shp,KKP_IDN_merge_20161208.shp,VNF-VBD_npp_20120301-20151231_global_asia-enhanced_c201607211230.bitmask,NCEI_NGA.union.nga_lead2.add_2015ntl.mask,timezone.shp,VBD_platforms-recurring_2015_r20170330.shp,0.173263,VBD_bridges_c20160811.shp,25.640045;24.079651;21.102854;16.324032;11.511562;6.671830;1.810134;4.020473;6.006778;10.901870;15.807323;20.719898,83.680374;98.801964;113.308250;111.670303;110.194870;108.863319;107.657715;94.102837;80.376114;81.340813;82.213333;83.001831,npp_d20151003_t1908306_e1914110_b20379,150.119,85.4293,30.9066,-80.3577,48.3617,72.0897
327,VBD_npp_d20151003_t1913067_x0988193E_y071632N_l2496_s2608_v23,2017-06-01 16:16:04,7.163193,98.819275,10.2595,2015-10-03 19:13:06,2015-10-04 02:13:06,2496,2608,0.424468,1,2529,0.56013,0.14718,0.88355,0.4,0.931989,0.75,0.0228094,0.0001,0.0128129,999999,9.505597e-02,3,Thailand Exclusive Economic Zone,,,SVDNB_npp_d20151003_t1908306_e1914110_b20379_c20151004011411684829_noaa_ops.h5,GDNBO_npp_d20151003_t1908306_e1914110_b20379_c20151004011411684577_noaa_ops.h5,SVI04_npp_d20151003_t1908306_e1914110_b20379_c20151004011412382962_noaa_ops.dspace_rad,VNFF_npp_d20151003_t1908306_e1914110_b20379_v21.csv,World_EEZ_v8_2014.shp,WPP_BFAR_merge.shp,KKP_IDN_merge_20161208.shp,VNF-VBD_npp_20120301-20151231_global_asia-enhanced_c201607211230.bitmask,NCEI_NGA.union.nga_lead2.add_2015ntl.mask,timezone.shp,VBD_platforms-recurring_2015_r20170330.shp,999999,VBD_bridges_c20160811.shp,25.640045;24.079651;21.102854;16.324032;11.511562;6.671830;1.810134;4.020473;6.006778;10.901870;15.807323;20.719898,83.680374;98.801964;113.308250;111.670303;110.194870;108.863319;107.657715;94.102837;80.376114;81.340813;82.213333;83.001831,npp_d20151003_t1908306_e1914110_b20379,150.145,85.6653,30.9554,-79.8785,48.42,71.9724
336,VBD_npp_d20151003_t1912596_x0989297E_y075780N_l2432_s2610_v23,2017-06-01 16:16:04,7.578043,98.929695,3.29325,2015-10-03 19:12:59,2015-10-04 02:12:59,2432,2610,0.425535,2,2209,0.19723,0.15515,0.85333,0.4,0.726326,0.75,0.022944,0.0001,0.0133606,999999,2.078498e-02,3,Thailand Exclusive Economic Zone,,,SVDNB_npp_d20151003_t1908306_e1914110_b20379_c20151004011411684829_noaa_ops.h5,GDNBO_npp_d20151003_t1908306_e1914110_b20379_c20151004011411684577_noaa_ops.h5,SVI04_npp_d20151003_t1908306_e1914110_b20379_c20151004011412382962_noaa_ops.dspace_rad,VNFF_npp_d20151003_t1908306_e1914110_b20379_v21.csv,World_EEZ_v8_2014.shp,WPP_BFAR_merge.shp,KKP_IDN_merge_20161208.shp,VNF-VBD_npp_20120301-20151231_global_asia-enhanced_c201607211230.bitmask,NCEI_NGA.union.nga_lead2.add_2015ntl.mask,timezone.shp,VBD_platforms-recurring_2015_r20170330.shp,999999,VBD_bridges_c20160811.shp,25.640045;24.079651;21.102854;16.324032;11.511562;6.671830;1.810134;4.020473;6.006778;10.901870;15.807323;20.719898,83.680374;98.801964;113.308250;111.670303;110.194870;108.863319;107.657715;94.102837;80.376114;81.340813;82.213333;83.001831,npp_d20151003_t1908306_e1914110_b20379,150.031,84.9683,31.0402,-79.8421,48.2133,72.3207
339,VBD_npp_d20151003_t1913013_x0989284E_y075719N_l2433_s2611_v23,2017-06-01 16:16:04,7.571903,98.928391,9.99111,2015-10-03 19:13:01,2015-10-04 02:13:01,2433,2611,0.421409,1,2529,0.481058,0.154967,0.873675,0.4,0.882154,0.75,0.0229455,0.0001,0.0147049,999999,2.249165e-02,3,Thailand Exclusive Economic Zone,,,SVDNB_npp_d20151003_t1908306_e1914110_b20379_c20151004011411684829_noaa_ops.h5,GDNBO_npp_d20151003_t1908306_e1914110_b20379_c20151004011411684577_noaa_ops.h5,SVI04_npp_d20151003_t1908306_e1914110_b20379_c20151004011412382962_noaa_ops.dspace_rad,VNFF_npp_d20151003_t1908306_e1914110_b20379_v21.csv,World_EEZ_v8_2014.shp,WPP_BFAR_merge.shp,KKP_IDN_merge_20161208.shp,VNF-VBD_npp_20120301-20151231_global_asia-enhanced_c201607211230.bitmask,NCEI_NGA.union.nga_lead2.add_2015ntl.mask,timezone.shp,VBD_platforms-recurring_2015_r20170330.shp,999999,VBD_bridges_c20160811.shp,25.640045;24.079651;21.102854;16.324032;11.511562;6.671830;1.810134;4.020473;6.006778;10.901870;15.807323;20.719898,83.680374;98.801964;113.308250;111.670303;110.194870;108.863319;107.657715;94.102837;80.376114;81.340813;82.213333;83.001831,npp_d20151003_t1908306_e1914110_b20379,150.026,84.9806,31.0859,-81.3184,48.2096,72.3145
345,VBD_npp_d20151003_t1912596_x0989473E_y076024N_l2428_s2612_v23,2017-06-01 16:16:04,7.602364,98.947258,8.89635,2015-10-03 19:12:59,2015-10-04 02:12:59,2428,2612,0.431723,1,2529,0.508088,0.140892,0.869361,0.4,0.905152,0.75,0.0229589,0.0001,0.0138036,999999,1.536566e-01,3,Thailand Exclusive Economic Zone,,,SVDNB_npp_d20151003_t1908306_e1914110_b20379_c20151004011411684829_noaa_ops.h5,GDNBO_npp_d20151003_t1908306_e1914110_b20379_c20151004011411684577_noaa_ops.h5,SVI04_npp_d20151003_t1908306_e1914110_b20379_c20151004011412382962_noaa_ops.dspace_rad,VNFF_npp_d20151003_t1908306_e1914110_b20379_v21.csv,World_EEZ_v8_2014.shp,WPP_BFAR_merge.shp,KKP_IDN_merge_20161208.shp,VNF-VBD_npp_20120301-20151231_global_asia-enhanced_c201607211230.bitmask,NCEI_NGA.union.nga_lead2.add_2015ntl.mask,timezone.shp,VBD_platforms-recurring_2015_r20170330.shp,999999,VBD_bridges_c20160811.shp,25.640045;24.079651;21.102854;16.324032;11.511562;6.671830;1.810134;4.020473;6.006778;10.901870;15.807323;20.719898,83.680374;98.801964;113.308250;111.670303;110.194870;108.863319;107.657715;94.102837;80.376114;81.340813;82.213333;83.001831,npp_d20151003_t1908306_e1914110_b20379,150.012,84.9312,31.1279,-80.2343,48.1891,72.3394
346,VBD_npp_d20151003_t1913013_x0989194E_y074780N_l2447_s2612_v23,2017-06-01 16:16:04,7.477953,98.919380,17.1513,2015-10-03 19:13:01,2015-10-04 02:13:01,2447,2612,0.42333,1,2529,0.72073,0.172486,0.869801,0.4,0.907703,0.75,0.0229213,0.0001,0.0133911,999999,-1.407773e-01,3,Thailand Exclusive Economic Zone,,,SVDNB_npp_d20151003_t1908306_e1914110_b20379_c20151004011411684829_noaa_ops.h5,GDNBO_npp_d20151003_t1908306_e1914110_b20379_c20151004011411684577_noaa_ops.h5,SVI04_npp_d20151003_t1908306_e1914110_b20379_c20151004011412382962_noaa_ops.dspace_rad,VNFF_npp_d20151003_t1908306_e1914110_b20379_v21.csv,World_EEZ_v8_2014.shp,WPP_BFAR_merge.shp,KKP_IDN_merge_20161208.shp,VNF-VBD_npp_20120301-20151231_global_asia-enhanced_c201607211230.bitmask,NCEI_NGA.union.nga_lead2.add_2015ntl.mask,timezone.shp,VBD_platforms-recurring_2015_r20170330.shp,999999,VBD_bridges_c20160811.shp,25.640045;24.079651;21.102854;16.324032;11.511562;6.671830;1.810134;4.020473;6.006778;10.901870;15.807323;20.719898,83.680374;98.801964;113.308250;111.670303;110.194870;108.863319;107.657715;94.102837;80.376114;81.340813;82.213333;83.001831,npp_d20151003_t1908306_e1914110_b20379,150.043,85.1404,31.1292,-79.9458,48.2471,72.2339
350,VBD_npp_d20151003_t1913013_x0989415E_y075698N_l2433_s2613_v23,2017-06-01 16:16:04,7.569765,98.941536,23.2561,2015-10-03 19:13:01,2015-10-04 02:13:01,2433,2613,0.429234,1,2529,0.79929,0.159676,0.873675,0.4,0.955169,0.75,0.0229525,0.0001,0.0147769,999999,-2.139287e-02,3,Thailand Exclusive Economic Zone,,,SVDNB_npp_d20151003_t1908306_e1914110_b20379_c20151004011411684829_noaa_ops.h5,GDNBO_npp_d20151003_t1908306_e1914110_b20379_c20151004011411684577_noaa_ops.h5,SVI04_npp_d20151003_t1908306_e1914110_b20379_c20151004011412382962_noaa_ops.dspace_rad,VNFF_npp_d20151003_t1908306_e1914110_b20379_v21.csv,World_EEZ_v8_2014.shp,WPP_BFAR_merge.shp,KKP_IDN_merge_20161208.shp,VNF-VBD_npp_20120301-20151231_global_asia-enhanced_c201607211230.bitmask,NCEI_NGA.union.nga_lead2.add_2015ntl.mask,timezone.shp,VBD_platforms-recurring_2015_r20170330.shp,999999,VBD_bridges_c20160811.shp,25.640045;24.079651;21.102854;16.324032;11.511562;6.671830;1.810134;4.020473;6.006778;10.901870;15.807323;20.719898,83.680374;98.801964;113.308250;111.670303;110.194870;108.863319;107.657715;94.102837;80.376114;81.340813;82.213333;83.001831,npp_d20151003_t1908306_e1914110_b20379,150.013,84.988,31.1752,-81.315,48.1977,72.3107
355,VBD_npp_d20151003_t1913085_x0988501E_y071518N_l2497_s2614_v23,2017-06-01 16:16:04,7.151837,98.850060,17.9562,2015-10-03 19:13:08,2015-10-04 02:13:08,2497,2614,0.424539,8,18913,0.740403,0.16058,0.905386,0.4,0.948423,0.75,0.0228282,0.0001,0.0142941,999999,-2.982230e-02,3,Thailand Exclusive Economic Zone,,,SVDNB_npp_d20151003_t1908306_e1914110_b20379_c20151004011411684829_noaa_ops.h5,GDNBO_npp_d20151003_t1908306_e1914110_b20379_c20151004011411684577_noaa_ops.h5,SVI04_npp_d20151003_t1908306_e1914110_b20379_c20151004011412382962_noaa_ops.dspace_rad,VNFF_npp_d20151003_t1908306_e1914110_b20379_v21.csv,World_EEZ_v8_2014.shp,WPP_BFAR_merge.shp,KKP_IDN_merge_20161208.shp,VNF-VBD_npp_20120301-20151231_global_asia-enhanced_c201607211230.bitmask,NCEI_NGA.union.nga_lead2.add_2015ntl.mask,timezone.shp,VBD_platforms-recurring_2015_r20170330.shp,0.204395,VBD_bridges_c20160811.shp,25.640045;24.079651;21.102854;16.324032;11.511562;6.671830;1.810134;4.020473;6.006778;10.901870;15.807323;20.719898,83.680374;98.801964;113.308250;111.670303;110.194870;108.863319;107.657715;94.102837;80.376114;81.340813;82.213333;83.001831,npp_d20151003_t1908306_e1914110_b20379,150.108,85.6947,31.2192,-81.3512,48.3874,71.9567
356,VBD_npp_d20151003_t1913085_x0988434E_y071120N_l2503_s2614_v23,2017-06-01 16:16:04,7.111995,98.843399,2.54076,2015-10-03 19:13:08,2015-10-04 02:13:08,2503,2614,0.424041,1,2273,0.192246,0.161929,0.850233,0.4,0.853527,0.75,0.0228159,0.0001,0.0137143,999999,-4.238879e-02,3,Thailand Exclusive Economic Zone,,,SVDNB_npp_d20151003_t1908306_e1914110_b20379_c20151004011411684829_noaa_ops.h5,GDNBO_npp_d20151003_t1908306_e1914110_b20379_c20151004011411684577_noaa_ops.h5,SVI04_npp_d20151003_t1908306_e1914110_b20379_c20151004011412382962_noaa_ops.dspace_rad,VNFF_npp_d20151003_t1908306_e1914110_b20379_v21.csv,World_EEZ_v8_2014.shp,WPP_BFAR_merge.shp,KKP_IDN_merge_20161208.shp,VNF-VBD_npp_20120301-20151231_global_asia-enhanced_c201607211230.bitmask,NCEI_NGA.union.nga_lead2.add_2015ntl.mask,timezone.shp,VBD_platforms-recurring_2015_r20170330.shp,999999,VBD_bridges_c20160811.shp,25.640045;24.079651;21.102854;16.324032;11.511562;6.671830;1.810134;4.020473;6.006778;10.901870;15.807323;20.719898,83.680374;98.801964;113.308250;111.670303;110.194870;108.863319;107.657715;94.102837;80.376114;81.340813;82.213333;83.001831,npp_d20151003_t1908306_e1914110_b20379,150.117,85.7622,31.2167,-80.7652,48.4062,71.9232
366,VBD_npp_d20151003_t1913013_x0989557E_y075333N_l2438_s2616_v23,2017-06-01 16:16:04,7.533324,98.955742,2.22723,2015-10-03 19:13:01,2015-10-04 02:13:01,2438,2616,0.423543,1,2273,0.179969,0.179614,0.84933,0.4,0.855505,0.75,0.022953,0.0001,0.0143884,999999,-2.072006e-01,3,Thailand Exclusive Economic Zone,,,SVDNB_npp_d20151003_t1908306_e1914110_b20379_c20151004011411684829_noaa_ops.h5,GDNBO_npp_d20151003_t1908306_e1914110_b20379_c20151004011411684577_noaa_ops.h5,SVI04_npp_d20151003_t1908306_e1914110_b20379_c20151004011412382962_noaa_ops.dspace_rad,VNFF_npp_d20151003_t1908306_e1914110_b20379_v21.csv,World_EEZ_v8_2014.shp,WPP_BFAR_merge.shp,KKP_IDN_merge_20161208.shp,VNF-VBD_npp_20120301-20151231_global_asia-enhanced_c201607211230.bitmask,NCEI_NGA.union.nga_lead2.add_2015ntl.mask,timezone.shp,VBD_platforms-recurring_2015_r20170330.shp,999999,VBD_bridges_c20160811.shp,25.640045;24.079651;21.102854;16.324032;11.511562;6.671830;1.810134;4.020473;6.006778;10.901870;15.807323;20.719898,83.680374;98.801964;113.308250;111.670303;110.194870;108.863319;107.657715;94.102837;80.376114;81.340813;82.213333;83.001831,npp_d20151003_t1908306_e1914110_b20379,150.002,85.0549,31.3069,-80.8229,48.1953,72.2768
369,VBD_npp_d20151003_t1913049_x0989136E_y073237N_l2470_s2617_v23,2017-06-01 16:16:04,7.323723,98.913582,11.1524,2015-10-03 19:13:04,2015-10-04 02:13:04,2470,2617,0.425037,1,2529,0.595616,0.148436,0.852928,0.4,0.944362,0.75,0.0228932,0.0001,0.0141657,999999,8.335176e-02,3,Thailand Exclusive Economic Zone,,,SVDNB_npp_d20151003_t1908306_e1914110_b20379_c20151004011411684829_noaa_ops.h5,GDNBO_npp_d20151003_t1908306_e1914110_b20379_c20151004011411684577_noaa_ops.h5,SVI04_npp_d20151003_t1908306_e1914110_b20379_c20151004011412382962_noaa_ops.dspace_rad,VNFF_npp_d20151003_t1908306_e1914110_b20379_v21.csv,World_EEZ_v8_2014.shp,WPP_BFAR_merge.shp,KKP_IDN_merge_20161208.shp,VNF-VBD_npp_20120301-20151231_global_asia-enhanced_c201607211230.bitmask,NCEI_NGA.union.nga_lead2.add_2015ntl.mask,timezone.shp,VBD_platforms-recurring_2015_r20170330.shp,999999,VBD_bridges_c20160811.shp,25.640045;24.079651;21.102854;16.324032;11.511562;6.671830;1.810134;4.020473;6.006778;10.901870;15.807323;20.719898,83.680374;98.801964;113.308250;111.670303;110.194870;108.863319;107.657715;94.102837;80.376114;81.340813;82.213333;83.001831,npp_d20151003_t1908306_e1914110_b20379,150.046,85.4096,31.3534,-80.8403,48.2868,72.0983
378,VBD_npp_d20151003_t1913013_x0989755E_y074890N_l2444_s2620_v23,2017-06-01 16:16:04,7.489032,98.975479,9.10257,2015-10-03 19:13:01,2015-10-04 02:13:01,2444,2620,0.424112,1,2529,0.525599,0.153784,0.878594,0.4,0.93235,0.75,0.0229551,0.0001,0.0139356,999999,3.351050e-02,3,Thailand Exclusive Economic Zone,,,SVDNB_npp_d20151003_t1908306_e1914110_b20379_c20151004011411684829_noaa_ops.h5,GDNBO_npp_d20151003_t1908306_e1914110_b20379_c20151004011411684577_noaa_ops.h5,SVI04_npp_d20151003_t1908306_e1914110_b20379_c20151004011412382962_noaa_ops.dspace_rad,VNFF_npp_d20151003_t1908306_e1914110_b20379_v21.csv,World_EEZ_v8_2014.shp,WPP_BFAR_merge.shp,KKP_IDN_merge_20161208.shp,VNF-VBD_npp_20120301-20151231_global_asia-enhanced_c201607211230.bitmask,NCEI_NGA.union.nga_lead2.add_2015ntl.mask,timezone.shp,VBD_platforms-recurring_2015_r20170330.shp,999999,VBD_bridges_c20160811.shp,25.640045;24.079651;21.102854;16.324032;11.511562;6.671830;1.810134;4.020473;6.006778;10.901870;15.807323;20.719898,83.680374;98.801964;113.308250;111.670303;110.194870;108.863319;107.657715;94.102837;80.376114;81.340813;82.213333;83.001831,npp_d20151003_t1908306_e1914110_b20379,149.986,85.1368,31.4855,-80.2372,48.1901,72.2353
379,VBD_npp_d20151003_t1913085_x0988863E_y071254N_l2500_s2620_v23,2017-06-01 16:16:04,7.125444,98.886322,19.1294,2015-10-03 19:13:08,2015-10-04 02:13:08,2500,2620,0.42646,8,18913,0.764973,0.135907,0.894773,0.4,0.961264,0.75,0.0228429,0.0001,0.0142036,999999,2.001098e-01,3,Thailand Exclusive Economic Zone,,,SVDNB_npp_d20151003_t1908306_e1914110_b20379_c20151004011411684829_noaa_ops.h5,GDNBO_npp_d20151003_t1908306_e1914110_b20379_c20151004011411684577_noaa_ops.h5,SVI04_npp_d20151003_t1908306_e1914110_b20379_c20151004011412382962_noaa_ops.dspace_rad,VNFF_npp_d20151003_t1908306_e1914110_b20379_v21.csv,World_EEZ_v8_2014.shp,WPP_BFAR_merge.shp,KKP_IDN_merge_20161208.shp,VNF-VBD_npp_20120301-20151231_global_asia-enhanced_c201607211230.bitmask,NCEI_NGA.union.nga_lead2.add_2015ntl.mask,timezone.shp,VBD_platforms-recurring_2015_r20170330.shp,0.333432,VBD_bridges_c20160811.shp,25.640045;24.079651;21.102854;16.324032;11.511562;6.671830;1.810134;4.020473;6.006778;10.901870;15.807323;20.719898,83.680374;98.801964;113.308250;111.670303;110.194870;108.863319;107.657715;94.102837;80.376114;81.340813;82.213333;83.001831,npp_d20151003_t1908306_e1914110_b20379,150.074,85.7496,31.4857,-81.0507,48.3611,71.9282
387,VBD_npp_d20151003_t1913031_x0989756E_y074494N_l2450_s2622_v23,2017-06-01 16:16:04,7.449435,98.975601,16.0078,2015-10-03 19:13:03,2015-10-04 02:13:03,2450,2622,0.419489,1,2529,0.695262,0.154813,0.892452,0.4,0.946724,0.75,0.0229501,0.0001,0.0148682,999999,2.392597e-02,3,Thailand Exclusive Economic Zone,,,SVDNB_npp_d20151003_t1908306_e1914110_b20379_c20151004011411684829_noaa_ops.h5,GDNBO_npp_d20151003_t1908306_e1914110_b20379_c20151004011411684577_noaa_ops.h5,SVI04_npp_d20151003_t1908306_e1914110_b20379_c20151004011412382962_noaa_ops.dspace_rad,VNFF_npp_d20151003_t1908306_e1914110_b20379_v21.csv,World_EEZ_v8_2014.shp,WPP_BFAR_merge.shp,KKP_IDN_merge_20161208.shp,VNF-VBD_npp_20120301-20151231_global_asia-enhanced_c201607211230.bitmask,NCEI_NGA.union.nga_lead2.add_2015ntl.mask,timezone.shp,VBD_platforms-recurring_2015_r20170330.shp,999999,VBD_bridges_c20160811.shp,25.640045;24.079651;21.102854;16.324032;11.511562;6.671830;1.810134;4.020473;6.006778;10.901870;15.807323;20.719898,83.680374;98.801964;113.308250;111.670303;110.194870;108.863319;107.657715;94.102837;80.376114;81.340813;82.213333;83.001831,npp_d20151003_t1908306_e1914110_b20379,149.982,85.2072,31.5779,-81.2164,48.1954,72.1996
388,VBD_npp_d20151003_t1913031_x0989655E_y073895N_l2459_s2622_v23,2017-06-01 16:16:04,7.389483,98.965546,7.41738,2015-10-03 19:13:03,2015-10-04 02:13:03,2459,2622,0.423615,1,2529,0.43734,0.147258,0.870363,0.4,0.823783,0.75,0.0229324,0.0001,0.0139743,999999,9.432776e-02,3,Thailand Exclusive Economic Zone,,,SVDNB_npp_d20151003_t1908306_e1914110_b20379_c20151004011411684829_noaa_ops.h5,GDNBO_npp_d20151003_t1908306_e1914110_b20379_c20151004011411684577_noaa_ops.h5,SVI04_npp_d20151003_t1908306_e1914110_b20379_c20151004011412382962_noaa_ops.dspace_rad,VNFF_npp_d20151003_t1908306_e1914110_b20379_v21.csv,World_EEZ_v8_2014.shp,WPP_BFAR_merge.shp,KKP_IDN_merge_20161208.shp,VNF-VBD_npp_20120301-20151231_global_asia-enhanced_c201607211230.bitmask,NCEI_NGA.union.nga_lead2.add_2015ntl.mask,timezone.shp,VBD_platforms-recurring_2015_r20170330.shp,999999,VBD_bridges_c20160811.shp,25.640045;24.079651;21.102854;16.324032;11.511562;6.671830;1.810134;4.020473;6.006778;10.901870;15.807323;20.719898,83.680374;98.801964;113.308250;111.670303;110.194870;108.863319;107.657715;94.102837;80.376114;81.340813;82.213333;83.001831,npp_d20151003_t1908306_e1914110_b20379,149.997,85.3079,31.576,-80.3465,48.2236,72.1488
389,VBD_npp_d20151003_t1913138_x0988237E_y067907N_l2551_s2622_v23,2017-06-01 16:16:04,6.790748,98.823654,9.8712,2015-10-03 19:13:13,2015-10-04 02:13:13,2551,2622,0.4101,1,2529,0.505043,0.189837,0.8131,0.4,0.835074,0.75,0.0227455,0.0001,0.0136002,999999,-3.024703e-01,3,Thailand Exclusive Economic Zone,,,SVDNB_npp_d20151003_t1908306_e1914110_b20379_c20151004011411684829_noaa_ops.h5,GDNBO_npp_d20151003_t1908306_e1914110_b20379_c20151004011411684577_noaa_ops.h5,SVI04_npp_d20151003_t1908306_e1914110_b20379_c20151004011412382962_noaa_ops.dspace_rad,VNFF_npp_d20151003_t1908306_e1914110_b20379_v21.csv,World_EEZ_v8_2014.shp,WPP_BFAR_merge.shp,KKP_IDN_merge_20161208.shp,VNF-VBD_npp_20120301-20151231_global_asia-enhanced_c201607211230.bitmask,NCEI_NGA.union.nga_lead2.add_2015ntl.mask,timezone.shp,VBD_platforms-recurring_2015_r20170330.shp,999999,VBD_bridges_c20160811.shp,25.640045;24.079651;21.102854;16.324032;11.511562;6.671830;1.810134;4.020473;6.006778;10.901870;15.807323;20.719898,83.680374;98.801964;113.308250;111.670303;110.194870;108.863319;107.657715;94.102837;80.376114;81.340813;82.213333;83.001831,npp_d20151003_t1908306_e1914110_b20379,150.137,86.3207,31.5787,-80.7897,48.5062,71.6457
393,VBD_npp_d20151003_t1913138_x0988303E_y067486N_l2557_s2624_v23,2017-06-01 16:16:04,6.748556,98.830261,16.4955,2015-10-03 19:13:13,2015-10-04 02:13:13,2557,2624,0.408606,1,2529,0.639034,0.156506,0.831893,0.4,0.902735,0.75,0.0227402,0.0001,0.0130892,999999,8.149461e-03,3,Thailand Exclusive Economic Zone,,,SVDNB_npp_d20151003_t1908306_e1914110_b20379_c20151004011411684829_noaa_ops.h5,GDNBO_npp_d20151003_t1908306_e1914110_b20379_c20151004011411684577_noaa_ops.h5,SVI04_npp_d20151003_t1908306_e1914110_b20379_c20151004011412382962_noaa_ops.dspace_rad,VNFF_npp_d20151003_t1908306_e1914110_b20379_v21.csv,World_EEZ_v8_2014.shp,WPP_BFAR_merge.shp,KKP_IDN_merge_20161208.shp,VNF-VBD_npp_20120301-20151231_global_asia-enhanced_c201607211230.bitmask,NCEI_NGA.union.nga_lead2.add_2015ntl.mask,timezone.shp,VBD_platforms-recurring_2015_r20170330.shp,999999,VBD_bridges_c20160811.shp,25.640045;24.079651;21.102854;16.324032;11.511562;6.671830;1.810134;4.020473;6.006778;10.901870;15.807323;20.719898,83.680374;98.801964;113.308250;111.670303;110.194870;108.863319;107.657715;94.102837;80.376114;81.340813;82.213333;83.001831,npp_d20151003_t1908306_e1914110_b20379,150.133,86.3956,31.6685,-80.2095,48.5133,71.6083
397,VBD_npp_d20151003_t1913049_x0989755E_y073272N_l2468_s2626_v23,2017-06-01 16:16:04,7.327248,98.975471,2.95764,2015-10-03 19:13:04,2015-10-04 02:13:04,2468,2626,0.423472,1,2529,0.216397,0.158116,0.894739,0.4,0.839289,0.75,0.0229285,0.0001,0.0146668,999999,-6.859497e-03,3,Thailand Exclusive Economic Zone,,,SVDNB_npp_d20151003_t1908306_e1914110_b20379_c20151004011411684829_noaa_ops.h5,GDNBO_npp_d20151003_t1908306_e1914110_b20379_c20151004011411684577_noaa_ops.h5,SVI04_npp_d20151003_t1908306_e1914110_b20379_c20151004011412382962_noaa_ops.dspace_rad,VNFF_npp_d20151003_t1908306_e1914110_b20379_v21.csv,World_EEZ_v8_2014.shp,WPP_BFAR_merge.shp,KKP_IDN_merge_20161208.shp,VNF-VBD_npp_20120301-20151231_global_asia-enhanced_c201607211230.bitmask,NCEI_NGA.union.nga_lead2.add_2015ntl.mask,timezone.shp,VBD_platforms-recurring_2015_r20170330.shp,999999,VBD_bridges_c20160811.shp,25.640045;24.079651;21.102854;16.324032;11.511562;6.671830;1.810134;4.020473;6.006778;10.901870;15.807323;20.719898,83.680374;98.801964;113.308250;111.670303;110.194870;108.863319;107.657715;94.102837;80.376114;81.340813;82.213333;83.001831,npp_d20151003_t1908306_e1914110_b20379,149.985,85.4199,31.7565,-81.0234,48.2266,72.092
401,VBD_npp_d20151003_t1913031_x0989977E_y073773N_l2460_s2627_v23,2017-06-01 16:16:04,7.377264,98.997650,17.2435,2015-10-03 19:13:03,2015-10-04 02:13:03,2460,2627,0.421978,1,2529,0.694574,0.203992,0.891488,0.4,0.914043,0.75,0.0229477,0.0001,0.0140361,999999,-4.343872e-01,3,Thailand Exclusive Economic Zone,,,SVDNB_npp_d20151003_t1908306_e1914110_b20379_c20151004011411684829_noaa_ops.h5,GDNBO_npp_d20151003_t1908306_e1914110_b20379_c20151004011411684577_noaa_ops.h5,SVI04_npp_d20151003_t1908306_e1914110_b20379_c20151004011412382962_noaa_ops.dspace_rad,VNFF_npp_d20151003_t1908306_e1914110_b20379_v21.csv,World_EEZ_v8_2014.shp,WPP_BFAR_merge.shp,KKP_IDN_merge_20161208.shp,VNF-VBD_npp_20120301-20151231_global_asia-enhanced_c201607211230.bitmask,NCEI_NGA.union.nga_lead2.add_2015ntl.mask,timezone.shp,VBD_platforms-recurring_2015_r20170330.shp,999999,VBD_bridges_c20160811.shp,25.640045;24.079651;21.102854;16.324032;11.511562;6.671830;1.810134;4.020473;6.006778;10.901870;15.807323;20.719898,83.680374;98.801964;113.308250;111.670303;110.194870;108.863319;107.657715;94.102837;80.376114;81.340813;82.213333;83.001831,npp_d20151003_t1908306_e1914110_b20379,149.966,85.3376,31.7998,-80.2483,48.1967,72.1334
402,VBD_npp_d20151003_t1913049_x0989765E_y072928N_l2473_s2627_v23,2017-06-01 16:16:04,7.292781,98.976540,38.5386,2015-10-03 19:13:04,2015-10-04 02:13:04,2473,2627,0.421978,1,2529,0.988233,0.156612,0.903045,0.4,0.967451,0.75,0.022922,0.0001,0.0141993,999999,7.154863e-03,3,Thailand Exclusive Economic Zone,,,SVDNB_npp_d20151003_t1908306_e1914110_b20379_c20151004011411684829_noaa_ops.h5,GDNBO_npp_d20151003_t1908306_e1914110_b20379_c20151004011411684577_noaa_ops.h5,SVI04_npp_d20151003_t1908306_e1914110_b20379_c20151004011412382962_noaa_ops.dspace_rad,VNFF_npp_d20151003_t1908306_e1914110_b20379_v21.csv,World_EEZ_v8_2014.shp,WPP_BFAR_merge.shp,KKP_IDN_merge_20161208.shp,VNF-VBD_npp_20120301-20151231_global_asia-enhanced_c201607211230.bitmask,NCEI_NGA.union.nga_lead2.add_2015ntl.mask,timezone.shp,VBD_platforms-recurring_2015_r20170330.shp,999999,VBD_bridges_c20160811.shp,25.640045;24.079651;21.102854;16.324032;11.511562;6.671830;1.810134;4.020473;6.006778;10.901870;15.807323;20.719898,83.680374;98.801964;113.308250;111.670303;110.194870;108.863319;107.657715;94.102837;80.376114;81.340813;82.213333;83.001831,npp_d20151003_t1908306_e1914110_b20379,149.987,85.4797,31.8001,-80.5419,48.2363,72.0618
403,VBD_npp_d20151003_t1913031_x0990010E_y073561N_l2463_s2628_v23,2017-06-01 16:16:04,7.356114,99.000961,27.1781,2015-10-03 19:13:03,2015-10-04 02:13:03,2463,2628,0.420556,1,2529,0.861195,0.201538,0.892849,0.4,0.947135,0.75,0.0229453,0.0001,0.0137731,999999,-4.115229e-01,3,Thailand Exclusive Economic Zone,,,SVDNB_npp_d20151003_t1908306_e1914110_b20379_c20151004011411684829_noaa_ops.h5,GDNBO_npp_d20151003_t1908306_e1914110_b20379_c20151004011411684577_noaa_ops.h5,SVI04_npp_d20151003_t1908306_e1914110_b20379_c20151004011412382962_noaa_ops.dspace_rad,VNFF_npp_d20151003_t1908306_e1914110_b20379_v21.csv,World_EEZ_v8_2014.shp,WPP_BFAR_merge.shp,KKP_IDN_merge_20161208.shp,VNF-VBD_npp_20120301-20151231_global_asia-enhanced_c201607211230.bitmask,NCEI_NGA.union.nga_lead2.add_2015ntl.mask,timezone.shp,VBD_platforms-recurring_2015_r20170330.shp,999999,VBD_bridges_c20160811.shp,25.640045;24.079651;21.102854;16.324032;11.511562;6.671830;1.810134;4.020473;6.006778;10.901870;15.807323;20.719898,83.680374;98.801964;113.308250;111.670303;110.194870;108.863319;107.657715;94.102837;80.376114;81.340813;82.213333;83.001831,npp_d20151003_t1908306_e1914110_b20379,149.965,85.3749,31.8455,-79.9601,48.2001,72.1144
418,VBD_npp_d20151003_t1913102_x0989565E_y069303N_l2527_s2636_v23,2017-06-01 16:16:04,6.930269,98.956497,22.2347,2015-10-03 19:13:10,2015-10-04 02:13:10,2527,2636,0.420983,1,2529,0.708062,0.14026,0.915791,0.4,0.919168,0.75,0.0228432,0.0001,0.0134998,999999,1.595465e-01,3,Thailand Exclusive Economic Zone,,,SVDNB_npp_d20151003_t1908306_e1914110_b20379_c20151004011411684829_noaa_ops.h5,GDNBO_npp_d20151003_t1908306_e1914110_b20379_c20151004011411684577_noaa_ops.h5,SVI04_npp_d20151003_t1908306_e1914110_b20379_c20151004011412382962_noaa_ops.dspace_rad,VNFF_npp_d20151003_t1908306_e1914110_b20379_v21.csv,World_EEZ_v8_2014.shp,WPP_BFAR_merge.shp,KKP_IDN_merge_20161208.shp,VNF-VBD_npp_20120301-20151231_global_asia-enhanced_c201607211230.bitmask,NCEI_NGA.union.nga_lead2.add_2015ntl.mask,timezone.shp,VBD_platforms-recurring_2015_r20170330.shp,999999,VBD_bridges_c20160811.shp,25.640045;24.079651;21.102854;16.324032;11.511562;6.671830;1.810134;4.020473;6.006778;10.901870;15.807323;20.719898,83.680374;98.801964;113.308250;111.670303;110.194870;108.863319;107.657715;94.102837;80.376114;81.340813;82.213333;83.001831,npp_d20151003_t1908306_e1914110_b20379,150.011,86.1064,32.2036,-79.9988,48.3488,71.7467
421,VBD_npp_d20151003_t1913102_x0989733E_y069481N_l2524_s2638_v23,2017-06-01 16:16:04,6.948133,98.973267,27.04,2015-10-03 19:13:10,2015-10-04 02:13:10,2524,2638,0.428025,8,18913,0.840914,0.17018,0.905772,0.4,0.943113,0.75,0.0228563,0.0001,0.0138542,999999,-1.192866e-01,3,Thailand Exclusive Economic Zone,,,SVDNB_npp_d20151003_t1908306_e1914110_b20379_c20151004011411684829_noaa_ops.h5,GDNBO_npp_d20151003_t1908306_e1914110_b20379_c20151004011411684577_noaa_ops.h5,SVI04_npp_d20151003_t1908306_e1914110_b20379_c20151004011412382962_noaa_ops.dspace_rad,VNFF_npp_d20151003_t1908306_e1914110_b20379_v21.csv,World_EEZ_v8_2014.shp,WPP_BFAR_merge.shp,KKP_IDN_merge_20161208.shp,VNF-VBD_npp_20120301-20151231_global_asia-enhanced_c201607211230.bitmask,NCEI_NGA.union.nga_lead2.add_2015ntl.mask,timezone.shp,VBD_platforms-recurring_2015_r20170330.shp,0.282338,VBD_bridges_c20160811.shp,25.640045;24.079651;21.102854;16.324032;11.511562;6.671830;1.810134;4.020473;6.006778;10.901870;15.807323;20.719898,83.680374;98.801964;113.308250;111.670303;110.194870;108.863319;107.657715;94.102837;80.376114;81.340813;82.213333;83.001831,npp_d20151003_t1908306_e1914110_b20379,149.993,86.0795,32.2922,-80.2832,48.3272,71.7595
422,VBD_npp_d20151003_t1913120_x0989612E_y069174N_l2529_s2638_v23,2017-06-01 16:16:04,6.917424,98.961189,36.1752,2015-10-03 19:13:12,2015-10-04 02:13:12,2529,2638,0.426175,8,18913,0.879249,0.172556,0.915791,0.4,0.946986,0.75,0.0228461,0.0001,0.0148347,999999,-1.414274e-01,3,Thailand Exclusive Economic Zone,,,SVDNB_npp_d20151003_t1908306_e1914110_b20379_c20151004011411684829_noaa_ops.h5,GDNBO_npp_d20151003_t1908306_e1914110_b20379_c20151004011411684577_noaa_ops.h5,SVI04_npp_d20151003_t1908306_e1914110_b20379_c20151004011412382962_noaa_ops.dspace_rad,VNFF_npp_d20151003_t1908306_e1914110_b20379_v21.csv,World_EEZ_v8_2014.shp,WPP_BFAR_merge.shp,KKP_IDN_merge_20161208.shp,VNF-VBD_npp_20120301-20151231_global_asia-enhanced_c201607211230.bitmask,NCEI_NGA.union.nga_lead2.add_2015ntl.mask,timezone.shp,VBD_platforms-recurring_2015_r20170330.shp,0.326302,VBD_bridges_c20160811.shp,25.640045;24.079651;21.102854;16.324032;11.511562;6.671830;1.810134;4.020473;6.006778;10.901870;15.807323;20.719898,83.680374;98.801964;113.308250;111.670303;110.194870;108.863319;107.657715;94.102837;80.376114;81.340813;82.213333;83.001831,npp_d20151003_t1908306_e1914110_b20379,150,86.1315,32.2951,-81.3313,48.3416,71.7337
423,VBD_npp_d20151003_t1913120_x0989578E_y068973N_l2532_s2638_v23,2017-06-01 16:16:04,6.897305,98.957825,38.46,2015-10-03 19:13:12,2015-10-04 02:13:12,2532,2638,0.423259,8,18913,0.92537,0.146887,0.906351,0.4,0.944441,0.75,0.0228399,0.0001,0.0145259,999999,9.779239e-02,3,Thailand Exclusive Economic Zone,,,SVDNB_npp_d20151003_t1908306_e1914110_b20379_c20151004011411684829_noaa_ops.h5,GDNBO_npp_d20151003_t1908306_e1914110_b20379_c20151004011411684577_noaa_ops.h5,SVI04_npp_d20151003_t1908306_e1914110_b20379_c20151004011412382962_noaa_ops.dspace_rad,VNFF_npp_d20151003_t1908306_e1914110_b20379_v21.csv,World_EEZ_v8_2014.shp,WPP_BFAR_merge.shp,KKP_IDN_merge_20161208.shp,VNF-VBD_npp_20120301-20151231_global_asia-enhanced_c201607211230.bitmask,NCEI_NGA.union.nga_lead2.add_2015ntl.mask,timezone.shp,VBD_platforms-recurring_2015_r20170330.shp,0.304795,VBD_bridges_c20160811.shp,25.640045;24.079651;21.102854;16.324032;11.511562;6.671830;1.810134;4.020473;6.006778;10.901870;15.807323;20.719898,83.680374;98.801964;113.308250;111.670303;110.194870;108.863319;107.657715;94.102837;80.376114;81.340813;82.213333;83.001831,npp_d20151003_t1908306_e1914110_b20379,150.004,86.1655,32.2935,-81.0471,48.3512,71.7168
424,VBD_npp_d20151003_t1913120_x0989556E_y068839N_l2534_s2638_v23,2017-06-01 16:16:04,6.883893,98.955582,16.9959,2015-10-03 19:13:12,2015-10-04 02:13:12,2534,2638,0.421125,8,18913,0.625306,0.149025,0.906351,0.4,0.888135,0.75,0.0228358,0.0001,0.0143222,999999,7.785975e-02,3,Thailand Exclusive Economic Zone,,,SVDNB_npp_d20151003_t1908306_e1914110_b20379_c20151004011411684829_noaa_ops.h5,GDNBO_npp_d20151003_t1908306_e1914110_b20379_c20151004011411684577_noaa_ops.h5,SVI04_npp_d20151003_t1908306_e1914110_b20379_c20151004011412382962_noaa_ops.dspace_rad,VNFF_npp_d20151003_t1908306_e1914110_b20379_v21.csv,World_EEZ_v8_2014.shp,WPP_BFAR_merge.shp,KKP_IDN_merge_20161208.shp,VNF-VBD_npp_20120301-20151231_global_asia-enhanced_c201607211230.bitmask,NCEI_NGA.union.nga_lead2.add_2015ntl.mask,timezone.shp,VBD_platforms-recurring_2015_r20170330.shp,0.310081,VBD_bridges_c20160811.shp,25.640045;24.079651;21.102854;16.324032;11.511562;6.671830;1.810134;4.020473;6.006778;10.901870;15.807323;20.719898,83.680374;98.801964;113.308250;111.670303;110.194870;108.863319;107.657715;94.102837;80.376114;81.340813;82.213333;83.001831,npp_d20151003_t1908306_e1914110_b20379,150.008,86.1881,32.2929,-80.8576,48.3576,71.7055
428,VBD_npp_d20151003_t1913085_x0990165E_y071248N_l2497_s2639_v23,2017-06-01 16:16:04,7.124826,99.016495,20.8485,2015-10-03 19:13:08,2015-10-04 02:13:08,2497,2639,0.42774,8,18913,0.768239,0.157065,0.894444,0.4,0.959679,0.75,0.022915,0.0001,0.0151376,999999,2.935310e-03,3,Thailand Exclusive Economic Zone,,,SVDNB_npp_d20151003_t1908306_e1914110_b20379_c20151004011411684829_noaa_ops.h5,GDNBO_npp_d20151003_t1908306_e1914110_b20379_c20151004011411684577_noaa_ops.h5,SVI04_npp_d20151003_t1908306_e1914110_b20379_c20151004011412382962_noaa_ops.dspace_rad,VNFF_npp_d20151003_t1908306_e1914110_b20379_v21.csv,World_EEZ_v8_2014.shp,WPP_BFAR_merge.shp,KKP_IDN_merge_20161208.shp,VNF-VBD_npp_20120301-20151231_global_asia-enhanced_c201607211230.bitmask,NCEI_NGA.union.nga_lead2.add_2015ntl.mask,timezone.shp,VBD_platforms-recurring_2015_r20170330.shp,0.0270392,VBD_bridges_c20160811.shp,25.640045;24.079651;21.102854;16.324032;11.511562;6.671830;1.810134;4.020473;6.006778;10.901870;15.807323;20.719898,83.680374;98.801964;113.308250;111.670303;110.194870;108.863319;107.657715;94.102837;80.376114;81.340813;82.213333;83.001831,npp_d20151003_t1908306_e1914110_b20379,149.945,85.7834,32.3375,-81.3109,48.2371,71.9071
432,VBD_npp_d20151003_t1913049_x0990658E_y072503N_l2477_s2641_v23,2017-06-01 16:16:04,7.250348,99.065834,2.79596,2015-10-03 19:13:04,2015-10-04 02:13:04,2477,2641,0.42838,1,2529,0.21714,0.161685,0.669199,0.4,0.855359,0.75,0.0229628,0.0001,0.0142339,999999,-4.011779e-02,3,Thailand Exclusive Economic Zone,,,SVDNB_npp_d20151003_t1908306_e1914110_b20379_c20151004011411684829_noaa_ops.h5,GDNBO_npp_d20151003_t1908306_e1914110_b20379_c20151004011411684577_noaa_ops.h5,SVI04_npp_d20151003_t1908306_e1914110_b20379_c20151004011412382962_noaa_ops.dspace_rad,VNFF_npp_d20151003_t1908306_e1914110_b20379_v21.csv,World_EEZ_v8_2014.shp,WPP_BFAR_merge.shp,KKP_IDN_merge_20161208.shp,VNF-VBD_npp_20120301-20151231_global_asia-enhanced_c201607211230.bitmask,NCEI_NGA.union.nga_lead2.add_2015ntl.mask,timezone.shp,VBD_platforms-recurring_2015_r20170330.shp,999999,VBD_bridges_c20160811.shp,25.640045;24.079651;21.102854;16.324032;11.511562;6.671830;1.810134;4.020473;6.006778;10.901870;15.807323;20.719898,83.680374;98.801964;113.308250;111.670303;110.194870;108.863319;107.657715;94.102837;80.376114;81.340813;82.213333;83.001831,npp_d20151003_t1908306_e1914110_b20379,149.902,85.576,32.4276,-80.155,48.1643,72.0111
439,VBD_npp_d20151003_t1913102_x0990249E_y070086N_l2514_s2644_v23,2017-06-01 16:16:04,7.008613,99.024940,22.4901,2015-10-03 19:13:10,2015-10-04 02:13:10,2514,2644,0.424753,1,2529,0.693159,0.178488,0.841191,0.4,0.885893,0.75,0.0228976,0.0001,0.0150625,999999,-1.967121e-01,3,Thailand Exclusive Economic Zone,,,SVDNB_npp_d20151003_t1908306_e1914110_b20379_c20151004011411684829_noaa_ops.h5,GDNBO_npp_d20151003_t1908306_e1914110_b20379_c20151004011411684577_noaa_ops.h5,SVI04_npp_d20151003_t1908306_e1914110_b20379_c20151004011412382962_noaa_ops.dspace_rad,VNFF_npp_d20151003_t1908306_e1914110_b20379_v21.csv,World_EEZ_v8_2014.shp,WPP_BFAR_merge.shp,KKP_IDN_merge_20161208.shp,VNF-VBD_npp_20120301-20151231_global_asia-enhanced_c201607211230.bitmask,NCEI_NGA.union.nga_lead2.add_2015ntl.mask,timezone.shp,VBD_platforms-recurring_2015_r20170330.shp,999999,VBD_bridges_c20160811.shp,25.640045;24.079651;21.102854;16.324032;11.511562;6.671830;1.810134;4.020473;6.006778;10.901870;15.807323;20.719898,83.680374;98.801964;113.308250;111.670303;110.194870;108.863319;107.657715;94.102837;80.376114;81.340813;82.213333;83.001831,npp_d20151003_t1908306_e1914110_b20379,149.938,85.9876,32.5629,-81.2218,48.2588,71.8036
441,VBD_npp_d20151003_t1913085_x0990480E_y070644N_l2505_s2645_v23,2017-06-01 16:16:04,7.064444,99.047981,15.9869,2015-10-03 19:13:08,2015-10-04 02:13:08,2505,2645,0.426317,8,18913,0.677403,0.141521,0.890027,0.4,0.938489,0.75,0.0229195,0.0001,0.0144952,999999,1.477946e-01,3,Thailand Exclusive Economic Zone,,,SVDNB_npp_d20151003_t1908306_e1914110_b20379_c20151004011411684829_noaa_ops.h5,GDNBO_npp_d20151003_t1908306_e1914110_b20379_c20151004011411684577_noaa_ops.h5,SVI04_npp_d20151003_t1908306_e1914110_b20379_c20151004011412382962_noaa_ops.dspace_rad,VNFF_npp_d20151003_t1908306_e1914110_b20379_v21.csv,World_EEZ_v8_2014.shp,WPP_BFAR_merge.shp,KKP_IDN_merge_20161208.shp,VNF-VBD_npp_20120301-20151231_global_asia-enhanced_c201607211230.bitmask,NCEI_NGA.union.nga_lead2.add_2015ntl.mask,timezone.shp,VBD_platforms-recurring_2015_r20170330.shp,0.342437,VBD_bridges_c20160811.shp,25.640045;24.079651;21.102854;16.324032;11.511562;6.671830;1.810134;4.020473;6.006778;10.901870;15.807323;20.719898,83.680374;98.801964;113.308250;111.670303;110.194870;108.863319;107.657715;94.102837;80.376114;81.340813;82.213333;83.001831,npp_d20151003_t1908306_e1914110_b20379,149.918,85.8952,32.6038,-80.55,48.226,71.8496
446,VBD_npp_d20151003_t1913085_x0990694E_y071093N_l2498_s2647_v23,2017-06-01 16:16:04,7.109315,99.069420,28.8869,2015-10-03 19:13:08,2015-10-04 02:13:08,2498,2647,0.427384,8,18913,0.892631,0.149728,0.89242,0.4,0.958546,0.75,0.0229408,0.0001,0.0152913,999999,7.131386e-02,3,Thailand Exclusive Economic Zone,,,SVDNB_npp_d20151003_t1908306_e1914110_b20379_c20151004011411684829_noaa_ops.h5,GDNBO_npp_d20151003_t1908306_e1914110_b20379_c20151004011411684577_noaa_ops.h5,SVI04_npp_d20151003_t1908306_e1914110_b20379_c20151004011412382962_noaa_ops.dspace_rad,VNFF_npp_d20151003_t1908306_e1914110_b20379_v21.csv,World_EEZ_v8_2014.shp,WPP_BFAR_merge.shp,KKP_IDN_merge_20161208.shp,VNF-VBD_npp_20120301-20151231_global_asia-enhanced_c201607211230.bitmask,NCEI_NGA.union.nga_lead2.add_2015ntl.mask,timezone.shp,VBD_platforms-recurring_2015_r20170330.shp,0.322806,VBD_bridges_c20160811.shp,25.640045;24.079651;21.102854;16.324032;11.511562;6.671830;1.810134;4.020473;6.006778;10.901870;15.807323;20.719898,83.680374;98.801964;113.308250;111.670303;110.194870;108.863319;107.657715;94.102837;80.376114;81.340813;82.213333;83.001831,npp_d20151003_t1908306_e1914110_b20379,149.894,85.8233,32.6956,-81.2046,48.1915,71.8852
447,VBD_npp_d20151003_t1913085_x0990649E_y070824N_l2502_s2647_v23,2017-06-01 16:16:04,7.082390,99.064903,21.0363,2015-10-03 19:13:08,2015-10-04 02:13:08,2502,2647,0.427242,1,2529,0.772625,0.152842,0.901588,0.4,0.937607,0.75,0.0229326,0.0001,0.0148683,999999,4.228834e-02,3,Thailand Exclusive Economic Zone,,,SVDNB_npp_d20151003_t1908306_e1914110_b20379_c20151004011411684829_noaa_ops.h5,GDNBO_npp_d20151003_t1908306_e1914110_b20379_c20151004011411684577_noaa_ops.h5,SVI04_npp_d20151003_t1908306_e1914110_b20379_c20151004011412382962_noaa_ops.dspace_rad,VNFF_npp_d20151003_t1908306_e1914110_b20379_v21.csv,World_EEZ_v8_2014.shp,WPP_BFAR_merge.shp,KKP_IDN_merge_20161208.shp,VNF-VBD_npp_20120301-20151231_global_asia-enhanced_c201607211230.bitmask,NCEI_NGA.union.nga_lead2.add_2015ntl.mask,timezone.shp,VBD_platforms-recurring_2015_r20170330.shp,999999,VBD_bridges_c20160811.shp,25.640045;24.079651;21.102854;16.324032;11.511562;6.671830;1.810134;4.020473;6.006778;10.901870;15.807323;20.719898,83.680374;98.801964;113.308250;111.670303;110.194870;108.863319;107.657715;94.102837;80.376114;81.340813;82.213333;83.001831,npp_d20151003_t1908306_e1914110_b20379,149.9,85.8685,32.694,-80.8298,48.2042,71.8625
453,VBD_npp_d20151003_t1913120_x0990401E_y068908N_l2531_s2650_v23,2017-06-01 16:16:04,6.890785,99.040070,8.36403,2015-10-03 19:13:12,2015-10-04 02:13:12,2531,2650,0.423259,8,18913,0.495899,0.157808,0.824781,0.4,0.931498,0.75,0.0228836,0.0001,0.0150037,999999,-3.987945e-03,3,Thailand Exclusive Economic Zone,,,SVDNB_npp_d20151003_t1908306_e1914110_b20379_c20151004011411684829_noaa_ops.h5,GDNBO_npp_d20151003_t1908306_e1914110_b20379_c20151004011411684577_noaa_ops.h5,SVI04_npp_d20151003_t1908306_e1914110_b20379_c20151004011412382962_noaa_ops.dspace_rad,VNFF_npp_d20151003_t1908306_e1914110_b20379_v21.csv,World_EEZ_v8_2014.shp,WPP_BFAR_merge.shp,KKP_IDN_merge_20161208.shp,VNF-VBD_npp_20120301-20151231_global_asia-enhanced_c201607211230.bitmask,NCEI_NGA.union.nga_lead2.add_2015ntl.mask,timezone.shp,VBD_platforms-recurring_2015_r20170330.shp,0.201732,VBD_bridges_c20160811.shp,25.640045;24.079651;21.102854;16.324032;11.511562;6.671830;1.810134;4.020473;6.006778;10.901870;15.807323;20.719898,83.680374;98.801964;113.308250;111.670303;110.194870;108.863319;107.657715;94.102837;80.376114;81.340813;82.213333;83.001831,npp_d20151003_t1908306_e1914110_b20379,149.923,86.196,32.8321,-81.1259,48.2749,71.6976
455,VBD_npp_d20151003_t1913031_x0991626E_y073704N_l2457_s2651_v23,2017-06-01 16:16:04,7.370429,99.162582,4.65117,2015-10-03 19:13:03,2015-10-04 02:13:03,2457,2651,0.41643,8,18913,0.305317,0.164945,0.763068,0.4,0.855785,0.75,0.0230371,0.0001,0.0150926,999999,-7.049906e-02,3,Thailand Exclusive Economic Zone,,,SVDNB_npp_d20151003_t1908306_e1914110_b20379_c20151004011411684829_noaa_ops.h5,GDNBO_npp_d20151003_t1908306_e1914110_b20379_c20151004011411684577_noaa_ops.h5,SVI04_npp_d20151003_t1908306_e1914110_b20379_c20151004011412382962_noaa_ops.dspace_rad,VNFF_npp_d20151003_t1908306_e1914110_b20379_v21.csv,World_EEZ_v8_2014.shp,WPP_BFAR_merge.shp,KKP_IDN_merge_20161208.shp,VNF-VBD_npp_20120301-20151231_global_asia-enhanced_c201607211230.bitmask,NCEI_NGA.union.nga_lead2.add_2015ntl.mask,timezone.shp,VBD_platforms-recurring_2015_r20170330.shp,0.929132,VBD_bridges_c20160811.shp,25.640045;24.079651;21.102854;16.324032;11.511562;6.671830;1.810134;4.020473;6.006778;10.901870;15.807323;20.719898,83.680374;98.801964;113.308250;111.670303;110.194870;108.863319;107.657715;94.102837;80.376114;81.340813;82.213333;83.001831,npp_d20151003_t1908306_e1914110_b20379,149.804,85.3933,32.875,-80.5199,48.0414,72.1024
462,VBD_npp_d20151003_t1913049_x0991699E_y072884N_l2469_s2655_v23,2017-06-01 16:16:04,7.288424,99.169899,8.909,2015-10-03 19:13:04,2015-10-04 02:13:04,2469,2655,0.409957,1,2529,0.481409,0.155929,0.865159,0.4,0.89014,0.75,0.0230273,0.0001,0.0155017,999999,1.352597e-02,3,Thailand Exclusive Economic Zone,,,SVDNB_npp_d20151003_t1908306_e1914110_b20379_c20151004011411684829_noaa_ops.h5,GDNBO_npp_d20151003_t1908306_e1914110_b20379_c20151004011411684577_noaa_ops.h5,SVI04_npp_d20151003_t1908306_e1914110_b20379_c20151004011412382962_noaa_ops.dspace_rad,VNFF_npp_d20151003_t1908306_e1914110_b20379_v21.csv,World_EEZ_v8_2014.shp,WPP_BFAR_merge.shp,KKP_IDN_merge_20161208.shp,VNF-VBD_npp_20120301-20151231_global_asia-enhanced_c201607211230.bitmask,NCEI_NGA.union.nga_lead2.add_2015ntl.mask,timezone.shp,VBD_platforms-recurring_2015_r20170330.shp,999999,VBD_bridges_c20160811.shp,25.640045;24.079651;21.102854;16.324032;11.511562;6.671830;1.810134;4.020473;6.006778;10.901870;15.807323;20.719898,83.680374;98.801964;113.308250;111.670303;110.194870;108.863319;107.657715;94.102837;80.376114;81.340813;82.213333;83.001831,npp_d20151003_t1908306_e1914110_b20379,149.796,85.5376,33.0559,-80.8941,48.0531,72.0282
463,VBD_npp_d20151003_t1913102_x0990952E_y069694N_l2518_s2655_v23,2017-06-01 16:16:04,6.969424,99.095177,16.1754,2015-10-03 19:13:10,2015-10-04 02:13:10,2518,2655,0.425393,8,18913,0.630794,0.150064,0.86866,0.4,0.905228,0.75,0.0229276,0.0001,0.0149785,999999,6.817693e-02,3,Thailand Exclusive Economic Zone,,,SVDNB_npp_d20151003_t1908306_e1914110_b20379_c20151004011411684829_noaa_ops.h5,GDNBO_npp_d20151003_t1908306_e1914110_b20379_c20151004011411684577_noaa_ops.h5,SVI04_npp_d20151003_t1908306_e1914110_b20379_c20151004011412382962_noaa_ops.dspace_rad,VNFF_npp_d20151003_t1908306_e1914110_b20379_v21.csv,World_EEZ_v8_2014.shp,WPP_BFAR_merge.shp,KKP_IDN_merge_20161208.shp,VNF-VBD_npp_20120301-20151231_global_asia-enhanced_c201607211230.bitmask,NCEI_NGA.union.nga_lead2.add_2015ntl.mask,timezone.shp,VBD_platforms-recurring_2015_r20170330.shp,0.417895,VBD_bridges_c20160811.shp,25.640045;24.079651;21.102854;16.324032;11.511562;6.671830;1.810134;4.020473;6.006778;10.901870;15.807323;20.719898,83.680374;98.801964;113.308250;111.670303;110.194870;108.863319;107.657715;94.102837;80.376114;81.340813;82.213333;83.001831,npp_d20151003_t1908306_e1914110_b20379,149.871,86.0719,33.0549,-80.8347,48.2042,71.7581
465,VBD_npp_d20151003_t1913067_x0991549E_y071969N_l2483_s2656_v23,2017-06-01 16:16:04,7.196859,99.154884,39.8035,2015-10-03 19:13:06,2015-10-04 02:13:06,2483,2656,0.430016,1,2529,0.995433,0.151615,0.891043,0.4,0.955296,0.75,0.0230027,0.0001,0.0156152,999999,5.373013e-02,3,Thailand Exclusive Economic Zone,,,SVDNB_npp_d20151003_t1908306_e1914110_b20379_c20151004011411684829_noaa_ops.h5,GDNBO_npp_d20151003_t1908306_e1914110_b20379_c20151004011411684577_noaa_ops.h5,SVI04_npp_d20151003_t1908306_e1914110_b20379_c20151004011412382962_noaa_ops.dspace_rad,VNFF_npp_d20151003_t1908306_e1914110_b20379_v21.csv,World_EEZ_v8_2014.shp,WPP_BFAR_merge.shp,KKP_IDN_merge_20161208.shp,VNF-VBD_npp_20120301-20151231_global_asia-enhanced_c201607211230.bitmask,NCEI_NGA.union.nga_lead2.add_2015ntl.mask,timezone.shp,VBD_platforms-recurring_2015_r20170330.shp,999999,VBD_bridges_c20160811.shp,25.640045;24.079651;21.102854;16.324032;11.511562;6.671830;1.810134;4.020473;6.006778;10.901870;15.807323;20.719898,83.680374;98.801964;113.308250;111.670303;110.194870;108.863319;107.657715;94.102837;80.376114;81.340813;82.213333;83.001831,npp_d20151003_t1908306_e1914110_b20379,149.81,85.6925,33.104,-81.0919,48.0893,71.9493
466,VBD_npp_d20151003_t1913120_x0990753E_y068503N_l2536_s2656_v23,2017-06-01 16:16:04,6.850323,99.075310,23.6451,2015-10-03 19:13:12,2015-10-04 02:13:12,2536,2656,0.421765,8,18913,0.747406,0.156456,0.840841,0.4,0.911469,0.75,0.0228943,0.0001,0.0146544,999999,8.614556e-03,3,Thailand Exclusive Economic Zone,,,SVDNB_npp_d20151003_t1908306_e1914110_b20379_c20151004011411684829_noaa_ops.h5,GDNBO_npp_d20151003_t1908306_e1914110_b20379_c20151004011411684577_noaa_ops.h5,SVI04_npp_d20151003_t1908306_e1914110_b20379_c20151004011412382962_noaa_ops.dspace_rad,VNFF_npp_d20151003_t1908306_e1914110_b20379_v21.csv,World_EEZ_v8_2014.shp,WPP_BFAR_merge.shp,KKP_IDN_merge_20161208.shp,VNF-VBD_npp_20120301-20151231_global_asia-enhanced_c201607211230.bitmask,NCEI_NGA.union.nga_lead2.add_2015ntl.mask,timezone.shp,VBD_platforms-recurring_2015_r20170330.shp,0.428701,VBD_bridges_c20160811.shp,25.640045;24.079651;21.102854;16.324032;11.511562;6.671830;1.810134;4.020473;6.006778;10.901870;15.807323;20.719898,83.680374;98.801964;113.308250;111.670303;110.194870;108.863319;107.657715;94.102837;80.376114;81.340813;82.213333;83.001831,npp_d20151003_t1908306_e1914110_b20379,149.891,86.2738,33.1,-80.6547,48.2541,71.6566
467,VBD_npp_d20151003_t1913049_x0991881E_y073132N_l2465_s2657_v23,2017-06-01 16:16:04,7.313210,99.188133,10.8238,2015-10-03 19:13:04,2015-10-04 02:13:04,2465,2657,0.428807,1,2529,0.530644,0.140819,0.865071,0.4,0.900026,0.75,0.0230421,0.0001,0.0160035,999999,1.543372e-01,3,Thailand Exclusive Economic Zone,,,SVDNB_npp_d20151003_t1908306_e1914110_b20379_c20151004011411684829_noaa_ops.h5,GDNBO_npp_d20151003_t1908306_e1914110_b20379_c20151004011411684577_noaa_ops.h5,SVI04_npp_d20151003_t1908306_e1914110_b20379_c20151004011412382962_noaa_ops.dspace_rad,VNFF_npp_d20151003_t1908306_e1914110_b20379_v21.csv,World_EEZ_v8_2014.shp,WPP_BFAR_merge.shp,KKP_IDN_merge_20161208.shp,VNF-VBD_npp_20120301-20151231_global_asia-enhanced_c201607211230.bitmask,NCEI_NGA.union.nga_lead2.add_2015ntl.mask,timezone.shp,VBD_platforms-recurring_2015_r20170330.shp,999999,VBD_bridges_c20160811.shp,25.640045;24.079651;21.102854;16.324032;11.511562;6.671830;1.810134;4.020473;6.006778;10.901870;15.807323;20.719898,83.680374;98.801964;113.308250;111.670303;110.194870;108.863319;107.657715;94.102837;80.376114;81.340813;82.213333;83.001831,npp_d20151003_t1908306_e1914110_b20379,149.776,85.4999,33.1477,-81.2619,48.028,72.0471
468,VBD_npp_d20151003_t1913102_x0991077E_y069604N_l2519_s2657_v23,2017-06-01 16:16:04,6.960413,99.107719,24.655,2015-10-03 19:13:10,2015-10-04 02:13:10,2519,2657,0.426744,1,2529,0.822082,0.144085,0.869632,0.4,0.93778,0.75,0.0229325,0.0001,0.0149312,999999,1.239036e-01,3,Thailand Exclusive Economic Zone,,,SVDNB_npp_d20151003_t1908306_e1914110_b20379_c20151004011411684829_noaa_ops.h5,GDNBO_npp_d20151003_t1908306_e1914110_b20379_c20151004011411684577_noaa_ops.h5,SVI04_npp_d20151003_t1908306_e1914110_b20379_c20151004011412382962_noaa_ops.dspace_rad,VNFF_npp_d20151003_t1908306_e1914110_b20379_v21.csv,World_EEZ_v8_2014.shp,WPP_BFAR_merge.shp,KKP_IDN_merge_20161208.shp,VNF-VBD_npp_20120301-20151231_global_asia-enhanced_c201607211230.bitmask,NCEI_NGA.union.nga_lead2.add_2015ntl.mask,timezone.shp,VBD_platforms-recurring_2015_r20170330.shp,999999,VBD_bridges_c20160811.shp,25.640045;24.079651;21.102854;16.324032;11.511562;6.671830;1.810134;4.020473;6.006778;10.901870;15.807323;20.719898,83.680374;98.801964;113.308250;111.670303;110.194870;108.863319;107.657715;94.102837;80.376114;81.340813;82.213333;83.001831,npp_d20151003_t1908306_e1914110_b20379,149.859,86.0904,33.1446,-80.7402,48.1951,71.7482
469,VBD_npp_d20151003_t1913120_x0990742E_y068019N_l2543_s2657_v23,2017-06-01 16:16:04,6.801864,99.074242,11.7504,2015-10-03 19:13:12,2015-10-04 02:13:12,2543,2657,0.420912,2,2465,0.486947,0.140761,0.757427,0.4,0.695491,0.75,0.0228834,0.0001,0.0139548,999999,1.548764e-01,3,Thailand Exclusive Economic Zone,,,SVDNB_npp_d20151003_t1908306_e1914110_b20379_c20151004011411684829_noaa_ops.h5,GDNBO_npp_d20151003_t1908306_e1914110_b20379_c20151004011411684577_noaa_ops.h5,SVI04_npp_d20151003_t1908306_e1914110_b20379_c20151004011412382962_noaa_ops.dspace_rad,VNFF_npp_d20151003_t1908306_e1914110_b20379_v21.csv,World_EEZ_v8_2014.shp,WPP_BFAR_merge.shp,KKP_IDN_merge_20161208.shp,VNF-VBD_npp_20120301-20151231_global_asia-enhanced_c201607211230.bitmask,NCEI_NGA.union.nga_lead2.add_2015ntl.mask,timezone.shp,VBD_platforms-recurring_2015_r20170330.shp,999999,VBD_bridges_c20160811.shp,25.640045;24.079651;21.102854;16.324032;11.511562;6.671830;1.810134;4.020473;6.006778;10.901870;15.807323;20.719898,83.680374;98.801964;113.308250;111.670303;110.194870;108.863319;107.657715;94.102837;80.376114;81.340813;82.213333;83.001831,npp_d20151003_t1908306_e1914110_b20379,149.895,86.357,33.1461,-80.006,48.2706,71.6147
470,VBD_npp_d20151003_t1913031_x0992104E_y073625N_l2457_s2658_v23,2017-06-01 16:16:04,7.362471,99.210388,7.23233,2015-10-03 19:13:03,2015-10-04 02:13:03,2457,2658,0.344303,2,2465,0.342073,0.1746,0.797657,0.4,0.641518,0.75,0.0230614,0.0001,0.0153051,999999,-1.604750e-01,3,Thailand Exclusive Economic Zone,,,SVDNB_npp_d20151003_t1908306_e1914110_b20379_c20151004011411684829_noaa_ops.h5,GDNBO_npp_d20151003_t1908306_e1914110_b20379_c20151004011411684577_noaa_ops.h5,SVI04_npp_d20151003_t1908306_e1914110_b20379_c20151004011412382962_noaa_ops.dspace_rad,VNFF_npp_d20151003_t1908306_e1914110_b20379_v21.csv,World_EEZ_v8_2014.shp,WPP_BFAR_merge.shp,KKP_IDN_merge_20161208.shp,VNF-VBD_npp_20120301-20151231_global_asia-enhanced_c201607211230.bitmask,NCEI_NGA.union.nga_lead2.add_2015ntl.mask,timezone.shp,VBD_platforms-recurring_2015_r20170330.shp,999999,VBD_bridges_c20160811.shp,25.640045;24.079651;21.102854;16.324032;11.511562;6.671830;1.810134;4.020473;6.006778;10.901870;15.807323;20.719898,83.680374;98.801964;113.308250;111.670303;110.194870;108.863319;107.657715;94.102837;80.376114;81.340813;82.213333;83.001831,npp_d20151003_t1908306_e1914110_b20379,149.757,85.4195,33.1894,-80.5149,47.9982,72.0881
471,VBD_npp_d20151003_t1913049_x0991916E_y072918N_l2468_s2658_v23,2017-06-01 16:16:04,7.291808,99.191566,10.7937,2015-10-03 19:13:04,2015-10-04 02:13:04,2468,2658,0.427527,1,2529,0.504039,0.143463,0.865159,0.4,0.876739,0.75,0.0230397,0.0001,0.015704,999999,1.296986e-01,3,Thailand Exclusive Economic Zone,,,SVDNB_npp_d20151003_t1908306_e1914110_b20379_c20151004011411684829_noaa_ops.h5,GDNBO_npp_d20151003_t1908306_e1914110_b20379_c20151004011411684577_noaa_ops.h5,SVI04_npp_d20151003_t1908306_e1914110_b20379_c20151004011412382962_noaa_ops.dspace_rad,VNFF_npp_d20151003_t1908306_e1914110_b20379_v21.csv,World_EEZ_v8_2014.shp,WPP_BFAR_merge.shp,KKP_IDN_merge_20161208.shp,VNF-VBD_npp_20120301-20151231_global_asia-enhanced_c201607211230.bitmask,NCEI_NGA.union.nga_lead2.add_2015ntl.mask,timezone.shp,VBD_platforms-recurring_2015_r20170330.shp,999999,VBD_bridges_c20160811.shp,25.640045;24.079651;21.102854;16.324032;11.511562;6.671830;1.810134;4.020473;6.006778;10.901870;15.807323;20.719898,83.680374;98.801964;113.308250;111.670303;110.194870;108.863319;107.657715;94.102837;80.376114;81.340813;82.213333;83.001831,npp_d20151003_t1908306_e1914110_b20379,149.774,85.5374,33.191,-80.9831,48.0314,72.0278
477,VBD_npp_d20151003_t1913031_x0992264E_y073320N_l2461_s2661_v23,2017-06-01 16:16:04,7.331956,99.226425,18.9892,2015-10-03 19:13:03,2015-10-04 02:13:03,2461,2661,0.419987,1,2529,0.696568,0.151993,0.843879,0.4,0.833072,0.75,0.0230639,0.0001,0.0149626,999999,5.020552e-02,3,Thailand Exclusive Economic Zone,,,SVDNB_npp_d20151003_t1908306_e1914110_b20379_c20151004011411684829_noaa_ops.h5,GDNBO_npp_d20151003_t1908306_e1914110_b20379_c20151004011411684577_noaa_ops.h5,SVI04_npp_d20151003_t1908306_e1914110_b20379_c20151004011412382962_noaa_ops.dspace_rad,VNFF_npp_d20151003_t1908306_e1914110_b20379_v21.csv,World_EEZ_v8_2014.shp,WPP_BFAR_merge.shp,KKP_IDN_merge_20161208.shp,VNF-VBD_npp_20120301-20151231_global_asia-enhanced_c201607211230.bitmask,NCEI_NGA.union.nga_lead2.add_2015ntl.mask,timezone.shp,VBD_platforms-recurring_2015_r20170330.shp,999999,VBD_bridges_c20160811.shp,25.640045;24.079651;21.102854;16.324032;11.511562;6.671830;1.810134;4.020473;6.006778;10.901870;15.807323;20.719898,83.680374;98.801964;113.308250;111.670303;110.194870;108.863319;107.657715;94.102837;80.376114;81.340813;82.213333;83.001831,npp_d20151003_t1908306_e1914110_b20379,149.744,85.4759,33.3247,-80.1444,47.9924,72.0588
478,VBD_npp_d20151003_t1913085_x0991639E_y070452N_l2505_s2662_v23,2017-06-01 16:16:04,7.045192,99.163910,12.586,2015-10-03 19:13:08,2015-10-04 02:13:08,2505,2662,0.423117,1,2529,0.602884,0.169262,0.84702,0.4,0.929747,0.75,0.0229785,0.0001,0.0149968,999999,-1.107266e-01,3,Thailand Exclusive Economic Zone,,,SVDNB_npp_d20151003_t1908306_e1914110_b20379_c20151004011411684829_noaa_ops.h5,GDNBO_npp_d20151003_t1908306_e1914110_b20379_c20151004011411684577_noaa_ops.h5,SVI04_npp_d20151003_t1908306_e1914110_b20379_c20151004011412382962_noaa_ops.dspace_rad,VNFF_npp_d20151003_t1908306_e1914110_b20379_v21.csv,World_EEZ_v8_2014.shp,WPP_BFAR_merge.shp,KKP_IDN_merge_20161208.shp,VNF-VBD_npp_20120301-20151231_global_asia-enhanced_c201607211230.bitmask,NCEI_NGA.union.nga_lead2.add_2015ntl.mask,timezone.shp,VBD_platforms-recurring_2015_r20170330.shp,999999,VBD_bridges_c20160811.shp,25.640045;24.079651;21.102854;16.324032;11.511562;6.671830;1.810134;4.020473;6.006778;10.901870;15.807323;20.719898,83.680374;98.801964;113.308250;111.670303;110.194870;108.863319;107.657715;94.102837;80.376114;81.340813;82.213333;83.001831,npp_d20151003_t1908306_e1914110_b20379,149.805,85.9566,33.3673,-80.5387,48.1215,71.8141
480,VBD_npp_d20151003_t1913120_x0991245E_y068073N_l2541_s2664_v23,2017-06-01 16:16:04,6.807337,99.124512,8.72756,2015-10-03 19:13:12,2015-10-04 02:13:12,2541,2664,0.418991,1,2529,0.424135,0.166727,0.761646,0.4,0.831558,0.75,0.0229118,0.0001,0.0143514,999999,-8.710935e-02,3,Thailand Exclusive Economic Zone,,,SVDNB_npp_d20151003_t1908306_e1914110_b20379_c20151004011411684829_noaa_ops.h5,GDNBO_npp_d20151003_t1908306_e1914110_b20379_c20151004011411684577_noaa_ops.h5,SVI04_npp_d20151003_t1908306_e1914110_b20379_c20151004011412382962_noaa_ops.dspace_rad,VNFF_npp_d20151003_t1908306_e1914110_b20379_v21.csv,World_EEZ_v8_2014.shp,WPP_BFAR_merge.shp,KKP_IDN_merge_20161208.shp,VNF-VBD_npp_20120301-20151231_global_asia-enhanced_c201607211230.bitmask,NCEI_NGA.union.nga_lead2.add_2015ntl.mask,timezone.shp,VBD_platforms-recurring_2015_r20170330.shp,999999,VBD_bridges_c20160811.shp,25.640045;24.079651;21.102854;16.324032;11.511562;6.671830;1.810134;4.020473;6.006778;10.901870;15.807323;20.719898,83.680374;98.801964;113.308250;111.670303;110.194870;108.863319;107.657715;94.102837;80.376114;81.340813;82.213333;83.001831,npp_d20151003_t1908306_e1914110_b20379,149.845,86.359,33.46,-80.1897,48.2209,71.611
481,VBD_npp_d20151003_t1913102_x0991646E_y069643N_l2517_s2665_v23,2017-06-01 16:16:04,6.964308,99.164597,30.9681,2015-10-03 19:13:10,2015-10-04 02:13:10,2517,2665,0.418422,1,2529,0.85612,0.169618,0.869118,0.4,0.930635,0.75,0.0229644,0.0001,0.0153709,999999,-1.140439e-01,3,Thailand Exclusive Economic Zone,,,SVDNB_npp_d20151003_t1908306_e1914110_b20379_c20151004011411684829_noaa_ops.h5,GDNBO_npp_d20151003_t1908306_e1914110_b20379_c20151004011411684577_noaa_ops.h5,SVI04_npp_d20151003_t1908306_e1914110_b20379_c20151004011412382962_noaa_ops.dspace_rad,VNFF_npp_d20151003_t1908306_e1914110_b20379_v21.csv,World_EEZ_v8_2014.shp,WPP_BFAR_merge.shp,KKP_IDN_merge_20161208.shp,VNF-VBD_npp_20120301-20151231_global_asia-enhanced_c201607211230.bitmask,NCEI_NGA.union.nga_lead2.add_2015ntl.mask,timezone.shp,VBD_platforms-recurring_2015_r20170330.shp,999999,VBD_bridges_c20160811.shp,25.640045;24.079651;21.102854;16.324032;11.511562;6.671830;1.810134;4.020473;6.006778;10.901870;15.807323;20.719898,83.680374;98.801964;113.308250;111.670303;110.194870;108.863319;107.657715;94.102837;80.376114;81.340813;82.213333;83.001831,npp_d20151003_t1908306_e1914110_b20379,149.803,86.0972,33.5033,-80.9079,48.1396,71.7422
485,VBD_npp_d20151003_t1913102_x0991666E_y069368N_l2521_s2666_v23,2017-06-01 16:16:04,6.936825,99.166649,13.687,2015-10-03 19:13:10,2015-10-04 02:13:10,2521,2666,0.416003,1,2529,0.521853,0.172517,0.864615,0.4,0.8642,0.75,0.0229597,0.0001,0.0149741,999999,-1.410677e-01,3,Thailand Exclusive Economic Zone,,,SVDNB_npp_d20151003_t1908306_e1914110_b20379_c20151004011411684829_noaa_ops.h5,GDNBO_npp_d20151003_t1908306_e1914110_b20379_c20151004011411684577_noaa_ops.h5,SVI04_npp_d20151003_t1908306_e1914110_b20379_c20151004011412382962_noaa_ops.dspace_rad,VNFF_npp_d20151003_t1908306_e1914110_b20379_v21.csv,World_EEZ_v8_2014.shp,WPP_BFAR_merge.shp,KKP_IDN_merge_20161208.shp,VNF-VBD_npp_20120301-20151231_global_asia-enhanced_c201607211230.bitmask,NCEI_NGA.union.nga_lead2.add_2015ntl.mask,timezone.shp,VBD_platforms-recurring_2015_r20170330.shp,999999,VBD_bridges_c20160811.shp,25.640045;24.079651;21.102854;16.324032;11.511562;6.671830;1.810134;4.020473;6.006778;10.901870;15.807323;20.719898,83.680374;98.801964;113.308250;111.670303;110.194870;108.863319;107.657715;94.102837;80.376114;81.340813;82.213333;83.001831,npp_d20151003_t1908306_e1914110_b20379,149.802,86.1448,33.5448,-80.5504,48.1464,71.7179
489,VBD_npp_d20151003_t1913156_x0991114E_y066142N_l2570_s2669_v23,2017-06-01 16:16:04,6.614248,99.111351,11.363,2015-10-03 19:13:15,2015-10-04 02:13:15,2570,2669,0.326592,8,18849,0.363235,0.160151,0.605707,0.4,0.705006,0.75,0.0228698,0.0001,0.0145239,999999,-2.582012e-02,3,Thailand Exclusive Economic Zone,,,SVDNB_npp_d20151003_t1908306_e1914110_b20379_c20151004011411684829_noaa_ops.h5,GDNBO_npp_d20151003_t1908306_e1914110_b20379_c20151004011411684577_noaa_ops.h5,SVI04_npp_d20151003_t1908306_e1914110_b20379_c20151004011412382962_noaa_ops.dspace_rad,VNFF_npp_d20151003_t1908306_e1914110_b20379_v21.csv,World_EEZ_v8_2014.shp,WPP_BFAR_merge.shp,KKP_IDN_merge_20161208.shp,VNF-VBD_npp_20120301-20151231_global_asia-enhanced_c201607211230.bitmask,NCEI_NGA.union.nga_lead2.add_2015ntl.mask,timezone.shp,VBD_platforms-recurring_2015_r20170330.shp,0.428271,VBD_bridges_c20160811.shp,25.640045;24.079651;21.102854;16.324032;11.511562;6.671830;1.810134;4.020473;6.006778;10.901870;15.807323;20.719898,83.680374;98.801964;113.308250;111.670303;110.194870;108.863319;107.657715;94.102837;80.376114;81.340813;82.213333;83.001831,npp_d20151003_t1908306_e1914110_b20379,149.855,86.6912,33.67,-80.4862,48.2817,71.4433
495,VBD_npp_d20151003_t1913138_x0991593E_y067352N_l2551_s2672_v23,2017-06-01 16:16:04,6.735195,99.159309,11.5634,2015-10-03 19:13:13,2015-10-04 02:13:13,2551,2672,0.412731,1,2529,0.448594,0.139802,0.675441,0.4,0.792259,0.75,0.0229191,0.0001,0.0150619,999999,1.638113e-01,3,Thailand Exclusive Economic Zone,,,SVDNB_npp_d20151003_t1908306_e1914110_b20379_c20151004011411684829_noaa_ops.h5,GDNBO_npp_d20151003_t1908306_e1914110_b20379_c20151004011411684577_noaa_ops.h5,SVI04_npp_d20151003_t1908306_e1914110_b20379_c20151004011412382962_noaa_ops.dspace_rad,VNFF_npp_d20151003_t1908306_e1914110_b20379_v21.csv,World_EEZ_v8_2014.shp,WPP_BFAR_merge.shp,KKP_IDN_merge_20161208.shp,VNF-VBD_npp_20120301-20151231_global_asia-enhanced_c201607211230.bitmask,NCEI_NGA.union.nga_lead2.add_2015ntl.mask,timezone.shp,VBD_platforms-recurring_2015_r20170330.shp,999999,VBD_bridges_c20160811.shp,25.640045;24.079651;21.102854;16.324032;11.511562;6.671830;1.810134;4.020473;6.006778;10.901870;15.807323;20.719898,83.680374;98.801964;113.308250;111.670303;110.194870;108.863319;107.657715;94.102837;80.376114;81.340813;82.213333;83.001831,npp_d20151003_t1908306_e1914110_b20379,149.808,86.4923,33.8012,-80.7437,48.204,71.5412
497,VBD_npp_d20151003_t1913156_x0991407E_y066298N_l2567_s2673_v23,2017-06-01 16:16:04,6.629799,99.140686,9.90839,2015-10-03 19:13:15,2015-10-04 02:13:15,2567,2673,0.338684,2,2465,0.221327,0.174474,0.615897,0.4,0.548909,0.75,0.0228898,0.0001,0.0149395,999999,-1.593012e-01,3,Thailand Exclusive Economic Zone,,,SVDNB_npp_d20151003_t1908306_e1914110_b20379_c20151004011411684829_noaa_ops.h5,GDNBO_npp_d20151003_t1908306_e1914110_b20379_c20151004011411684577_noaa_ops.h5,SVI04_npp_d20151003_t1908306_e1914110_b20379_c20151004011412382962_noaa_ops.dspace_rad,VNFF_npp_d20151003_t1908306_e1914110_b20379_v21.csv,World_EEZ_v8_2014.shp,WPP_BFAR_merge.shp,KKP_IDN_merge_20161208.shp,VNF-VBD_npp_20120301-20151231_global_asia-enhanced_c201607211230.bitmask,NCEI_NGA.union.nga_lead2.add_2015ntl.mask,timezone.shp,VBD_platforms-recurring_2015_r20170330.shp,999999,VBD_bridges_c20160811.shp,25.640045;24.079651;21.102854;16.324032;11.511562;6.671830;1.810134;4.020473;6.006778;10.901870;15.807323;20.719898,83.680374;98.801964;113.308250;111.670303;110.194870;108.863319;107.657715;94.102837;80.376114;81.340813;82.213333;83.001831,npp_d20151003_t1908306_e1914110_b20379,149.825,86.6708,33.8393,-80.7495,48.2488,71.4516
498,VBD_npp_d20151003_t1913156_x0991450E_y066155N_l2569_s2674_v23,2017-06-01 16:16:04,6.615470,99.144989,12.2783,2015-10-03 19:13:15,2015-10-04 02:13:15,2569,2674,0.336835,8,18849,0.384818,0.122162,0.615897,0.4,0.671777,0.75,0.0228892,0.0001,0.0147531,999999,3.282092e-01,3,Thailand Exclusive Economic Zone,,,SVDNB_npp_d20151003_t1908306_e1914110_b20379_c20151004011411684829_noaa_ops.h5,GDNBO_npp_d20151003_t1908306_e1914110_b20379_c20151004011411684577_noaa_ops.h5,SVI04_npp_d20151003_t1908306_e1914110_b20379_c20151004011412382962_noaa_ops.dspace_rad,VNFF_npp_d20151003_t1908306_e1914110_b20379_v21.csv,World_EEZ_v8_2014.shp,WPP_BFAR_merge.shp,KKP_IDN_merge_20161208.shp,VNF-VBD_npp_20120301-20151231_global_asia-enhanced_c201607211230.bitmask,NCEI_NGA.union.nga_lead2.add_2015ntl.mask,timezone.shp,VBD_platforms-recurring_2015_r20170330.shp,0.390311,VBD_bridges_c20160811.shp,25.640045;24.079651;21.102854;16.324032;11.511562;6.671830;1.810134;4.020473;6.006778;10.901870;15.807323;20.719898,83.680374;98.801964;113.308250;111.670303;110.194870;108.863319;107.657715;94.102837;80.376114;81.340813;82.213333;83.001831,npp_d20151003_t1908306_e1914110_b20379,149.822,86.6963,33.8813,-80.572,48.2493,71.4385
499,VBD_npp_d20151003_t1913209_x0990703E_y062898N_l2619_s2674_v23,2017-06-01 16:16:04,6.289838,99.070267,16.0382,2015-10-03 19:13:20,2015-10-04 02:13:20,2619,2674,0.416288,8,18849,0.429249,0.129137,0.566117,0.4,0.705628,0.75,0.0228398,0.0001,0.0141358,999999,2.632020e-01,3,Thailand Exclusive Economic Zone,,,SVDNB_npp_d20151003_t1908306_e1914110_b20379_c20151004011411684829_noaa_ops.h5,GDNBO_npp_d20151003_t1908306_e1914110_b20379_c20151004011411684577_noaa_ops.h5,SVI04_npp_d20151003_t1908306_e1914110_b20379_c20151004011412382962_noaa_ops.dspace_rad,VNFF_npp_d20151003_t1908306_e1914110_b20379_v21.csv,World_EEZ_v8_2014.shp,WPP_BFAR_merge.shp,KKP_IDN_merge_20161208.shp,VNF-VBD_npp_20120301-20151231_global_asia-enhanced_c201607211230.bitmask,NCEI_NGA.union.nga_lead2.add_2015ntl.mask,timezone.shp,VBD_platforms-recurring_2015_r20170330.shp,0.212746,VBD_bridges_c20160811.shp,25.640045;24.079651;21.102854;16.324032;11.511562;6.671830;1.810134;4.020473;6.006778;10.901870;15.807323;20.719898,83.680374;98.801964;113.308250;111.670303;110.194870;108.863319;107.657715;94.102837;80.376114;81.340813;82.213333;83.001831,npp_d20151003_t1908306_e1914110_b20379,149.891,87.2457,33.8855,-80.4286,48.4056,71.1665
501,VBD_npp_d20151003_t1913209_x0990735E_y062689N_l2622_s2675_v23,2017-06-01 16:16:04,6.268859,99.073486,7.89187,2015-10-03 19:13:20,2015-10-04 02:13:20,2622,2675,0.412447,8,18849,0.264928,0.137699,0.558403,0.4,0.614684,0.75,0.0228409,0.0001,0.0138522,999999,1.834178e-01,3,Malaysian Exclusive Economic Zone,,,SVDNB_npp_d20151003_t1908306_e1914110_b20379_c20151004011411684829_noaa_ops.h5,GDNBO_npp_d20151003_t1908306_e1914110_b20379_c20151004011411684577_noaa_ops.h5,SVI04_npp_d20151003_t1908306_e1914110_b20379_c20151004011412382962_noaa_ops.dspace_rad,VNFF_npp_d20151003_t1908306_e1914110_b20379_v21.csv,World_EEZ_v8_2014.shp,WPP_BFAR_merge.shp,KKP_IDN_merge_20161208.shp,VNF-VBD_npp_20120301-20151231_global_asia-enhanced_c201607211230.bitmask,NCEI_NGA.union.nga_lead2.add_2015ntl.mask,timezone.shp,VBD_platforms-recurring_2015_r20170330.shp,0.276002,VBD_bridges_c20160811.shp,25.640045;24.079651;21.102854;16.324032;11.511562;6.671830;1.810134;4.020473;6.006778;10.901870;15.807323;20.719898,83.680374;98.801964;113.308250;111.670303;110.194870;108.863319;107.657715;94.102837;80.376114;81.340813;82.213333;83.001831,npp_d20151003_t1908306_e1914110_b20379,149.889,87.2824,33.9285,-80.1635,48.4094,71.1478
503,VBD_npp_d20151003_t1913191_x0991193E_y063828N_l2604_s2678_v23,2017-06-01 16:16:04,6.382837,99.119301,6.93435,2015-10-03 19:13:19,2015-10-04 02:13:19,2604,2678,0.335839,8,18849,0.223716,0.164813,0.409099,0.4,0.556408,0.75,0.0228652,0.0001,0.0142586,999999,-6.926876e-02,3,Thailand Exclusive Economic Zone,,,SVDNB_npp_d20151003_t1908306_e1914110_b20379_c20151004011411684829_noaa_ops.h5,GDNBO_npp_d20151003_t1908306_e1914110_b20379_c20151004011411684577_noaa_ops.h5,SVI04_npp_d20151003_t1908306_e1914110_b20379_c20151004011412382962_noaa_ops.dspace_rad,VNFF_npp_d20151003_t1908306_e1914110_b20379_v21.csv,World_EEZ_v8_2014.shp,WPP_BFAR_merge.shp,KKP_IDN_merge_20161208.shp,VNF-VBD_npp_20120301-20151231_global_asia-enhanced_c201607211230.bitmask,NCEI_NGA.union.nga_lead2.add_2015ntl.mask,timezone.shp,VBD_platforms-recurring_2015_r20170330.shp,0.296255,VBD_bridges_c20160811.shp,25.640045;24.079651;21.102854;16.324032;11.511562;6.671830;1.810134;4.020473;6.006778;10.901870;15.807323;20.719898,83.680374;98.801964;113.308250;111.670303;110.194870;108.863319;107.657715;94.102837;80.376114;81.340813;82.213333;83.001831,npp_d20151003_t1908306_e1914110_b20379,149.845,87.0937,34.0529,-80.3259,48.3354,71.2391
505,VBD_npp_d20151003_t1913120_x0992302E_y068382N_l2534_s2679_v23,2017-06-01 16:16:04,6.838237,99.230225,7.77206,2015-10-03 19:13:12,2015-10-04 02:13:12,2534,2679,0.415577,1,2529,0.387831,0.165469,0.696995,0.4,0.799869,0.75,0.0229781,0.0001,0.0154868,999999,-7.537986e-02,3,Thailand Exclusive Economic Zone,,,SVDNB_npp_d20151003_t1908306_e1914110_b20379_c20151004011411684829_noaa_ops.h5,GDNBO_npp_d20151003_t1908306_e1914110_b20379_c20151004011411684577_noaa_ops.h5,SVI04_npp_d20151003_t1908306_e1914110_b20379_c20151004011412382962_noaa_ops.dspace_rad,VNFF_npp_d20151003_t1908306_e1914110_b20379_v21.csv,World_EEZ_v8_2014.shp,WPP_BFAR_merge.shp,KKP_IDN_merge_20161208.shp,VNF-VBD_npp_20120301-20151231_global_asia-enhanced_c201607211230.bitmask,NCEI_NGA.union.nga_lead2.add_2015ntl.mask,timezone.shp,VBD_platforms-recurring_2015_r20170330.shp,999999,VBD_bridges_c20160811.shp,25.640045;24.079651;21.102854;16.324032;11.511562;6.671830;1.810134;4.020473;6.006778;10.901870;15.807323;20.719898,83.680374;98.801964;113.308250;111.670303;110.194870;108.863319;107.657715;94.102837;80.376114;81.340813;82.213333;83.001831,npp_d20151003_t1908306_e1914110_b20379,149.738,86.3301,34.0953,-80.8122,48.1104,71.6201
510,VBD_npp_d20151003_t1913191_x0991740E_y063463N_l2608_s2687_v23,2017-06-01 16:16:04,6.346310,99.173988,7.43585,2015-10-03 19:13:19,2015-10-04 02:13:19,2608,2687,0.370337,8,18849,0.241644,0.158797,0.44767,0.4,0.608881,0.75,0.0228928,0.0001,0.0140449,999999,-1.320020e-02,3,Thailand Exclusive Economic Zone,,,SVDNB_npp_d20151003_t1908306_e1914110_b20379_c20151004011411684829_noaa_ops.h5,GDNBO_npp_d20151003_t1908306_e1914110_b20379_c20151004011411684577_noaa_ops.h5,SVI04_npp_d20151003_t1908306_e1914110_b20379_c20151004011412382962_noaa_ops.dspace_rad,VNFF_npp_d20151003_t1908306_e1914110_b20379_v21.csv,World_EEZ_v8_2014.shp,WPP_BFAR_merge.shp,KKP_IDN_merge_20161208.shp,VNF-VBD_npp_20120301-20151231_global_asia-enhanced_c201607211230.bitmask,NCEI_NGA.union.nga_lead2.add_2015ntl.mask,timezone.shp,VBD_platforms-recurring_2015_r20170330.shp,0.352677,VBD_bridges_c20160811.shp,25.640045;24.079651;21.102854;16.324032;11.511562;6.671830;1.810134;4.020473;6.006778;10.901870;15.807323;20.719898,83.680374;98.801964;113.308250;111.670303;110.194870;108.863319;107.657715;94.102837;80.376114;81.340813;82.213333;83.001831,npp_d20151003_t1908306_e1914110_b20379,149.793,87.1672,34.4352,-79.975,48.2953,71.1976
520,VBD_npp_d20151003_t1913156_x0992600E_y066170N_l2566_s2691_v23,2017-06-01 16:16:04,6.616969,99.260017,9.79931,2015-10-03 19:13:15,2015-10-04 02:13:15,2566,2691,0.359525,2,2465,0.30197,0.195739,0.553378,0.4,0.665778,0.75,0.0229536,0.0001,0.0154914,999999,-3.574758e-01,3,Thailand Exclusive Economic Zone,,,SVDNB_npp_d20151003_t1908306_e1914110_b20379_c20151004011411684829_noaa_ops.h5,GDNBO_npp_d20151003_t1908306_e1914110_b20379_c20151004011411684577_noaa_ops.h5,SVI04_npp_d20151003_t1908306_e1914110_b20379_c20151004011412382962_noaa_ops.dspace_rad,VNFF_npp_d20151003_t1908306_e1914110_b20379_v21.csv,World_EEZ_v8_2014.shp,WPP_BFAR_merge.shp,KKP_IDN_merge_20161208.shp,VNF-VBD_npp_20120301-20151231_global_asia-enhanced_c201607211230.bitmask,NCEI_NGA.union.nga_lead2.add_2015ntl.mask,timezone.shp,VBD_platforms-recurring_2015_r20170330.shp,999999,VBD_bridges_c20160811.shp,25.640045;24.079651;21.102854;16.324032;11.511562;6.671830;1.810134;4.020473;6.006778;10.901870;15.807323;20.719898,83.680374;98.801964;113.308250;111.670303;110.194870;108.863319;107.657715;94.102837;80.376114;81.340813;82.213333;83.001831,npp_d20151003_t1908306_e1914110_b20379,149.708,86.7183,34.6013,-80.8218,48.1393,71.4196
524,VBD_npp_d20151003_t1913120_x0993348E_y068553N_l2529_s2694_v23,2017-06-01 16:16:04,6.855330,99.334831,5.69959,2015-10-03 19:13:12,2015-10-04 02:13:12,2529,2694,0.409957,2,2465,0.272311,0.136557,0.581184,0.4,0.724333,0.75,0.0230395,0.0001,0.0164283,999999,1.940524e-01,3,Thailand Exclusive Economic Zone,,,SVDNB_npp_d20151003_t1908306_e1914110_b20379_c20151004011411684829_noaa_ops.h5,GDNBO_npp_d20151003_t1908306_e1914110_b20379_c20151004011411684577_noaa_ops.h5,SVI04_npp_d20151003_t1908306_e1914110_b20379_c20151004011412382962_noaa_ops.dspace_rad,VNFF_npp_d20151003_t1908306_e1914110_b20379_v21.csv,World_EEZ_v8_2014.shp,WPP_BFAR_merge.shp,KKP_IDN_merge_20161208.shp,VNF-VBD_npp_20120301-20151231_global_asia-enhanced_c201607211230.bitmask,NCEI_NGA.union.nga_lead2.add_2015ntl.mask,timezone.shp,VBD_platforms-recurring_2015_r20170330.shp,999999,VBD_bridges_c20160811.shp,25.640045;24.079651;21.102854;16.324032;11.511562;6.671830;1.810134;4.020473;6.006778;10.901870;15.807323;20.719898,83.680374;98.801964;113.308250;111.670303;110.194870;108.863319;107.657715;94.102837;80.376114;81.340813;82.213333;83.001831,npp_d20151003_t1908306_e1914110_b20379,149.634,86.3248,34.7327,-81.2305,48.0052,71.6174
525,VBD_npp_d20151003_t1913156_x0992766E_y065936N_l2569_s2694_v23,2017-06-01 16:16:04,6.593640,99.276566,9.89116,2015-10-03 19:13:15,2015-10-04 02:13:15,2569,2694,0.330931,2,2465,0.289709,0.146135,0.578335,0.4,0.634674,0.75,0.0229577,0.0001,0.0152309,999999,1.048003e-01,3,Thailand Exclusive Economic Zone,,,SVDNB_npp_d20151003_t1908306_e1914110_b20379_c20151004011411684829_noaa_ops.h5,GDNBO_npp_d20151003_t1908306_e1914110_b20379_c20151004011411684577_noaa_ops.h5,SVI04_npp_d20151003_t1908306_e1914110_b20379_c20151004011412382962_noaa_ops.dspace_rad,VNFF_npp_d20151003_t1908306_e1914110_b20379_v21.csv,World_EEZ_v8_2014.shp,WPP_BFAR_merge.shp,KKP_IDN_merge_20161208.shp,VNF-VBD_npp_20120301-20151231_global_asia-enhanced_c201607211230.bitmask,NCEI_NGA.union.nga_lead2.add_2015ntl.mask,timezone.shp,VBD_platforms-recurring_2015_r20170330.shp,999999,VBD_bridges_c20160811.shp,25.640045;24.079651;21.102854;16.324032;11.511562;6.671830;1.810134;4.020473;6.006778;10.901870;15.807323;20.719898,83.680374;98.801964;113.308250;111.670303;110.194870;108.863319;107.657715;94.102837;80.376114;81.340813;82.213333;83.001831,npp_d20151003_t1908306_e1914110_b20379,149.693,86.7616,34.7281,-80.5599,48.131,71.3964
526,VBD_npp_d20151003_t1913138_x0993206E_y067292N_l2548_s2696_v23,2017-06-01 16:16:04,6.729175,99.320641,9.6978,2015-10-03 19:13:13,2015-10-04 02:13:13,2548,2696,0.394949,2,2465,0.321354,0.173504,0.522725,0.4,0.665047,0.75,0.0230075,0.0001,0.0159904,999999,-1.502664e-01,3,Thailand Exclusive Economic Zone,,,SVDNB_npp_d20151003_t1908306_e1914110_b20379_c20151004011411684829_noaa_ops.h5,GDNBO_npp_d20151003_t1908306_e1914110_b20379_c20151004011411684577_noaa_ops.h5,SVI04_npp_d20151003_t1908306_e1914110_b20379_c20151004011412382962_noaa_ops.dspace_rad,VNFF_npp_d20151003_t1908306_e1914110_b20379_v21.csv,World_EEZ_v8_2014.shp,WPP_BFAR_merge.shp,KKP_IDN_merge_20161208.shp,VNF-VBD_npp_20120301-20151231_global_asia-enhanced_c201607211230.bitmask,NCEI_NGA.union.nga_lead2.add_2015ntl.mask,timezone.shp,VBD_platforms-recurring_2015_r20170330.shp,999999,VBD_bridges_c20160811.shp,25.640045;24.079651;21.102854;16.324032;11.511562;6.671830;1.810134;4.020473;6.006778;10.901870;15.807323;20.719898,83.680374;98.801964;113.308250;111.670303;110.194870;108.863319;107.657715;94.102837;80.376114;81.340813;82.213333;83.001831,npp_d20151003_t1908306_e1914110_b20379,149.648,86.5382,34.8182,-80.9828,48.0523,71.5082
531,VBD_npp_d20151003_t1913191_x0992536E_y064154N_l2596_s2697_v23,2017-06-01 16:16:04,6.415450,99.253593,6.67941,2015-10-03 19:13:19,2015-10-04 02:13:19,2596,2697,0.315069,2,2209,0.157561,0.1123,0.483821,0.4,0.457224,0.75,0.0229362,0.0001,0.0155623,999999,4.201143e-01,3,Thailand Exclusive Economic Zone,,,SVDNB_npp_d20151003_t1908306_e1914110_b20379_c20151004011411684829_noaa_ops.h5,GDNBO_npp_d20151003_t1908306_e1914110_b20379_c20151004011411684577_noaa_ops.h5,SVI04_npp_d20151003_t1908306_e1914110_b20379_c20151004011412382962_noaa_ops.dspace_rad,VNFF_npp_d20151003_t1908306_e1914110_b20379_v21.csv,World_EEZ_v8_2014.shp,WPP_BFAR_merge.shp,KKP_IDN_merge_20161208.shp,VNF-VBD_npp_20120301-20151231_global_asia-enhanced_c201607211230.bitmask,NCEI_NGA.union.nga_lead2.add_2015ntl.mask,timezone.shp,VBD_platforms-recurring_2015_r20170330.shp,999999,VBD_bridges_c20160811.shp,25.640045;24.079651;21.102854;16.324032;11.511562;6.671830;1.810134;4.020473;6.006778;10.901870;15.807323;20.719898,83.680374;98.801964;113.308250;111.670303;110.194870;108.863319;107.657715;94.102837;80.376114;81.340813;82.213333;83.001831,npp_d20151003_t1908306_e1914110_b20379,149.71,87.0645,34.8585,-81.0093,48.197,71.243
538,VBD_npp_d20151003_t1913156_x0993076E_y065747N_l2571_s2699_v23,2017-06-01 16:16:04,6.574717,99.307594,12.5972,2015-10-03 19:13:15,2015-10-04 02:13:15,2571,2699,0.330504,8,18849,0.313466,0.147457,0.486121,0.4,0.632243,0.75,0.0229706,0.0001,0.0151231,999999,9.247801e-02,3,Thailand Exclusive Economic Zone,,,SVDNB_npp_d20151003_t1908306_e1914110_b20379_c20151004011411684829_noaa_ops.h5,GDNBO_npp_d20151003_t1908306_e1914110_b20379_c20151004011411684577_noaa_ops.h5,SVI04_npp_d20151003_t1908306_e1914110_b20379_c20151004011412382962_noaa_ops.dspace_rad,VNFF_npp_d20151003_t1908306_e1914110_b20379_v21.csv,World_EEZ_v8_2014.shp,WPP_BFAR_merge.shp,KKP_IDN_merge_20161208.shp,VNF-VBD_npp_20120301-20151231_global_asia-enhanced_c201607211230.bitmask,NCEI_NGA.union.nga_lead2.add_2015ntl.mask,timezone.shp,VBD_platforms-recurring_2015_r20170330.shp,0.733777,VBD_bridges_c20160811.shp,25.640045;24.079651;21.102854;16.324032;11.511562;6.671830;1.810134;4.020473;6.006778;10.901870;15.807323;20.719898,83.680374;98.801964;113.308250;111.670303;110.194870;108.863319;107.657715;94.102837;80.376114;81.340813;82.213333;83.001831,npp_d20151003_t1908306_e1914110_b20379,149.663,86.8004,34.9402,-80.3849,48.1076,71.3744
539,VBD_npp_d20151003_t1913191_x0992725E_y064055N_l2597_s2700_v23,2017-06-01 16:16:04,6.405475,99.272484,7.84505,2015-10-03 19:13:19,2015-10-04 02:13:19,2597,2700,0.332425,2,2209,0.148996,0.120023,0.518418,0.4,0.452899,0.75,0.0229456,0.0001,0.0155192,999999,3.481384e-01,3,Thailand Exclusive Economic Zone,,,SVDNB_npp_d20151003_t1908306_e1914110_b20379_c20151004011411684829_noaa_ops.h5,GDNBO_npp_d20151003_t1908306_e1914110_b20379_c20151004011411684577_noaa_ops.h5,SVI04_npp_d20151003_t1908306_e1914110_b20379_c20151004011412382962_noaa_ops.dspace_rad,VNFF_npp_d20151003_t1908306_e1914110_b20379_v21.csv,World_EEZ_v8_2014.shp,WPP_BFAR_merge.shp,KKP_IDN_merge_20161208.shp,VNF-VBD_npp_20120301-20151231_global_asia-enhanced_c201607211230.bitmask,NCEI_NGA.union.nga_lead2.add_2015ntl.mask,timezone.shp,VBD_platforms-recurring_2015_r20170330.shp,999999,VBD_bridges_c20160811.shp,25.640045;24.079651;21.102854;16.324032;11.511562;6.671830;1.810134;4.020473;6.006778;10.901870;15.807323;20.719898,83.680374;98.801964;113.308250;111.670303;110.194870;108.863319;107.657715;94.102837;80.376114;81.340813;82.213333;83.001831,npp_d20151003_t1908306_e1914110_b20379,149.692,87.0853,34.9855,-80.9202,48.1823,71.2309
545,VBD_npp_d20151003_t1913191_x0992903E_y064301N_l2593_s2702_v23,2017-06-01 16:16:04,6.430110,99.290344,8.65679,2015-10-03 19:13:19,2015-10-04 02:13:19,2593,2702,0.35604,8,18593,0.194558,0.142637,0.491158,0.4,0.515596,0.75,0.0229555,0.0001,0.0160179,999999,1.373930e-01,3,Thailand Exclusive Economic Zone,,,SVDNB_npp_d20151003_t1908306_e1914110_b20379_c20151004011411684829_noaa_ops.h5,GDNBO_npp_d20151003_t1908306_e1914110_b20379_c20151004011411684577_noaa_ops.h5,SVI04_npp_d20151003_t1908306_e1914110_b20379_c20151004011412382962_noaa_ops.dspace_rad,VNFF_npp_d20151003_t1908306_e1914110_b20379_v21.csv,World_EEZ_v8_2014.shp,WPP_BFAR_merge.shp,KKP_IDN_merge_20161208.shp,VNF-VBD_npp_20120301-20151231_global_asia-enhanced_c201607211230.bitmask,NCEI_NGA.union.nga_lead2.add_2015ntl.mask,timezone.shp,VBD_platforms-recurring_2015_r20170330.shp,0.179902,VBD_bridges_c20160811.shp,25.640045;24.079651;21.102854;16.324032;11.511562;6.671830;1.810134;4.020473;6.006778;10.901870;15.807323;20.719898,83.680374;98.801964;113.308250;111.670303;110.194870;108.863319;107.657715;94.102837;80.376114;81.340813;82.213333;83.001831,npp_d20151003_t1908306_e1914110_b20379,149.673,87.0468,35.0722,-81.261,48.1573,71.2491
549,VBD_npp_d20151003_t1913138_x0993607E_y066812N_l2554_s2703_v23,2017-06-01 16:16:04,6.681248,99.360657,9.58195,2015-10-03 19:13:13,2015-10-04 02:13:13,2554,2703,0.351701,2,2465,0.26914,0.147956,0.499323,0.4,0.56122,0.75,0.0230191,0.0001,0.0154756,999999,8.782783e-02,3,Thailand Exclusive Economic Zone,,,SVDNB_npp_d20151003_t1908306_e1914110_b20379_c20151004011411684829_noaa_ops.h5,GDNBO_npp_d20151003_t1908306_e1914110_b20379_c20151004011411684577_noaa_ops.h5,SVI04_npp_d20151003_t1908306_e1914110_b20379_c20151004011412382962_noaa_ops.dspace_rad,VNFF_npp_d20151003_t1908306_e1914110_b20379_v21.csv,World_EEZ_v8_2014.shp,WPP_BFAR_merge.shp,KKP_IDN_merge_20161208.shp,VNF-VBD_npp_20120301-20151231_global_asia-enhanced_c201607211230.bitmask,NCEI_NGA.union.nga_lead2.add_2015ntl.mask,timezone.shp,VBD_platforms-recurring_2015_r20170330.shp,999999,VBD_bridges_c20160811.shp,25.640045;24.079651;21.102854;16.324032;11.511562;6.671830;1.810134;4.020473;6.006778;10.901870;15.807323;20.719898,83.680374;98.801964;113.308250;111.670303;110.194870;108.863319;107.657715;94.102837;80.376114;81.340813;82.213333;83.001831,npp_d20151003_t1908306_e1914110_b20379,149.611,86.6286,35.1142,-80.4617,48.0295,71.4593
550,VBD_npp_d20151003_t1913138_x0993539E_y066410N_l2560_s2703_v23,2017-06-01 16:16:04,6.640985,99.353928,7.92715,2015-10-03 19:13:13,2015-10-04 02:13:13,2560,2703,0.370195,8,18849,0.216531,0.140679,0.517848,0.4,0.547846,0.75,0.0230068,0.0001,0.0148124,999999,1.556406e-01,3,Thailand Exclusive Economic Zone,,,SVDNB_npp_d20151003_t1908306_e1914110_b20379_c20151004011411684829_noaa_ops.h5,GDNBO_npp_d20151003_t1908306_e1914110_b20379_c20151004011411684577_noaa_ops.h5,SVI04_npp_d20151003_t1908306_e1914110_b20379_c20151004011412382962_noaa_ops.dspace_rad,VNFF_npp_d20151003_t1908306_e1914110_b20379_v21.csv,World_EEZ_v8_2014.shp,WPP_BFAR_merge.shp,KKP_IDN_merge_20161208.shp,VNF-VBD_npp_20120301-20151231_global_asia-enhanced_c201607211230.bitmask,NCEI_NGA.union.nga_lead2.add_2015ntl.mask,timezone.shp,VBD_platforms-recurring_2015_r20170330.shp,0.0801796,VBD_bridges_c20160811.shp,25.640045;24.079651;21.102854;16.324032;11.511562;6.671830;1.810134;4.020473;6.006778;10.901870;15.807323;20.719898,83.680374;98.801964;113.308250;111.670303;110.194870;108.863319;107.657715;94.102837;80.376114;81.340813;82.213333;83.001831,npp_d20151003_t1908306_e1914110_b20379,149.62,86.6957,35.1157,-79.9482,48.0489,71.4253
551,VBD_npp_d20151003_t1913191_x0992937E_y064089N_l2596_s2703_v23,2017-06-01 16:16:04,6.408893,99.293678,16.3165,2015-10-03 19:13:19,2015-10-04 02:13:19,2596,2703,0.338471,8,18849,0.325535,0.154794,0.500772,0.4,0.614183,0.75,0.0229566,0.0001,0.0156996,999999,2.409890e-02,3,Thailand Exclusive Economic Zone,,,SVDNB_npp_d20151003_t1908306_e1914110_b20379_c20151004011411684829_noaa_ops.h5,GDNBO_npp_d20151003_t1908306_e1914110_b20379_c20151004011411684577_noaa_ops.h5,SVI04_npp_d20151003_t1908306_e1914110_b20379_c20151004011412382962_noaa_ops.dspace_rad,VNFF_npp_d20151003_t1908306_e1914110_b20379_v21.csv,World_EEZ_v8_2014.shp,WPP_BFAR_merge.shp,KKP_IDN_merge_20161208.shp,VNF-VBD_npp_20120301-20151231_global_asia-enhanced_c201607211230.bitmask,NCEI_NGA.union.nga_lead2.add_2015ntl.mask,timezone.shp,VBD_platforms-recurring_2015_r20170330.shp,0.246152,VBD_bridges_c20160811.shp,25.640045;24.079651;21.102854;16.324032;11.511562;6.671830;1.810134;4.020473;6.006778;10.901870;15.807323;20.719898,83.680374;98.801964;113.308250;111.670303;110.194870;108.863319;107.657715;94.102837;80.376114;81.340813;82.213333;83.001831,npp_d20151003_t1908306_e1914110_b20379,149.671,87.0836,35.1132,-81.0029,48.161,71.2301
553,VBD_npp_d20151003_t1913138_x0993640E_y066600N_l2557_s2704_v23,2017-06-01 16:16:04,6.659991,99.363983,10.9702,2015-10-03 19:13:13,2015-10-04 02:13:13,2557,2704,0.382287,8,18849,0.264557,0.167904,0.52744,0.4,0.573112,0.75,0.0230163,0.0001,0.0151631,999999,-9.807519e-02,3,Thailand Exclusive Economic Zone,,,SVDNB_npp_d20151003_t1908306_e1914110_b20379_c20151004011411684829_noaa_ops.h5,GDNBO_npp_d20151003_t1908306_e1914110_b20379_c20151004011411684577_noaa_ops.h5,SVI04_npp_d20151003_t1908306_e1914110_b20379_c20151004011412382962_noaa_ops.dspace_rad,VNFF_npp_d20151003_t1908306_e1914110_b20379_v21.csv,World_EEZ_v8_2014.shp,WPP_BFAR_merge.shp,KKP_IDN_merge_20161208.shp,VNF-VBD_npp_20120301-20151231_global_asia-enhanced_c201607211230.bitmask,NCEI_NGA.union.nga_lead2.add_2015ntl.mask,timezone.shp,VBD_platforms-recurring_2015_r20170330.shp,0.650644,VBD_bridges_c20160811.shp,25.640045;24.079651;21.102854;16.324032;11.511562;6.671830;1.810134;4.020473;6.006778;10.901870;15.807323;20.719898,83.680374;98.801964;113.308250;111.670303;110.194870;108.863319;107.657715;94.102837;80.376114;81.340813;82.213333;83.001831,npp_d20151003_t1908306_e1914110_b20379,149.609,86.6655,35.1571,-80.2047,48.0332,71.4402
554,VBD_npp_d20151003_t1913209_x0992730E_y062837N_l2615_s2704_v23,2017-06-01 16:16:04,6.283710,99.272957,6.17387,2015-10-03 19:13:20,2015-10-04 02:13:20,2615,2704,0.417639,10,2177,0.192924,0.148671,0.362726,0.4,0.52881,0.75,0.0229453,0.0001,0.015242,999999,8.116679e-02,3,Thailand Exclusive Economic Zone,,,SVDNB_npp_d20151003_t1908306_e1914110_b20379_c20151004011411684829_noaa_ops.h5,GDNBO_npp_d20151003_t1908306_e1914110_b20379_c20151004011411684577_noaa_ops.h5,SVI04_npp_d20151003_t1908306_e1914110_b20379_c20151004011412382962_noaa_ops.dspace_rad,VNFF_npp_d20151003_t1908306_e1914110_b20379_v21.csv,World_EEZ_v8_2014.shp,WPP_BFAR_merge.shp,KKP_IDN_merge_20161208.shp,VNF-VBD_npp_20120301-20151231_global_asia-enhanced_c201607211230.bitmask,NCEI_NGA.union.nga_lead2.add_2015ntl.mask,timezone.shp,VBD_platforms-recurring_2015_r20170330.shp,999999,VBD_bridges_c20160811.shp,25.640045;24.079651;21.102854;16.324032;11.511562;6.671830;1.810134;4.020473;6.006778;10.901870;15.807323;20.719898,83.680374;98.801964;113.308250;111.670303;110.194870;108.863319;107.657715;94.102837;80.376114;81.340813;82.213333;83.001831,npp_d20151003_t1908306_e1914110_b20379,149.69,87.2949,35.1569,-80.7588,48.2147,71.1239
564,VBD_npp_d20151003_t1913174_x0993584E_y064652N_l2586_s2710_v23,2017-06-01 16:16:04,6.465229,99.358391,7.58835,2015-10-03 19:13:17,2015-10-04 02:13:17,2586,2710,0.320546,10,2177,0.189235,0.158929,0.325193,0.4,0.498883,0.75,0.0229882,0.0001,0.0153279,999999,-1.443453e-02,3,Thailand Exclusive Economic Zone,,,SVDNB_npp_d20151003_t1908306_e1914110_b20379_c20151004011411684829_noaa_ops.h5,GDNBO_npp_d20151003_t1908306_e1914110_b20379_c20151004011411684577_noaa_ops.h5,SVI04_npp_d20151003_t1908306_e1914110_b20379_c20151004011412382962_noaa_ops.dspace_rad,VNFF_npp_d20151003_t1908306_e1914110_b20379_v21.csv,World_EEZ_v8_2014.shp,WPP_BFAR_merge.shp,KKP_IDN_merge_20161208.shp,VNF-VBD_npp_20120301-20151231_global_asia-enhanced_c201607211230.bitmask,NCEI_NGA.union.nga_lead2.add_2015ntl.mask,timezone.shp,VBD_platforms-recurring_2015_r20170330.shp,999999,VBD_bridges_c20160811.shp,25.640045;24.079651;21.102854;16.324032;11.511562;6.671830;1.810134;4.020473;6.006778;10.901870;15.807323;20.719898,83.680374;98.801964;113.308250;111.670303;110.194870;108.863319;107.657715;94.102837;80.376114;81.340813;82.213333;83.001831,npp_d20151003_t1908306_e1914110_b20379,149.611,86.999,35.4092,-80.4789,48.0879,71.2686
567,VBD_npp_d20151003_t1913174_x0993663E_y064708N_l2585_s2711_v23,2017-06-01 16:16:04,6.470840,99.366264,7.54,2015-10-03 19:13:17,2015-10-04 02:13:17,2585,2711,0.329437,10,2177,0.170316,0.160044,0.336076,0.4,0.474344,0.75,0.0229924,0.0001,0.0154614,999999,-2.482166e-02,3,Thailand Exclusive Economic Zone,,,SVDNB_npp_d20151003_t1908306_e1914110_b20379_c20151004011411684829_noaa_ops.h5,GDNBO_npp_d20151003_t1908306_e1914110_b20379_c20151004011411684577_noaa_ops.h5,SVI04_npp_d20151003_t1908306_e1914110_b20379_c20151004011412382962_noaa_ops.dspace_rad,VNFF_npp_d20151003_t1908306_e1914110_b20379_v21.csv,World_EEZ_v8_2014.shp,WPP_BFAR_merge.shp,KKP_IDN_merge_20161208.shp,VNF-VBD_npp_20120301-20151231_global_asia-enhanced_c201607211230.bitmask,NCEI_NGA.union.nga_lead2.add_2015ntl.mask,timezone.shp,VBD_platforms-recurring_2015_r20170330.shp,999999,VBD_bridges_c20160811.shp,25.640045;24.079651;21.102854;16.324032;11.511562;6.671830;1.810134;4.020473;6.006778;10.901870;15.807323;20.719898,83.680374;98.801964;113.308250;111.670303;110.194870;108.863319;107.657715;94.102837;80.376114;81.340813;82.213333;83.001831,npp_d20151003_t1908306_e1914110_b20379,149.603,86.991,35.4517,-80.5633,48.0786,71.2721
572,VBD_npp_d20151003_t1913191_x0993531E_y063507N_l2603_s2713_v23,2017-06-01 16:16:04,6.350698,99.353096,8.26692,2015-10-03 19:13:19,2015-10-04 02:13:19,2603,2713,0.374605,8,18849,0.243355,0.164594,0.416703,0.4,0.561351,0.75,0.0229853,0.0001,0.0151246,999999,-6.722688e-02,3,Thailand Exclusive Economic Zone,,,SVDNB_npp_d20151003_t1908306_e1914110_b20379_c20151004011411684829_noaa_ops.h5,GDNBO_npp_d20151003_t1908306_e1914110_b20379_c20151004011411684577_noaa_ops.h5,SVI04_npp_d20151003_t1908306_e1914110_b20379_c20151004011412382962_noaa_ops.dspace_rad,VNFF_npp_d20151003_t1908306_e1914110_b20379_v21.csv,World_EEZ_v8_2014.shp,WPP_BFAR_merge.shp,KKP_IDN_merge_20161208.shp,VNF-VBD_npp_20120301-20151231_global_asia-enhanced_c201607211230.bitmask,NCEI_NGA.union.nga_lead2.add_2015ntl.mask,timezone.shp,VBD_platforms-recurring_2015_r20170330.shp,0.141563,VBD_bridges_c20160811.shp,25.640045;24.079651;21.102854;16.324032;11.511562;6.671830;1.810134;4.020473;6.006778;10.901870;15.807323;20.719898,83.680374;98.801964;113.308250;111.670303;110.194870;108.863319;107.657715;94.102837;80.376114;81.340813;82.213333;83.001831,npp_d20151003_t1908306_e1914110_b20379,149.615,87.1945,35.5372,-80.3996,48.1234,71.1686
575,VBD_npp_d20151003_t1913120_x0994589E_y067728N_l2538_s2714_v23,2017-06-01 16:16:04,6.772792,99.458870,5.82521,2015-10-03 19:13:12,2015-10-04 02:13:12,2538,2714,0.407326,2,2465,0.242141,0.155359,0.509976,0.4,0.646507,0.75,0.0230893,0.0001,0.0158568,999999,1.883871e-02,3,Thailand Exclusive Economic Zone,,,SVDNB_npp_d20151003_t1908306_e1914110_b20379_c20151004011411684829_noaa_ops.h5,GDNBO_npp_d20151003_t1908306_e1914110_b20379_c20151004011411684577_noaa_ops.h5,SVI04_npp_d20151003_t1908306_e1914110_b20379_c20151004011412382962_noaa_ops.dspace_rad,VNFF_npp_d20151003_t1908306_e1914110_b20379_v21.csv,World_EEZ_v8_2014.shp,WPP_BFAR_merge.shp,KKP_IDN_merge_20161208.shp,VNF-VBD_npp_20120301-20151231_global_asia-enhanced_c201607211230.bitmask,NCEI_NGA.union.nga_lead2.add_2015ntl.mask,timezone.shp,VBD_platforms-recurring_2015_r20170330.shp,999999,VBD_bridges_c20160811.shp,25.640045;24.079651;21.102854;16.324032;11.511562;6.671830;1.810134;4.020473;6.006778;10.901870;15.807323;20.719898,83.680374;98.801964;113.308250;111.670303;110.194870;108.863319;107.657715;94.102837;80.376114;81.340813;82.213333;83.001831,npp_d20151003_t1908306_e1914110_b20379,149.516,86.4929,35.5796,-80.4416,47.9134,71.5237
576,VBD_npp_d20151003_t1913209_x0993347E_y062389N_l2620_s2714_v23,2017-06-01 16:16:04,6.238888,99.334694,5.67431,2015-10-03 19:13:20,2015-10-04 02:13:20,2620,2714,0.410242,8,18593,0.186447,0.158066,0.404527,0.4,0.564599,0.75,0.0229755,0.0001,0.0148911,999999,-6.395306e-03,3,Malaysian Exclusive Economic Zone,,,SVDNB_npp_d20151003_t1908306_e1914110_b20379_c20151004011411684829_noaa_ops.h5,GDNBO_npp_d20151003_t1908306_e1914110_b20379_c20151004011411684577_noaa_ops.h5,SVI04_npp_d20151003_t1908306_e1914110_b20379_c20151004011412382962_noaa_ops.dspace_rad,VNFF_npp_d20151003_t1908306_e1914110_b20379_v21.csv,World_EEZ_v8_2014.shp,WPP_BFAR_merge.shp,KKP_IDN_merge_20161208.shp,VNF-VBD_npp_20120301-20151231_global_asia-enhanced_c201607211230.bitmask,NCEI_NGA.union.nga_lead2.add_2015ntl.mask,timezone.shp,VBD_platforms-recurring_2015_r20170330.shp,0.346491,VBD_bridges_c20160811.shp,25.640045;24.079651;21.102854;16.324032;11.511562;6.671830;1.810134;4.020473;6.006778;10.901870;15.807323;20.719898,83.680374;98.801964;113.308250;111.670303;110.194870;108.863319;107.657715;94.102837;80.376114;81.340813;82.213333;83.001831,npp_d20151003_t1908306_e1914110_b20379,149.631,87.383,35.5819,-80.328,48.1707,71.0735
580,VBD_npp_d20151003_t1913209_x0993572E_y062906N_l2612_s2716_v23,2017-06-01 16:16:04,6.290621,99.357239,8.86912,2015-10-03 19:13:20,2015-10-04 02:13:20,2612,2716,0.393099,2,2465,0.2433,0.16139,0.50222,0.4,0.560254,0.75,0.0229885,0.0001,0.0158363,999999,-3.737266e-02,3,Thailand Exclusive Economic Zone,,,SVDNB_npp_d20151003_t1908306_e1914110_b20379_c20151004011411684829_noaa_ops.h5,GDNBO_npp_d20151003_t1908306_e1914110_b20379_c20151004011411684577_noaa_ops.h5,SVI04_npp_d20151003_t1908306_e1914110_b20379_c20151004011412382962_noaa_ops.dspace_rad,VNFF_npp_d20151003_t1908306_e1914110_b20379_v21.csv,World_EEZ_v8_2014.shp,WPP_BFAR_merge.shp,KKP_IDN_merge_20161208.shp,VNF-VBD_npp_20120301-20151231_global_asia-enhanced_c201607211230.bitmask,NCEI_NGA.union.nga_lead2.add_2015ntl.mask,timezone.shp,VBD_platforms-recurring_2015_r20170330.shp,999999,VBD_bridges_c20160811.shp,25.640045;24.079651;21.102854;16.324032;11.511562;6.671830;1.810134;4.020473;6.006778;10.901870;15.807323;20.719898,83.680374;98.801964;113.308250;111.670303;110.194870;108.863319;107.657715;94.102837;80.376114;81.340813;82.213333;83.001831,npp_d20151003_t1908306_e1914110_b20379,149.606,87.299,35.6678,-81.0027,48.1323,71.1142
586,VBD_npp_d20151003_t1913138_x0994732E_y066903N_l2550_s2719_v23,2017-06-01 16:16:04,6.690259,99.473198,6.42251,2015-10-03 19:13:13,2015-10-04 02:13:13,2550,2719,0.408819,2,2465,0.231954,0.153786,0.465254,0.4,0.626074,0.75,0.0230818,0.0001,0.0162793,999999,3.349467e-02,3,Thailand Exclusive Economic Zone,,,SVDNB_npp_d20151003_t1908306_e1914110_b20379_c20151004011411684829_noaa_ops.h5,GDNBO_npp_d20151003_t1908306_e1914110_b20379_c20151004011411684577_noaa_ops.h5,SVI04_npp_d20151003_t1908306_e1914110_b20379_c20151004011412382962_noaa_ops.dspace_rad,VNFF_npp_d20151003_t1908306_e1914110_b20379_v21.csv,World_EEZ_v8_2014.shp,WPP_BFAR_merge.shp,KKP_IDN_merge_20161208.shp,VNF-VBD_npp_20120301-20151231_global_asia-enhanced_c201607211230.bitmask,NCEI_NGA.union.nga_lead2.add_2015ntl.mask,timezone.shp,VBD_platforms-recurring_2015_r20170330.shp,999999,VBD_bridges_c20160811.shp,25.640045;24.079651;21.102854;16.324032;11.511562;6.671830;1.810134;4.020473;6.006778;10.901870;15.807323;20.719898,83.680374;98.801964;113.308250;111.670303;110.194870;108.863319;107.657715;94.102837;80.376114;81.340813;82.213333;83.001831,npp_d20151003_t1908306_e1914110_b20379,149.499,86.6376,35.7948,-80.7893,47.9195,71.4475
593,VBD_npp_d20151003_t1913316_x0992547E_y056795N_l2705_s2722_v23,2017-06-01 16:16:04,5.679510,99.254662,4.86466,2015-10-03 19:13:31,2015-10-04 02:13:31,2705,2722,0.360379,8,18561,0.117189,0.106749,0.276076,0.4,0.3897,0.75,0.0228996,0.0001,0.0153929,999999,4.718490e-01,3,Malaysian Exclusive Economic Zone,,,SVDNB_npp_d20151003_t1908306_e1914110_b20379_c20151004011411684829_noaa_ops.h5,GDNBO_npp_d20151003_t1908306_e1914110_b20379_c20151004011411684577_noaa_ops.h5,SVI04_npp_d20151003_t1908306_e1914110_b20379_c20151004011412382962_noaa_ops.dspace_rad,VNFF_npp_d20151003_t1908306_e1914110_b20379_v21.csv,World_EEZ_v8_2014.shp,WPP_BFAR_merge.shp,KKP_IDN_merge_20161208.shp,VNF-VBD_npp_20120301-20151231_global_asia-enhanced_c201607211230.bitmask,NCEI_NGA.union.nga_lead2.add_2015ntl.mask,timezone.shp,VBD_platforms-recurring_2015_r20170330.shp,0.428594,VBD_bridges_c20160811.shp,25.640045;24.079651;21.102854;16.324032;11.511562;6.671830;1.810134;4.020473;6.006778;10.901870;15.807323;20.719898,83.680374;98.801964;113.308250;111.670303;110.194870;108.863319;107.657715;94.102837;80.376114;81.340813;82.213333;83.001831,npp_d20151003_t1908306_e1914110_b20379,149.687,88.3321,35.9206,-81.3099,48.3917,70.5977
594,VBD_npp_d20151003_t1913209_x0994026E_y062693N_l2614_s2723_v23,2017-06-01 16:16:04,6.269286,99.402618,8.46945,2015-10-03 19:13:20,2015-10-04 02:13:20,2614,2723,0.378589,8,18849,0.226211,0.181739,0.427702,0.4,0.556094,0.75,0.0230108,0.0001,0.0157465,999999,-2.270087e-01,3,Malaysian Exclusive Economic Zone,,,SVDNB_npp_d20151003_t1908306_e1914110_b20379_c20151004011411684829_noaa_ops.h5,GDNBO_npp_d20151003_t1908306_e1914110_b20379_c20151004011411684577_noaa_ops.h5,SVI04_npp_d20151003_t1908306_e1914110_b20379_c20151004011412382962_noaa_ops.dspace_rad,VNFF_npp_d20151003_t1908306_e1914110_b20379_v21.csv,World_EEZ_v8_2014.shp,WPP_BFAR_merge.shp,KKP_IDN_merge_20161208.shp,VNF-VBD_npp_20120301-20151231_global_asia-enhanced_c201607211230.bitmask,NCEI_NGA.union.nga_lead2.add_2015ntl.mask,timezone.shp,VBD_platforms-recurring_2015_r20170330.shp,0.336657,VBD_bridges_c20160811.shp,25.640045;24.079651;21.102854;16.324032;11.511562;6.671830;1.810134;4.020473;6.006778;10.901870;15.807323;20.719898,83.680374;98.801964;113.308250;111.670303;110.194870;108.863319;107.657715;94.102837;80.376114;81.340813;82.213333;83.001831,npp_d20151003_t1908306_e1914110_b20379,149.562,87.3439,35.9652,-80.8278,48.0961,71.0872
598,VBD_npp_d20151003_t1913174_x0994603E_y064483N_l2586_s2725_v23,2017-06-01 16:16:04,6.448255,99.460266,4.75612,2015-10-03 19:13:17,2015-10-04 02:13:17,2586,2725,0.411238,10,2177,0.14335,0.131391,0.284484,0.4,0.451345,0.75,0.0230394,0.0001,0.0156264,999999,2.421956e-01,3,Thailand Exclusive Economic Zone,,,SVDNB_npp_d20151003_t1908306_e1914110_b20379_c20151004011411684829_noaa_ops.h5,GDNBO_npp_d20151003_t1908306_e1914110_b20379_c20151004011411684577_noaa_ops.h5,SVI04_npp_d20151003_t1908306_e1914110_b20379_c20151004011412382962_noaa_ops.dspace_rad,VNFF_npp_d20151003_t1908306_e1914110_b20379_v21.csv,World_EEZ_v8_2014.shp,WPP_BFAR_merge.shp,KKP_IDN_merge_20161208.shp,VNF-VBD_npp_20120301-20151231_global_asia-enhanced_c201607211230.bitmask,NCEI_NGA.union.nga_lead2.add_2015ntl.mask,timezone.shp,VBD_platforms-recurring_2015_r20170330.shp,999999,VBD_bridges_c20160811.shp,25.640045;24.079651;21.102854;16.324032;11.511562;6.671830;1.810134;4.020473;6.006778;10.901870;15.807323;20.719898,83.680374;98.801964;113.308250;111.670303;110.194870;108.863319;107.657715;94.102837;80.376114;81.340813;82.213333;83.001831,npp_d20151003_t1908306_e1914110_b20379,149.511,87.0483,36.0476,-80.4708,47.9965,71.2353
683,VBD_npp_d20151003_t1912489_x1004771E_y079810N_l2334_s2820_v23,2017-06-01 16:16:04,7.980963,100.477097,8.433,2015-10-03 19:12:48,2015-10-04 02:12:48,2334,2820,0.403342,2,2465,0.247903,0.201369,0.448424,0.4,0.566006,0.75,0.0238541,0.0001,0.0190807,999999,-4.099467e-01,3,Thailand Exclusive Economic Zone,,,SVDNB_npp_d20151003_t1908306_e1914110_b20379_c20151004011411684829_noaa_ops.h5,GDNBO_npp_d20151003_t1908306_e1914110_b20379_c20151004011411684577_noaa_ops.h5,SVI04_npp_d20151003_t1908306_e1914110_b20379_c20151004011412382962_noaa_ops.dspace_rad,VNFF_npp_d20151003_t1908306_e1914110_b20379_v21.csv,World_EEZ_v8_2014.shp,WPP_BFAR_merge.shp,KKP_IDN_merge_20161208.shp,VNF-VBD_npp_20120301-20151231_global_asia-enhanced_c201607211230.bitmask,NCEI_NGA.union.nga_lead2.add_2015ntl.mask,timezone.shp,VBD_platforms-recurring_2015_r20170330.shp,999999,VBD_bridges_c20160811.shp,25.640045;24.079651;21.102854;16.324032;11.511562;6.671830;1.810134;4.020473;6.006778;10.901870;15.807323;20.719898,83.680374;98.801964;113.308250;111.670303;110.194870;108.863319;107.657715;94.102837;80.376114;81.340813;82.213333;83.001831,npp_d20151003_t1908306_e1914110_b20379,148.512,84.7217,39.7946,-79.9427,46.6528,72.4613
692,VBD_npp_d20151003_t1912489_x1005099E_y079753N_l2334_s2825_v23,2017-06-01 16:16:04,7.975298,100.509911,10.4338,2015-10-03 19:12:48,2015-10-04 02:12:48,2334,2825,0.398078,2,2465,0.25652,0.172939,0.430119,0.4,0.533889,0.75,0.0238708,0.0001,0.0191163,999999,-1.450010e-01,3,Thailand Exclusive Economic Zone,,,SVDNB_npp_d20151003_t1908306_e1914110_b20379_c20151004011411684829_noaa_ops.h5,GDNBO_npp_d20151003_t1908306_e1914110_b20379_c20151004011411684577_noaa_ops.h5,SVI04_npp_d20151003_t1908306_e1914110_b20379_c20151004011412382962_noaa_ops.dspace_rad,VNFF_npp_d20151003_t1908306_e1914110_b20379_v21.csv,World_EEZ_v8_2014.shp,WPP_BFAR_merge.shp,KKP_IDN_merge_20161208.shp,VNF-VBD_npp_20120301-20151231_global_asia-enhanced_c201607211230.bitmask,NCEI_NGA.union.nga_lead2.add_2015ntl.mask,timezone.shp,VBD_platforms-recurring_2015_r20170330.shp,999999,VBD_bridges_c20160811.shp,25.640045;24.079651;21.102854;16.324032;11.511562;6.671830;1.810134;4.020473;6.006778;10.901870;15.807323;20.719898,83.680374;98.801964;113.308250;111.670303;110.194870;108.863319;107.657715;94.102837;80.376114;81.340813;82.213333;83.001831,npp_d20151003_t1908306_e1914110_b20379,148.48,84.7403,39.9829,-79.9401,46.6232,72.4512
707,VBD_npp_d20151003_t1912507_x1005714E_y078977N_l2344_s2837_v23,2017-06-01 16:16:04,7.897708,100.571381,7.51108,2015-10-03 19:12:50,2015-10-04 02:12:50,2344,2837,0.392744,8,18817,0.228316,0.165353,0.371828,0.4,0.569633,0.75,0.0238916,0.0001,0.0198084,999999,-7.429880e-02,3,Thailand Exclusive Economic Zone,,,SVDNB_npp_d20151003_t1908306_e1914110_b20379_c20151004011411684829_noaa_ops.h5,GDNBO_npp_d20151003_t1908306_e1914110_b20379_c20151004011411684577_noaa_ops.h5,SVI04_npp_d20151003_t1908306_e1914110_b20379_c20151004011412382962_noaa_ops.dspace_rad,VNFF_npp_d20151003_t1908306_e1914110_b20379_v21.csv,World_EEZ_v8_2014.shp,WPP_BFAR_merge.shp,KKP_IDN_merge_20161208.shp,VNF-VBD_npp_20120301-20151231_global_asia-enhanced_c201607211230.bitmask,NCEI_NGA.union.nga_lead2.add_2015ntl.mask,timezone.shp,VBD_platforms-recurring_2015_r20170330.shp,0.217072,VBD_bridges_c20160811.shp,25.640045;24.079651;21.102854;16.324032;11.511562;6.671830;1.810134;4.020473;6.006778;10.901870;15.807323;20.719898,83.680374;98.801964;113.308250;111.670303;110.194870;108.863319;107.657715;94.102837;80.376114;81.340813;82.213333;83.001831,npp_d20151003_t1908306_e1914110_b20379,148.419,84.8857,40.4358,-80.3723,46.5814,72.3691
734,VBD_npp_d20151003_t1912489_x1007677E_y079999N_l2324_s2862_v23,2017-06-01 16:16:04,7.999856,100.767685,9.42287,2015-10-03 19:12:48,2015-10-04 02:12:48,2324,2862,0.378446,8,18849,0.260224,0.14829,0.530746,0.4,0.595238,0.75,0.0240143,0.0001,0.0206465,999999,8.471702e-02,3,Thailand Exclusive Economic Zone,,,SVDNB_npp_d20151003_t1908306_e1914110_b20379_c20151004011411684829_noaa_ops.h5,GDNBO_npp_d20151003_t1908306_e1914110_b20379_c20151004011411684577_noaa_ops.h5,SVI04_npp_d20151003_t1908306_e1914110_b20379_c20151004011412382962_noaa_ops.dspace_rad,VNFF_npp_d20151003_t1908306_e1914110_b20379_v21.csv,World_EEZ_v8_2014.shp,WPP_BFAR_merge.shp,KKP_IDN_merge_20161208.shp,VNF-VBD_npp_20120301-20151231_global_asia-enhanced_c201607211230.bitmask,NCEI_NGA.union.nga_lead2.add_2015ntl.mask,timezone.shp,VBD_platforms-recurring_2015_r20170330.shp,0.461224,VBD_bridges_c20160811.shp,25.640045;24.079651;21.102854;16.324032;11.511562;6.671830;1.810134;4.020473;6.006778;10.901870;15.807323;20.719898,83.680374;98.801964;113.308250;111.670303;110.194870;108.863319;107.657715;94.102837;80.376114;81.340813;82.213333;83.001831,npp_d20151003_t1908306_e1914110_b20379,148.223,84.7743,41.3711,-80.6123,46.3694,72.4349
735,VBD_npp_d20151003_t1912489_x1007562E_y079338N_l2334_s2862_v23,2017-06-01 16:16:04,7.933807,100.756233,6.96118,2015-10-03 19:12:48,2015-10-04 02:12:48,2334,2862,0.377735,8,18849,0.213258,0.130949,0.447191,0.4,0.549753,0.75,0.0239949,0.0001,0.0192923,999999,2.463157e-01,3,Thailand Exclusive Economic Zone,,,SVDNB_npp_d20151003_t1908306_e1914110_b20379_c20151004011411684829_noaa_ops.h5,GDNBO_npp_d20151003_t1908306_e1914110_b20379_c20151004011411684577_noaa_ops.h5,SVI04_npp_d20151003_t1908306_e1914110_b20379_c20151004011412382962_noaa_ops.dspace_rad,VNFF_npp_d20151003_t1908306_e1914110_b20379_v21.csv,World_EEZ_v8_2014.shp,WPP_BFAR_merge.shp,KKP_IDN_merge_20161208.shp,VNF-VBD_npp_20120301-20151231_global_asia-enhanced_c201607211230.bitmask,NCEI_NGA.union.nga_lead2.add_2015ntl.mask,timezone.shp,VBD_platforms-recurring_2015_r20170330.shp,0.233602,VBD_bridges_c20160811.shp,25.640045;24.079651;21.102854;16.324032;11.511562;6.671830;1.810134;4.020473;6.006778;10.901870;15.807323;20.719898,83.680374;98.801964;113.308250;111.670303;110.194870;108.863319;107.657715;94.102837;80.376114;81.340813;82.213333;83.001831,npp_d20151003_t1908306_e1914110_b20379,148.241,84.8773,41.3707,-79.9307,46.4006,72.3752
748,VBD_npp_d20151003_t1912507_x1007984E_y079068N_l2337_s2870_v23,2017-06-01 16:16:04,7.906770,100.798355,5.29853,2015-10-03 19:12:50,2015-10-04 02:12:50,2337,2870,0.365287,10,2177,0.147431,0.137577,0.39162,0.4,0.418551,0.75,0.0240159,0.0001,0.0208773,999999,1.845484e-01,3,Thailand Exclusive Economic Zone,,,SVDNB_npp_d20151003_t1908306_e1914110_b20379_c20151004011411684829_noaa_ops.h5,GDNBO_npp_d20151003_t1908306_e1914110_b20379_c20151004011411684577_noaa_ops.h5,SVI04_npp_d20151003_t1908306_e1914110_b20379_c20151004011412382962_noaa_ops.dspace_rad,VNFF_npp_d20151003_t1908306_e1914110_b20379_v21.csv,World_EEZ_v8_2014.shp,WPP_BFAR_merge.shp,KKP_IDN_merge_20161208.shp,VNF-VBD_npp_20120301-20151231_global_asia-enhanced_c201607211230.bitmask,NCEI_NGA.union.nga_lead2.add_2015ntl.mask,timezone.shp,VBD_platforms-recurring_2015_r20170330.shp,999999,VBD_bridges_c20160811.shp,25.640045;24.079651;21.102854;16.324032;11.511562;6.671830;1.810134;4.020473;6.006778;10.901870;15.807323;20.719898,83.680374;98.801964;113.308250;111.670303;110.194870;108.863319;107.657715;94.102837;80.376114;81.340813;82.213333;83.001831,npp_d20151003_t1908306_e1914110_b20379,148.194,84.9346,41.6613,-80.8169,46.3618,72.3424
749,VBD_npp_d20151003_t1912560_x1007128E_y075359N_l2394_s2870_v23,2017-06-01 16:16:04,7.535863,100.712837,15.6678,2015-10-03 19:12:56,2015-10-04 02:12:56,2394,2870,0.383497,4,35237,0.302491,0.104125,0.431122,0.4,0.587703,0.75,0.0239047,0.0001,0.0190822,999999,4.963030e-01,3,Thailand Exclusive Economic Zone,,,SVDNB_npp_d20151003_t1908306_e1914110_b20379_c20151004011411684829_noaa_ops.h5,GDNBO_npp_d20151003_t1908306_e1914110_b20379_c20151004011411684577_noaa_ops.h5,SVI04_npp_d20151003_t1908306_e1914110_b20379_c20151004011412382962_noaa_ops.dspace_rad,VNFF_npp_d20151003_t1908306_e1914110_b20379_v21.csv,World_EEZ_v8_2014.shp,WPP_BFAR_merge.shp,KKP_IDN_merge_20161208.shp,VNF-VBD_npp_20120301-20151231_global_asia-enhanced_c201607211230.bitmask,NCEI_NGA.union.nga_lead2.add_2015ntl.mask,timezone.shp,VBD_platforms-recurring_2015_r20170330.shp,999999,VBD_bridges_c20160811.shp,25.640045;24.079651;21.102854;16.324032;11.511562;6.671830;1.810134;4.020473;6.006778;10.901870;15.807323;20.719898,83.680374;98.801964;113.308250;111.670303;110.194870;108.863319;107.657715;94.102837;80.376114;81.340813;82.213333;83.001831,npp_d20151003_t1908306_e1914110_b20379,148.288,85.5148,41.6581,-80.2487,46.5378,72.0088
751,VBD_npp_d20151003_t1912489_x1008276E_y079966N_l2323_s2871_v23,2017-06-01 16:16:04,7.996590,100.827553,10.8887,2015-10-03 19:12:48,2015-10-04 02:12:48,2323,2871,0.379513,8,18849,0.244456,0.114907,0.483793,0.4,0.410775,0.75,0.0240464,0.0001,0.0208014,999999,3.958170e-01,3,Thailand Exclusive Economic Zone,,,SVDNB_npp_d20151003_t1908306_e1914110_b20379_c20151004011411684829_noaa_ops.h5,GDNBO_npp_d20151003_t1908306_e1914110_b20379_c20151004011411684577_noaa_ops.h5,SVI04_npp_d20151003_t1908306_e1914110_b20379_c20151004011412382962_noaa_ops.dspace_rad,VNFF_npp_d20151003_t1908306_e1914110_b20379_v21.csv,World_EEZ_v8_2014.shp,WPP_BFAR_merge.shp,KKP_IDN_merge_20161208.shp,VNF-VBD_npp_20120301-20151231_global_asia-enhanced_c201607211230.bitmask,NCEI_NGA.union.nga_lead2.add_2015ntl.mask,timezone.shp,VBD_platforms-recurring_2015_r20170330.shp,0.839601,VBD_bridges_c20160811.shp,25.640045;24.079651;21.102854;16.324032;11.511562;6.671830;1.810134;4.020473;6.006778;10.901870;15.807323;20.719898,83.680374;98.801964;113.308250;111.670303;110.194870;108.863319;107.657715;94.102837;80.376114;81.340813;82.213333;83.001831,npp_d20151003_t1908306_e1914110_b20379,148.165,84.7966,41.6958,-80.6704,46.3133,72.4226
755,VBD_npp_d20151003_t1912507_x1008216E_y078071N_l2351_s2876_v23,2017-06-01 16:16:04,7.807121,100.821617,11.1711,2015-10-03 19:12:50,2015-10-04 02:12:50,2351,2876,0.383283,2,2465,0.258692,0.187507,0.40137,0.4,0.531143,0.75,0.0240088,0.0001,0.0189736,999999,-2.807603e-01,3,Thailand Exclusive Economic Zone,,,SVDNB_npp_d20151003_t1908306_e1914110_b20379_c20151004011411684829_noaa_ops.h5,GDNBO_npp_d20151003_t1908306_e1914110_b20379_c20151004011411684577_noaa_ops.h5,SVI04_npp_d20151003_t1908306_e1914110_b20379_c20151004011412382962_noaa_ops.dspace_rad,VNFF_npp_d20151003_t1908306_e1914110_b20379_v21.csv,World_EEZ_v8_2014.shp,WPP_BFAR_merge.shp,KKP_IDN_merge_20161208.shp,VNF-VBD_npp_20120301-20151231_global_asia-enhanced_c201607211230.bitmask,NCEI_NGA.union.nga_lead2.add_2015ntl.mask,timezone.shp,VBD_platforms-recurring_2015_r20170330.shp,999999,VBD_bridges_c20160811.shp,25.640045;24.079651;21.102854;16.324032;11.511562;6.671830;1.810134;4.020473;6.006778;10.901870;15.807323;20.719898,83.680374;98.801964;113.308250;111.670303;110.194870;108.863319;107.657715;94.102837;80.376114;81.340813;82.213333;83.001831,npp_d20151003_t1908306_e1914110_b20379,148.18,85.1011,41.8766,-79.8651,46.3703,72.246
756,VBD_npp_d20151003_t1912489_x1008659E_y079833N_l2324_s2877_v23,2017-06-01 16:16:04,7.983304,100.865860,18.5628,2015-10-03 19:12:48,2015-10-04 02:12:48,2324,2877,0.384848,2,2465,0.366838,0.116155,0.473743,0.4,0.6578,0.75,0.0240645,0.0001,0.0206662,999999,3.841903e-01,3,Thailand Exclusive Economic Zone,,,SVDNB_npp_d20151003_t1908306_e1914110_b20379_c20151004011411684829_noaa_ops.h5,GDNBO_npp_d20151003_t1908306_e1914110_b20379_c20151004011411684577_noaa_ops.h5,SVI04_npp_d20151003_t1908306_e1914110_b20379_c20151004011412382962_noaa_ops.dspace_rad,VNFF_npp_d20151003_t1908306_e1914110_b20379_v21.csv,World_EEZ_v8_2014.shp,WPP_BFAR_merge.shp,KKP_IDN_merge_20161208.shp,VNF-VBD_npp_20120301-20151231_global_asia-enhanced_c201607211230.bitmask,NCEI_NGA.union.nga_lead2.add_2015ntl.mask,timezone.shp,VBD_platforms-recurring_2015_r20170330.shp,999999,VBD_bridges_c20160811.shp,25.640045;24.079651;21.102854;16.324032;11.511562;6.671830;1.810134;4.020473;6.006778;10.901870;15.807323;20.719898,83.680374;98.801964;113.308250;111.670303;110.194870;108.863319;107.657715;94.102837;80.376114;81.340813;82.213333;83.001831,npp_d20151003_t1908306_e1914110_b20379,148.128,84.8287,41.9122,-80.5963,46.2807,72.4044
757,VBD_npp_d20151003_t1912507_x1008509E_y078980N_l2337_s2878_v23,2017-06-01 16:16:04,7.897982,100.850945,8.19428,2015-10-03 19:12:50,2015-10-04 02:12:50,2337,2878,0.35355,8,18849,0.205475,0.182163,0.416308,0.4,0.51026,0.75,0.0240426,0.0001,0.0208838,999999,-2.309557e-01,3,Thailand Exclusive Economic Zone,,,SVDNB_npp_d20151003_t1908306_e1914110_b20379_c20151004011411684829_noaa_ops.h5,GDNBO_npp_d20151003_t1908306_e1914110_b20379_c20151004011411684577_noaa_ops.h5,SVI04_npp_d20151003_t1908306_e1914110_b20379_c20151004011412382962_noaa_ops.dspace_rad,VNFF_npp_d20151003_t1908306_e1914110_b20379_v21.csv,World_EEZ_v8_2014.shp,WPP_BFAR_merge.shp,KKP_IDN_merge_20161208.shp,VNF-VBD_npp_20120301-20151231_global_asia-enhanced_c201607211230.bitmask,NCEI_NGA.union.nga_lead2.add_2015ntl.mask,timezone.shp,VBD_platforms-recurring_2015_r20170330.shp,0.260581,VBD_bridges_c20160811.shp,25.640045;24.079651;21.102854;16.324032;11.511562;6.671830;1.810134;4.020473;6.006778;10.901870;15.807323;20.719898,83.680374;98.801964;113.308250;111.670303;110.194870;108.863319;107.657715;94.102837;80.376114;81.340813;82.213333;83.001831,npp_d20151003_t1908306_e1914110_b20379,148.143,84.9633,41.9501,-80.8072,46.3143,72.3259
758,VBD_npp_d20151003_t1912525_x1008195E_y077613N_l2358_s2878_v23,2017-06-01 16:16:04,7.761266,100.819534,7.18713,2015-10-03 19:12:52,2015-10-04 02:12:52,2358,2878,0.386626,10,2433,0.217704,0.182627,0.380275,0.4,0.516926,0.75,0.0240019,0.0001,0.0200012,999999,-2.352781e-01,3,Thailand Exclusive Economic Zone,,,SVDNB_npp_d20151003_t1908306_e1914110_b20379_c20151004011411684829_noaa_ops.h5,GDNBO_npp_d20151003_t1908306_e1914110_b20379_c20151004011411684577_noaa_ops.h5,SVI04_npp_d20151003_t1908306_e1914110_b20379_c20151004011412382962_noaa_ops.dspace_rad,VNFF_npp_d20151003_t1908306_e1914110_b20379_v21.csv,World_EEZ_v8_2014.shp,WPP_BFAR_merge.shp,KKP_IDN_merge_20161208.shp,VNF-VBD_npp_20120301-20151231_global_asia-enhanced_c201607211230.bitmask,NCEI_NGA.union.nga_lead2.add_2015ntl.mask,timezone.shp,VBD_platforms-recurring_2015_r20170330.shp,999999,VBD_bridges_c20160811.shp,25.640045;24.079651;21.102854;16.324032;11.511562;6.671830;1.810134;4.020473;6.006778;10.901870;15.807323;20.719898,83.680374;98.801964;113.308250;111.670303;110.194870;108.863319;107.657715;94.102837;80.376114;81.340813;82.213333;83.001831,npp_d20151003_t1908306_e1914110_b20379,148.178,85.1761,41.945,-80.4864,46.3796,72.2025
759,VBD_npp_d20151003_t1912507_x1008425E_y078103N_l2350_s2879_v23,2017-06-01 16:16:04,7.810343,100.842529,10.3752,2015-10-03 19:12:50,2015-10-04 02:12:50,2350,2879,0.378802,8,18817,0.209609,0.179849,0.361915,0.4,0.464732,0.75,0.0240207,0.0001,0.0191043,999999,-2.093918e-01,3,Thailand Exclusive Economic Zone,,,SVDNB_npp_d20151003_t1908306_e1914110_b20379_c20151004011411684829_noaa_ops.h5,GDNBO_npp_d20151003_t1908306_e1914110_b20379_c20151004011411684577_noaa_ops.h5,SVI04_npp_d20151003_t1908306_e1914110_b20379_c20151004011412382962_noaa_ops.dspace_rad,VNFF_npp_d20151003_t1908306_e1914110_b20379_v21.csv,World_EEZ_v8_2014.shp,WPP_BFAR_merge.shp,KKP_IDN_merge_20161208.shp,VNF-VBD_npp_20120301-20151231_global_asia-enhanced_c201607211230.bitmask,NCEI_NGA.union.nga_lead2.add_2015ntl.mask,timezone.shp,VBD_platforms-recurring_2015_r20170330.shp,0.25797,VBD_bridges_c20160811.shp,25.640045;24.079651;21.102854;16.324032;11.511562;6.671830;1.810134;4.020473;6.006778;10.901870;15.807323;20.719898,83.680374;98.801964;113.308250;111.670303;110.194870;108.863319;107.657715;94.102837;80.376114;81.340813;82.213333;83.001831,npp_d20151003_t1908306_e1914110_b20379,148.159,85.1016,41.9848,-79.9308,46.3493,72.2457
761,VBD_npp_d20151003_t1912560_x1007861E_y074890N_l2399_s2882_v23,2017-06-01 16:16:04,7.489038,100.786057,6.96987,2015-10-03 19:12:56,2015-10-04 02:12:56,2399,2882,0.345868,8,18561,0.123788,0.104878,0.305785,0.4,0.396301,0.75,0.0239349,0.0001,0.018417,999999,4.892811e-01,3,Thailand Exclusive Economic Zone,,,SVDNB_npp_d20151003_t1908306_e1914110_b20379_c20151004011411684829_noaa_ops.h5,GDNBO_npp_d20151003_t1908306_e1914110_b20379_c20151004011411684577_noaa_ops.h5,SVI04_npp_d20151003_t1908306_e1914110_b20379_c20151004011412382962_noaa_ops.dspace_rad,VNFF_npp_d20151003_t1908306_e1914110_b20379_v21.csv,World_EEZ_v8_2014.shp,WPP_BFAR_merge.shp,KKP_IDN_merge_20161208.shp,VNF-VBD_npp_20120301-20151231_global_asia-enhanced_c201607211230.bitmask,NCEI_NGA.union.nga_lead2.add_2015ntl.mask,timezone.shp,VBD_platforms-recurring_2015_r20170330.shp,0.345551,VBD_bridges_c20160811.shp,25.640045;24.079651;21.102854;16.324032;11.511562;6.671830;1.810134;4.020473;6.006778;10.901870;15.807323;20.719898,83.680374;98.801964;113.308250;111.670303;110.194870;108.863319;107.657715;94.102837;80.376114;81.340813;82.213333;83.001831,npp_d20151003_t1908306_e1914110_b20379,148.219,85.6089,42.0921,-79.9039,46.4826,71.9533
766,VBD_npp_d20151003_t1912560_x1008464E_y075612N_l2387_s2889_v23,2017-06-01 16:16:04,7.561242,100.846390,6.65902,2015-10-03 19:12:56,2015-10-04 02:12:56,2387,2889,0.32773,10,2177,0.125939,0.113417,0.303853,0.4,0.421104,0.75,0.023982,0.0001,0.0200178,999999,4.097072e-01,3,Thailand Exclusive Economic Zone,,,SVDNB_npp_d20151003_t1908306_e1914110_b20379_c20151004011411684829_noaa_ops.h5,GDNBO_npp_d20151003_t1908306_e1914110_b20379_c20151004011411684577_noaa_ops.h5,SVI04_npp_d20151003_t1908306_e1914110_b20379_c20151004011412382962_noaa_ops.dspace_rad,VNFF_npp_d20151003_t1908306_e1914110_b20379_v21.csv,World_EEZ_v8_2014.shp,WPP_BFAR_merge.shp,KKP_IDN_merge_20161208.shp,VNF-VBD_npp_20120301-20151231_global_asia-enhanced_c201607211230.bitmask,NCEI_NGA.union.nga_lead2.add_2015ntl.mask,timezone.shp,VBD_platforms-recurring_2015_r20170330.shp,999999,VBD_bridges_c20160811.shp,25.640045;24.079651;21.102854;16.324032;11.511562;6.671830;1.810134;4.020473;6.006778;10.901870;15.807323;20.719898,83.680374;98.801964;113.308250;111.670303;110.194870;108.863319;107.657715;94.102837;80.376114;81.340813;82.213333;83.001831,npp_d20151003_t1908306_e1914110_b20379,148.154,85.5082,42.3459,-80.7027,46.4025,72.01
767,VBD_npp_d20151003_t1912542_x1008800E_y076771N_l2369_s2890_v23,2017-06-01 16:16:04,7.677075,100.879959,6.32123,2015-10-03 19:12:54,2015-10-04 02:12:54,2369,2890,0.388974,8,18561,0.142977,0.116179,0.268262,0.4,0.423904,0.75,0.0240205,0.0001,0.0204823,999999,3.839683e-01,3,Thailand Exclusive Economic Zone,,,SVDNB_npp_d20151003_t1908306_e1914110_b20379_c20151004011411684829_noaa_ops.h5,GDNBO_npp_d20151003_t1908306_e1914110_b20379_c20151004011411684577_noaa_ops.h5,SVI04_npp_d20151003_t1908306_e1914110_b20379_c20151004011412382962_noaa_ops.dspace_rad,VNFF_npp_d20151003_t1908306_e1914110_b20379_v21.csv,World_EEZ_v8_2014.shp,WPP_BFAR_merge.shp,KKP_IDN_merge_20161208.shp,VNF-VBD_npp_20120301-20151231_global_asia-enhanced_c201607211230.bitmask,NCEI_NGA.union.nga_lead2.add_2015ntl.mask,timezone.shp,VBD_platforms-recurring_2015_r20170330.shp,0.248357,VBD_bridges_c20160811.shp,25.640045;24.079651;21.102854;16.324032;11.511562;6.671830;1.810134;4.020473;6.006778;10.901870;15.807323;20.719898,83.680374;98.801964;113.308250;111.670303;110.194870;108.863319;107.657715;94.102837;80.376114;81.340813;82.213333;83.001831,npp_d20151003_t1908306_e1914110_b20379,148.118,85.3293,42.3808,-80.8189,46.3412,72.1133
768,VBD_npp_d20151003_t1912578_x1008282E_y074560N_l2403_s2890_v23,2017-06-01 16:16:04,7.455968,100.828217,6.82621,2015-10-03 19:12:57,2015-10-04 02:12:57,2403,2890,0.305893,8,18561,0.116525,0.0886829,0.256301,0.4,0.386089,0.75,0.0239537,0.0001,0.0198171,999999,6.402072e-01,3,Thailand Exclusive Economic Zone,,,SVDNB_npp_d20151003_t1908306_e1914110_b20379_c20151004011411684829_noaa_ops.h5,GDNBO_npp_d20151003_t1908306_e1914110_b20379_c20151004011411684577_noaa_ops.h5,SVI04_npp_d20151003_t1908306_e1914110_b20379_c20151004011412382962_noaa_ops.dspace_rad,VNFF_npp_d20151003_t1908306_e1914110_b20379_v21.csv,World_EEZ_v8_2014.shp,WPP_BFAR_merge.shp,KKP_IDN_merge_20161208.shp,VNF-VBD_npp_20120301-20151231_global_asia-enhanced_c201607211230.bitmask,NCEI_NGA.union.nga_lead2.add_2015ntl.mask,timezone.shp,VBD_platforms-recurring_2015_r20170330.shp,0.598689,VBD_bridges_c20160811.shp,25.640045;24.079651;21.102854;16.324032;11.511562;6.671830;1.810134;4.020473;6.006778;10.901870;15.807323;20.719898,83.680374;98.801964;113.308250;111.670303;110.194870;108.863319;107.657715;94.102837;80.376114;81.340813;82.213333;83.001831,npp_d20151003_t1908306_e1914110_b20379,148.172,85.6746,42.383,-80.7117,46.446,71.9143
781,VBD_npp_d20151003_t1912489_x1010814E_y079121N_l2329_s2910_v23,2017-06-01 16:16:04,7.912127,101.081383,5.82721,2015-10-03 19:12:48,2015-10-04 02:12:48,2329,2910,0.373752,10,2177,0.159816,0.157757,0.287407,0.4,0.471688,0.75,0.0241647,0.0001,0.0198954,999999,-3.513292e-03,3,Thailand Exclusive Economic Zone,,,SVDNB_npp_d20151003_t1908306_e1914110_b20379_c20151004011411684829_noaa_ops.h5,GDNBO_npp_d20151003_t1908306_e1914110_b20379_c20151004011411684577_noaa_ops.h5,SVI04_npp_d20151003_t1908306_e1914110_b20379_c20151004011412382962_noaa_ops.dspace_rad,VNFF_npp_d20151003_t1908306_e1914110_b20379_v21.csv,World_EEZ_v8_2014.shp,WPP_BFAR_merge.shp,KKP_IDN_merge_20161208.shp,VNF-VBD_npp_20120301-20151231_global_asia-enhanced_c201607211230.bitmask,NCEI_NGA.union.nga_lead2.add_2015ntl.mask,timezone.shp,VBD_platforms-recurring_2015_r20170330.shp,999999,VBD_bridges_c20160811.shp,25.640045;24.079651;21.102854;16.324032;11.511562;6.671830;1.810134;4.020473;6.006778;10.901870;15.807323;20.719898,83.680374;98.801964;113.308250;111.670303;110.194870;108.863319;107.657715;94.102837;80.376114;81.340813;82.213333;83.001831,npp_d20151003_t1908306_e1914110_b20379,147.922,85.0024,43.1074,-80.2313,46.0968,72.3039
782,VBD_npp_d20151003_t1912507_x1011169E_y077906N_l2346_s2919_v23,2017-06-01 16:16:04,7.790635,101.116882,10.704,2015-10-03 19:12:50,2015-10-04 02:12:50,2346,2919,0.375814,10,2433,0.2295,0.152875,0.345686,0.4,0.521926,0.75,0.0241617,0.0001,0.0195081,999999,4.198321e-02,3,Thailand Exclusive Economic Zone,,,SVDNB_npp_d20151003_t1908306_e1914110_b20379_c20151004011411684829_noaa_ops.h5,GDNBO_npp_d20151003_t1908306_e1914110_b20379_c20151004011411684577_noaa_ops.h5,SVI04_npp_d20151003_t1908306_e1914110_b20379_c20151004011412382962_noaa_ops.dspace_rad,VNFF_npp_d20151003_t1908306_e1914110_b20379_v21.csv,World_EEZ_v8_2014.shp,WPP_BFAR_merge.shp,KKP_IDN_merge_20161208.shp,VNF-VBD_npp_20120301-20151231_global_asia-enhanced_c201607211230.bitmask,NCEI_NGA.union.nga_lead2.add_2015ntl.mask,timezone.shp,VBD_platforms-recurring_2015_r20170330.shp,999999,VBD_bridges_c20160811.shp,25.640045;24.079651;21.102854;16.324032;11.511562;6.671830;1.810134;4.020473;6.006778;10.901870;15.807323;20.719898,83.680374;98.801964;113.308250;111.670303;110.194870;108.863319;107.657715;94.102837;80.376114;81.340813;82.213333;83.001831,npp_d20151003_t1908306_e1914110_b20379,147.89,85.207,43.4357,-80.1685,46.0935,72.183
783,VBD_npp_d20151003_t1912471_x1011767E_y079766N_l2317_s2921_v23,2017-06-01 16:16:04,7.976610,101.176720,6.03374,2015-10-03 19:12:47,2015-10-04 02:12:47,2317,2921,0.390254,10,2177,0.16452,0.159184,0.352326,0.4,0.499178,0.75,0.0242246,0.0001,0.0194905,999999,-1.681436e-02,3,Thailand Exclusive Economic Zone,,,SVDNB_npp_d20151003_t1908306_e1914110_b20379_c20151004011411684829_noaa_ops.h5,GDNBO_npp_d20151003_t1908306_e1914110_b20379_c20151004011411684577_noaa_ops.h5,SVI04_npp_d20151003_t1908306_e1914110_b20379_c20151004011412382962_noaa_ops.dspace_rad,VNFF_npp_d20151003_t1908306_e1914110_b20379_v21.csv,World_EEZ_v8_2014.shp,WPP_BFAR_merge.shp,KKP_IDN_merge_20161208.shp,VNF-VBD_npp_20120301-20151231_global_asia-enhanced_c201607211230.bitmask,NCEI_NGA.union.nga_lead2.add_2015ntl.mask,timezone.shp,VBD_platforms-recurring_2015_r20170330.shp,999999,VBD_bridges_c20160811.shp,25.640045;24.079651;21.102854;16.324032;11.511562;6.671830;1.810134;4.020473;6.006778;10.901870;15.807323;20.719898,83.680374;98.801964;113.308250;111.670303;110.194870;108.863319;107.657715;94.102837;80.376114;81.340813;82.213333;83.001831,npp_d20151003_t1908306_e1914110_b20379,147.829,84.9244,43.5043,-79.9536,45.9927,72.3506
784,VBD_npp_d20151003_t1912489_x1011572E_y078653N_l2334_s2922_v23,2017-06-01 16:16:04,7.865319,101.157249,13.4417,2015-10-03 19:12:48,2015-10-04 02:12:48,2334,2922,0.381292,8,18849,0.300448,0.139712,0.430706,0.4,0.597707,0.75,0.024195,0.0001,0.0191642,999999,1.646585e-01,3,Thailand Exclusive Economic Zone,,,SVDNB_npp_d20151003_t1908306_e1914110_b20379_c20151004011411684829_noaa_ops.h5,GDNBO_npp_d20151003_t1908306_e1914110_b20379_c20151004011411684577_noaa_ops.h5,SVI04_npp_d20151003_t1908306_e1914110_b20379_c20151004011412382962_noaa_ops.dspace_rad,VNFF_npp_d20151003_t1908306_e1914110_b20379_v21.csv,World_EEZ_v8_2014.shp,WPP_BFAR_merge.shp,KKP_IDN_merge_20161208.shp,VNF-VBD_npp_20120301-20151231_global_asia-enhanced_c201607211230.bitmask,NCEI_NGA.union.nga_lead2.add_2015ntl.mask,timezone.shp,VBD_platforms-recurring_2015_r20170330.shp,0.371146,VBD_bridges_c20160811.shp,25.640045;24.079651;21.102854;16.324032;11.511562;6.671830;1.810134;4.020473;6.006778;10.901870;15.807323;20.719898,83.680374;98.801964;113.308250;111.670303;110.194870;108.863319;107.657715;94.102837;80.376114;81.340813;82.213333;83.001831,npp_d20151003_t1908306_e1914110_b20379,147.851,85.0974,43.5402,-79.9055,46.0387,72.2477
786,VBD_npp_d20151003_t1912489_x1011740E_y079235N_l2325_s2923_v23,2017-06-01 16:16:04,7.923458,101.173950,10.5581,2015-10-03 19:12:48,2015-10-04 02:12:48,2325,2923,0.386271,2,2465,0.256331,0.170583,0.428645,0.4,0.571149,0.75,0.0242157,0.0001,0.0203687,999999,-1.230409e-01,3,Thailand Exclusive Economic Zone,,,SVDNB_npp_d20151003_t1908306_e1914110_b20379_c20151004011411684829_noaa_ops.h5,GDNBO_npp_d20151003_t1908306_e1914110_b20379_c20151004011411684577_noaa_ops.h5,SVI04_npp_d20151003_t1908306_e1914110_b20379_c20151004011412382962_noaa_ops.dspace_rad,VNFF_npp_d20151003_t1908306_e1914110_b20379_v21.csv,World_EEZ_v8_2014.shp,WPP_BFAR_merge.shp,KKP_IDN_merge_20161208.shp,VNF-VBD_npp_20120301-20151231_global_asia-enhanced_c201607211230.bitmask,NCEI_NGA.union.nga_lead2.add_2015ntl.mask,timezone.shp,VBD_platforms-recurring_2015_r20170330.shp,999999,VBD_bridges_c20160811.shp,25.640045;24.079651;21.102854;16.324032;11.511562;6.671830;1.810134;4.020473;6.006778;10.901870;15.807323;20.719898,83.680374;98.801964;113.308250;111.670303;110.194870;108.863319;107.657715;94.102837;80.376114;81.340813;82.213333;83.001831,npp_d20151003_t1908306_e1914110_b20379,147.829,85.0099,43.5741,-80.4742,46.0049,72.2998
787,VBD_npp_d20151003_t1912507_x1011797E_y078073N_l2342_s2928_v23,2017-06-01 16:16:04,7.807331,101.179710,8.74341,2015-10-03 19:12:50,2015-10-04 02:12:50,2342,2928,0.37617,8,18817,0.204156,0.144663,0.317026,0.4,0.506517,0.75,0.0241994,0.0001,0.0199972,999999,1.185141e-01,3,Thailand Exclusive Economic Zone,,,SVDNB_npp_d20151003_t1908306_e1914110_b20379_c20151004011411684829_noaa_ops.h5,GDNBO_npp_d20151003_t1908306_e1914110_b20379_c20151004011411684577_noaa_ops.h5,SVI04_npp_d20151003_t1908306_e1914110_b20379_c20151004011412382962_noaa_ops.dspace_rad,VNFF_npp_d20151003_t1908306_e1914110_b20379_v21.csv,World_EEZ_v8_2014.shp,WPP_BFAR_merge.shp,KKP_IDN_merge_20161208.shp,VNF-VBD_npp_20120301-20151231_global_asia-enhanced_c201607211230.bitmask,NCEI_NGA.union.nga_lead2.add_2015ntl.mask,timezone.shp,VBD_platforms-recurring_2015_r20170330.shp,0.12653,VBD_bridges_c20160811.shp,25.640045;24.079651;21.102854;16.324032;11.511562;6.671830;1.810134;4.020473;6.006778;10.901870;15.807323;20.719898,83.680374;98.801964;113.308250;111.670303;110.194870;108.863319;107.657715;94.102837;80.376114;81.340813;82.213333;83.001831,npp_d20151003_t1908306_e1914110_b20379,147.826,85.1974,43.7425,-80.4169,46.0284,72.1884
791,VBD_npp_d20151003_t1912489_x1014233E_y078948N_l2323_s2961_v23,2017-06-01 16:16:04,7.894815,101.423325,4.37274,2015-10-03 19:12:48,2015-10-04 02:12:48,2323,2961,0.372187,8,18561,0.139432,0.135503,0.393561,0.4,0.537947,0.75,0.0243462,0.0001,0.0203304,999999,2.038762e-01,3,Thailand Exclusive Economic Zone,,,SVDNB_npp_d20151003_t1908306_e1914110_b20379_c20151004011411684829_noaa_ops.h5,GDNBO_npp_d20151003_t1908306_e1914110_b20379_c20151004011411684577_noaa_ops.h5,SVI04_npp_d20151003_t1908306_e1914110_b20379_c20151004011412382962_noaa_ops.dspace_rad,VNFF_npp_d20151003_t1908306_e1914110_b20379_v21.csv,World_EEZ_v8_2014.shp,WPP_BFAR_merge.shp,KKP_IDN_merge_20161208.shp,VNF-VBD_npp_20120301-20151231_global_asia-enhanced_c201607211230.bitmask,NCEI_NGA.union.nga_lead2.add_2015ntl.mask,timezone.shp,VBD_platforms-recurring_2015_r20170330.shp,0.395772,VBD_bridges_c20160811.shp,25.640045;24.079651;21.102854;16.324032;11.511562;6.671830;1.810134;4.020473;6.006778;10.901870;15.807323;20.719898,83.680374;98.801964;113.308250;111.670303;110.194870;108.863319;107.657715;94.102837;80.376114;81.340813;82.213333;83.001831,npp_d20151003_t1908306_e1914110_b20379,147.586,85.1229,44.8554,-80.5606,45.7757,72.2323
797,VBD_npp_d20151003_t1912525_x1015492E_y076296N_l2359_s2988_v23,2017-06-01 16:16:04,7.629593,101.549202,4.35158,2015-10-03 19:12:52,2015-10-04 02:12:52,2359,2988,0.350492,2,2209,0.164733,0.164423,0.445024,0.4,0.571917,0.75,0.0243662,0.0001,0.0190569,999999,-6.563071e-02,3,Thailand Exclusive Economic Zone,,,SVDNB_npp_d20151003_t1908306_e1914110_b20379_c20151004011411684829_noaa_ops.h5,GDNBO_npp_d20151003_t1908306_e1914110_b20379_c20151004011411684577_noaa_ops.h5,SVI04_npp_d20151003_t1908306_e1914110_b20379_c20151004011412382962_noaa_ops.dspace_rad,VNFF_npp_d20151003_t1908306_e1914110_b20379_v21.csv,World_EEZ_v8_2014.shp,WPP_BFAR_merge.shp,KKP_IDN_merge_20161208.shp,VNF-VBD_npp_20120301-20151231_global_asia-enhanced_c201607211230.bitmask,NCEI_NGA.union.nga_lead2.add_2015ntl.mask,timezone.shp,VBD_platforms-recurring_2015_r20170330.shp,999999,VBD_bridges_c20160811.shp,25.640045;24.079651;21.102854;16.324032;11.511562;6.671830;1.810134;4.020473;6.006778;10.901870;15.807323;20.719898,83.680374;98.801964;113.308250;111.670303;110.194870;108.863319;107.657715;94.102837;80.376114;81.340813;82.213333;83.001831,npp_d20151003_t1908306_e1914110_b20379,147.468,85.5751,45.7678,-80.317,45.7244,71.9568
799,VBD_npp_d20151003_t1912507_x1017030E_y076695N_l2349_s3008_v23,2017-06-01 16:16:04,7.669499,101.702980,5.47991,2015-10-03 19:12:50,2015-10-04 02:12:50,2349,3008,0.286901,2,2209,0.196136,0.186852,0.47149,0.4,0.57436,0.75,0.0244521,0.0001,0.0181679,999999,-2.746580e-01,3,Thailand Exclusive Economic Zone,,,SVDNB_npp_d20151003_t1908306_e1914110_b20379_c20151004011411684829_noaa_ops.h5,GDNBO_npp_d20151003_t1908306_e1914110_b20379_c20151004011411684577_noaa_ops.h5,SVI04_npp_d20151003_t1908306_e1914110_b20379_c20151004011412382962_noaa_ops.dspace_rad,VNFF_npp_d20151003_t1908306_e1914110_b20379_v21.csv,World_EEZ_v8_2014.shp,WPP_BFAR_merge.shp,KKP_IDN_merge_20161208.shp,VNF-VBD_npp_20120301-20151231_global_asia-enhanced_c201607211230.bitmask,NCEI_NGA.union.nga_lead2.add_2015ntl.mask,timezone.shp,VBD_platforms-recurring_2015_r20170330.shp,999999,VBD_bridges_c20160811.shp,25.640045;24.079651;21.102854;16.324032;11.511562;6.671830;1.810134;4.020473;6.006778;10.901870;15.807323;20.719898,83.680374;98.801964;113.308250;111.670303;110.194870;108.863319;107.657715;94.102837;80.376114;81.340813;82.213333;83.001831,npp_d20151003_t1908306_e1914110_b20379,147.321,85.5499,46.4391,-79.9296,45.5721,71.9693
804,VBD_npp_d20151003_t1912453_x1018764E_y079568N_l2302_s3023_v23,2017-06-01 16:16:04,7.956768,101.876373,5.16737,2015-10-03 19:12:45,2015-10-04 02:12:45,2302,3023,0.350847,8,18849,0.218684,0.114699,0.551914,0.4,0.666241,0.75,0.0245931,0.0001,0.0183821,999999,1.517046e-01,3,Thailand Exclusive Economic Zone,,,SVDNB_npp_d20151003_t1908306_e1914110_b20379_c20151004011411684829_noaa_ops.h5,GDNBO_npp_d20151003_t1908306_e1914110_b20379_c20151004011411684577_noaa_ops.h5,SVI04_npp_d20151003_t1908306_e1914110_b20379_c20151004011412382962_noaa_ops.dspace_rad,VNFF_npp_d20151003_t1908306_e1914110_b20379_v21.csv,World_EEZ_v8_2014.shp,WPP_BFAR_merge.shp,KKP_IDN_merge_20161208.shp,VNF-VBD_npp_20120301-20151231_global_asia-enhanced_c201607211230.bitmask,NCEI_NGA.union.nga_lead2.add_2015ntl.mask,timezone.shp,VBD_platforms-recurring_2015_r20170330.shp,0.230541,VBD_bridges_c20160811.shp,25.640045;24.079651;21.102854;16.324032;11.511562;6.671830;1.810134;4.020473;6.006778;10.901870;15.807323;20.719898,83.680374;98.801964;113.308250;111.670303;110.194870;108.863319;107.657715;94.102837;80.376114;81.340813;82.213333;83.001831,npp_d20151003_t1908306_e1914110_b20379,147.148,85.1445,46.9204,-79.8205,45.3378,72.2188
805,VBD_npp_d20151003_t1912453_x1019459E_y079584N_l2300_s3033_v23,2017-06-01 16:16:04,7.958360,101.945885,5.23555,2015-10-03 19:12:45,2015-10-04 02:12:45,2300,3033,0.328299,2,2465,0.217895,0.122746,0.579173,0.4,0.63275,0.75,0.0246303,0.0001,0.0184667,999999,5.945322e-02,3,Thailand Exclusive Economic Zone,,,SVDNB_npp_d20151003_t1908306_e1914110_b20379_c20151004011411684829_noaa_ops.h5,GDNBO_npp_d20151003_t1908306_e1914110_b20379_c20151004011411684577_noaa_ops.h5,SVI04_npp_d20151003_t1908306_e1914110_b20379_c20151004011412382962_noaa_ops.dspace_rad,VNFF_npp_d20151003_t1908306_e1914110_b20379_v21.csv,World_EEZ_v8_2014.shp,WPP_BFAR_merge.shp,KKP_IDN_merge_20161208.shp,VNF-VBD_npp_20120301-20151231_global_asia-enhanced_c201607211230.bitmask,NCEI_NGA.union.nga_lead2.add_2015ntl.mask,timezone.shp,VBD_platforms-recurring_2015_r20170330.shp,999999,VBD_bridges_c20160811.shp,25.640045;24.079651;21.102854;16.324032;11.511562;6.671830;1.810134;4.020473;6.006778;10.901870;15.807323;20.719898,83.680374;98.801964;113.308250;111.670303;110.194870;108.863319;107.657715;94.102837;80.376114;81.340813;82.213333;83.001831,npp_d20151003_t1908306_e1914110_b20379,147.079,85.1606,47.244,-79.9282,45.2709,72.2087
811,VBD_npp_d20151003_t1912489_x1020006E_y077884N_l2324_s3047_v23,2017-06-01 16:16:04,7.788439,102.000572,4.90876,2015-10-03 19:12:48,2015-10-04 02:12:48,2324,3047,0.252118,8,18849,0.20572,0.125937,0.531558,0.4,0.641863,0.75,0.0246303,0.0001,0.0188584,999999,2.287126e-02,3,Thailand Exclusive Economic Zone,,,SVDNB_npp_d20151003_t1908306_e1914110_b20379_c20151004011411684829_noaa_ops.h5,GDNBO_npp_d20151003_t1908306_e1914110_b20379_c20151004011411684577_noaa_ops.h5,SVI04_npp_d20151003_t1908306_e1914110_b20379_c20151004011412382962_noaa_ops.dspace_rad,VNFF_npp_d20151003_t1908306_e1914110_b20379_v21.csv,World_EEZ_v8_2014.shp,WPP_BFAR_merge.shp,KKP_IDN_merge_20161208.shp,VNF-VBD_npp_20120301-20151231_global_asia-enhanced_c201607211230.bitmask,NCEI_NGA.union.nga_lead2.add_2015ntl.mask,timezone.shp,VBD_platforms-recurring_2015_r20170330.shp,0.122019,VBD_bridges_c20160811.shp,25.640045;24.079651;21.102854;16.324032;11.511562;6.671830;1.810134;4.020473;6.006778;10.901870;15.807323;20.719898,83.680374;98.801964;113.308250;111.670303;110.194870;108.863319;107.657715;94.102837;80.376114;81.340813;82.213333;83.001831,npp_d20151003_t1908306_e1914110_b20379,147.025,85.4402,47.7017,-80.4025,45.2579,72.0328
812,VBD_npp_d20151003_t1912507_x1019754E_y076845N_l2340_s3047_v23,2017-06-01 16:16:04,7.684515,101.975380,6.96668,2015-10-03 19:12:50,2015-10-04 02:12:50,2340,3047,0.251975,2,2465,0.252272,0.118451,0.514407,0.4,0.613317,0.75,0.0245993,0.0001,0.0186574,999999,1.086865e-01,3,Thailand Exclusive Economic Zone,,,SVDNB_npp_d20151003_t1908306_e1914110_b20379_c20151004011411684829_noaa_ops.h5,GDNBO_npp_d20151003_t1908306_e1914110_b20379_c20151004011411684577_noaa_ops.h5,SVI04_npp_d20151003_t1908306_e1914110_b20379_c20151004011412382962_noaa_ops.dspace_rad,VNFF_npp_d20151003_t1908306_e1914110_b20379_v21.csv,World_EEZ_v8_2014.shp,WPP_BFAR_merge.shp,KKP_IDN_merge_20161208.shp,VNF-VBD_npp_20120301-20151231_global_asia-enhanced_c201607211230.bitmask,NCEI_NGA.union.nga_lead2.add_2015ntl.mask,timezone.shp,VBD_platforms-recurring_2015_r20170330.shp,999999,VBD_bridges_c20160811.shp,25.640045;24.079651;21.102854;16.324032;11.511562;6.671830;1.810134;4.020473;6.006778;10.901870;15.807323;20.719898,83.680374;98.801964;113.308250;111.670303;110.194870;108.863319;107.657715;94.102837;80.376114;81.340813;82.213333;83.001831,npp_d20151003_t1908306_e1914110_b20379,147.05,85.5954,47.7024,-80.4148,45.3076,71.9357
823,VBD_npp_d20151003_t1912453_x1022914E_y079121N_l2298_s3085_v23,2017-06-01 16:16:04,7.912116,102.291374,6.15283,2015-10-03 19:12:45,2015-10-04 02:12:45,2298,3085,0.205385,7,51585,0.187978,0.140706,0.388607,0.4,0.566793,0.75,0.0248062,0.0001,0.0177236,999999,-1.464504e-01,3,,,,SVDNB_npp_d20151003_t1908306_e1914110_b20379_c20151004011411684829_noaa_ops.h5,GDNBO_npp_d20151003_t1908306_e1914110_b20379_c20151004011411684577_noaa_ops.h5,SVI04_npp_d20151003_t1908306_e1914110_b20379_c20151004011412382962_noaa_ops.dspace_rad,VNFF_npp_d20151003_t1908306_e1914110_b20379_v21.csv,World_EEZ_v8_2014.shp,WPP_BFAR_merge.shp,KKP_IDN_merge_20161208.shp,VNF-VBD_npp_20120301-20151231_global_asia-enhanced_c201607211230.bitmask,NCEI_NGA.union.nga_lead2.add_2015ntl.mask,timezone.shp,VBD_platforms-recurring_2015_r20170330.shp,0.506993,VBD_bridges_c20160811.shp,25.640045;24.079651;21.102854;16.324032;11.511562;6.671830;1.810134;4.020473;6.006778;10.901870;15.807323;20.719898,83.680374;98.801964;113.308250;111.670303;110.194870;108.863319;107.657715;94.102837;80.376114;81.340813;82.213333;83.001831,npp_d20151003_t1908306_e1914110_b20379,146.742,85.3226,48.8551,-80.0024,44.9556,72.1045
825,VBD_npp_d20151003_t1912453_x1022908E_y078710N_l2304_s3086_v23,2017-06-01 16:16:04,7.870979,102.290779,4.42092,2015-10-03 19:12:45,2015-10-04 02:12:45,2304,3086,0.225799,8,18561,0.111194,0.105953,0.357361,0.4,0.468038,0.75,0.0247978,0.0001,0.0169755,999999,2.519744e-01,3,Thailand Exclusive Economic Zone,,,SVDNB_npp_d20151003_t1908306_e1914110_b20379_c20151004011411684829_noaa_ops.h5,GDNBO_npp_d20151003_t1908306_e1914110_b20379_c20151004011411684577_noaa_ops.h5,SVI04_npp_d20151003_t1908306_e1914110_b20379_c20151004011412382962_noaa_ops.dspace_rad,VNFF_npp_d20151003_t1908306_e1914110_b20379_v21.csv,World_EEZ_v8_2014.shp,WPP_BFAR_merge.shp,KKP_IDN_merge_20161208.shp,VNF-VBD_npp_20120301-20151231_global_asia-enhanced_c201607211230.bitmask,NCEI_NGA.union.nga_lead2.add_2015ntl.mask,timezone.shp,VBD_platforms-recurring_2015_r20170330.shp,0.489447,VBD_bridges_c20160811.shp,25.640045;24.079651;21.102854;16.324032;11.511562;6.671830;1.810134;4.020473;6.006778;10.901870;15.807323;20.719898,83.680374;98.801964;113.308250;111.670303;110.194870;108.863319;107.657715;94.102837;80.376114;81.340813;82.213333;83.001831,npp_d20151003_t1908306_e1914110_b20379,146.746,85.385,48.8854,-79.6768,44.969,72.0645
826,VBD_npp_d20151003_t1913013_x1021241E_y070179N_l2435_s3093_v23,2017-06-01 16:16:04,7.017897,102.124107,4.13338,2015-10-03 19:13:01,2015-10-04 02:13:01,2435,3093,0.348998,8,18561,0.152282,0.116634,0.397698,0.4,0.571847,0.75,0.0245645,0.0001,0.0167304,999999,1.295275e-01,3,Thailand Exclusive Economic Zone,,,SVDNB_npp_d20151003_t1908306_e1914110_b20379_c20151004011411684829_noaa_ops.h5,GDNBO_npp_d20151003_t1908306_e1914110_b20379_c20151004011411684577_noaa_ops.h5,SVI04_npp_d20151003_t1908306_e1914110_b20379_c20151004011412382962_noaa_ops.dspace_rad,VNFF_npp_d20151003_t1908306_e1914110_b20379_v21.csv,World_EEZ_v8_2014.shp,WPP_BFAR_merge.shp,KKP_IDN_merge_20161208.shp,VNF-VBD_npp_20120301-20151231_global_asia-enhanced_c201607211230.bitmask,NCEI_NGA.union.nga_lead2.add_2015ntl.mask,timezone.shp,VBD_platforms-recurring_2015_r20170330.shp,0.64682,VBD_bridges_c20160811.shp,25.640045;24.079651;21.102854;16.324032;11.511562;6.671830;1.810134;4.020473;6.006778;10.901870;15.807323;20.719898,83.680374;98.801964;113.308250;111.670303;110.194870;108.863319;107.657715;94.102837;80.376114;81.340813;82.213333;83.001831,npp_d20151003_t1908306_e1914110_b20379,146.904,86.6634,49.0942,-80.5101,45.3381,71.259
831,VBD_npp_d20151003_t1913013_x1022297E_y070000N_l2435_s3109_v23,2017-06-01 16:16:04,6.999954,102.229668,3.89849,2015-10-03 19:13:01,2015-10-04 02:13:01,2435,3109,0.343663,8,18561,0.133475,0.130697,0.34269,0.4,0.530811,0.75,0.0246164,0.0001,0.0163893,999999,-3.170713e-02,3,Thailand Exclusive Economic Zone,,,SVDNB_npp_d20151003_t1908306_e1914110_b20379_c20151004011411684829_noaa_ops.h5,GDNBO_npp_d20151003_t1908306_e1914110_b20379_c20151004011411684577_noaa_ops.h5,SVI04_npp_d20151003_t1908306_e1914110_b20379_c20151004011412382962_noaa_ops.dspace_rad,VNFF_npp_d20151003_t1908306_e1914110_b20379_v21.csv,World_EEZ_v8_2014.shp,WPP_BFAR_merge.shp,KKP_IDN_merge_20161208.shp,VNF-VBD_npp_20120301-20151231_global_asia-enhanced_c201607211230.bitmask,NCEI_NGA.union.nga_lead2.add_2015ntl.mask,timezone.shp,VBD_platforms-recurring_2015_r20170330.shp,0.461531,VBD_bridges_c20160811.shp,25.640045;24.079651;21.102854;16.324032;11.511562;6.671830;1.810134;4.020473;6.006778;10.901870;15.807323;20.719898,83.680374;98.801964;113.308250;111.670303;110.194870;108.863319;107.657715;94.102837;80.376114;81.340813;82.213333;83.001831,npp_d20151003_t1908306_e1914110_b20379,146.8,86.713,49.5733,-80.4957,45.2435,71.2205
832,VBD_npp_d20151003_t1913031_x1022726E_y068503N_l2456_s3120_v23,2017-06-01 16:16:04,6.850317,102.272598,5.83004,2015-10-03 19:13:03,2015-10-04 02:13:03,2456,3120,0.349069,8,18849,0.233046,0.120862,0.577666,0.4,0.632449,0.75,0.0246107,0.0001,0.0153966,999999,8.104715e-02,3,Thailand Exclusive Economic Zone,,,SVDNB_npp_d20151003_t1908306_e1914110_b20379_c20151004011411684829_noaa_ops.h5,GDNBO_npp_d20151003_t1908306_e1914110_b20379_c20151004011411684577_noaa_ops.h5,SVI04_npp_d20151003_t1908306_e1914110_b20379_c20151004011412382962_noaa_ops.dspace_rad,VNFF_npp_d20151003_t1908306_e1914110_b20379_v21.csv,World_EEZ_v8_2014.shp,WPP_BFAR_merge.shp,KKP_IDN_merge_20161208.shp,VNF-VBD_npp_20120301-20151231_global_asia-enhanced_c201607211230.bitmask,NCEI_NGA.union.nga_lead2.add_2015ntl.mask,timezone.shp,VBD_platforms-recurring_2015_r20170330.shp,0.564726,VBD_bridges_c20160811.shp,25.640045;24.079651;21.102854;16.324032;11.511562;6.671830;1.810134;4.020473;6.006778;10.901870;15.807323;20.719898,83.680374;98.801964;113.308250;111.670303;110.194870;108.863319;107.657715;94.102837;80.376114;81.340813;82.213333;83.001831,npp_d20151003_t1908306_e1914110_b20379,146.759,86.9514,49.9045,-80.2372,45.2448,71.0665
840,VBD_npp_d20151003_t1912596_x1024857E_y070085N_l2427_s3145_v23,2017-06-01 16:16:04,7.008515,102.485748,5.01189,2015-10-03 19:12:59,2015-10-04 02:12:59,2427,3145,0.328014,8,18561,0.154858,0.131992,0.382644,0.4,0.559155,0.75,0.0247491,0.0001,0.0148593,999999,-4.655334e-02,3,Thailand Exclusive Economic Zone,,,SVDNB_npp_d20151003_t1908306_e1914110_b20379_c20151004011411684829_noaa_ops.h5,GDNBO_npp_d20151003_t1908306_e1914110_b20379_c20151004011411684577_noaa_ops.h5,SVI04_npp_d20151003_t1908306_e1914110_b20379_c20151004011412382962_noaa_ops.dspace_rad,VNFF_npp_d20151003_t1908306_e1914110_b20379_v21.csv,World_EEZ_v8_2014.shp,WPP_BFAR_merge.shp,KKP_IDN_merge_20161208.shp,VNF-VBD_npp_20120301-20151231_global_asia-enhanced_c201607211230.bitmask,NCEI_NGA.union.nga_lead2.add_2015ntl.mask,timezone.shp,VBD_platforms-recurring_2015_r20170330.shp,0.520807,VBD_bridges_c20160811.shp,25.640045;24.079651;21.102854;16.324032;11.511562;6.671830;1.810134;4.020473;6.006778;10.901870;15.807323;20.719898,83.680374;98.801964;113.308250;111.670303;110.194870;108.863319;107.657715;94.102837;80.376114;81.340813;82.213333;83.001831,npp_d20151003_t1908306_e1914110_b20379,146.554,86.7517,50.6398,-80.0326,45.004,71.178
841,VBD_npp_d20151003_t1912507_x1026149E_y074974N_l2351_s3146_v23,2017-06-01 16:16:04,7.497374,102.614899,13.7533,2015-10-03 19:12:50,2015-10-04 02:12:50,2351,3146,0.204104,4,100773,0.305325,0.087661,0.498496,0.4,0.577584,0.75,0.0249014,0.0001,0.0152522,999999,4.616817e-01,3,Thailand Exclusive Economic Zone,,,SVDNB_npp_d20151003_t1908306_e1914110_b20379_c20151004011411684829_noaa_ops.h5,GDNBO_npp_d20151003_t1908306_e1914110_b20379_c20151004011411684577_noaa_ops.h5,SVI04_npp_d20151003_t1908306_e1914110_b20379_c20151004011412382962_noaa_ops.dspace_rad,VNFF_npp_d20151003_t1908306_e1914110_b20379_v21.csv,World_EEZ_v8_2014.shp,WPP_BFAR_merge.shp,KKP_IDN_merge_20161208.shp,VNF-VBD_npp_20120301-20151231_global_asia-enhanced_c201607211230.bitmask,NCEI_NGA.union.nga_lead2.add_2015ntl.mask,timezone.shp,VBD_platforms-recurring_2015_r20170330.shp,999999,VBD_bridges_c20160811.shp,25.640045;24.079651;21.102854;16.324032;11.511562;6.671830;1.810134;4.020473;6.006778;10.901870;15.807323;20.719898,83.680374;98.801964;113.308250;111.670303;110.194870;108.863319;107.657715;94.102837;80.376114;81.340813;82.213333;83.001831,npp_d20151003_t1908306_e1914110_b20379,146.432,86.035,50.6726,-79.7446,44.7574,71.6357
843,VBD_npp_d20151003_t1912596_x1025022E_y070262N_l2424_s3147_v23,2017-06-01 16:16:04,7.026168,102.502174,4.92993,2015-10-03 19:12:59,2015-10-04 02:12:59,2424,3147,0.322466,8,18561,0.149328,0.110136,0.394376,0.4,0.526779,0.75,0.0247615,0.0001,0.0151385,999999,2.040127e-01,3,Thailand Exclusive Economic Zone,,,SVDNB_npp_d20151003_t1908306_e1914110_b20379_c20151004011411684829_noaa_ops.h5,GDNBO_npp_d20151003_t1908306_e1914110_b20379_c20151004011411684577_noaa_ops.h5,SVI04_npp_d20151003_t1908306_e1914110_b20379_c20151004011412382962_noaa_ops.dspace_rad,VNFF_npp_d20151003_t1908306_e1914110_b20379_v21.csv,World_EEZ_v8_2014.shp,WPP_BFAR_merge.shp,KKP_IDN_merge_20161208.shp,VNF-VBD_npp_20120301-20151231_global_asia-enhanced_c201607211230.bitmask,NCEI_NGA.union.nga_lead2.add_2015ntl.mask,timezone.shp,VBD_platforms-recurring_2015_r20170330.shp,0.255385,VBD_bridges_c20160811.shp,25.640045;24.079651;21.102854;16.324032;11.511562;6.671830;1.810134;4.020473;6.006778;10.901870;15.807323;20.719898,83.680374;98.801964;113.308250;111.670303;110.194870;108.863319;107.657715;94.102837;80.376114;81.340813;82.213333;83.001831,npp_d20151003_t1908306_e1914110_b20379,146.536,86.7284,50.6964,-80.184,44.9826,71.1917
859,VBD_npp_d20151003_t1912596_x1026205E_y069711N_l2429_s3166_v23,2017-06-01 16:16:04,6.971141,102.620491,5.06936,2015-10-03 19:12:59,2015-10-04 02:12:59,2429,3166,0.338826,8,18849,0.168683,0.132647,0.417676,0.4,0.567801,0.75,0.0248133,0.0001,0.0141796,999999,-5.405952e-02,3,Thailand Exclusive Economic Zone,,,SVDNB_npp_d20151003_t1908306_e1914110_b20379_c20151004011411684829_noaa_ops.h5,GDNBO_npp_d20151003_t1908306_e1914110_b20379_c20151004011411684577_noaa_ops.h5,SVI04_npp_d20151003_t1908306_e1914110_b20379_c20151004011412382962_noaa_ops.dspace_rad,VNFF_npp_d20151003_t1908306_e1914110_b20379_v21.csv,World_EEZ_v8_2014.shp,WPP_BFAR_merge.shp,KKP_IDN_merge_20161208.shp,VNF-VBD_npp_20120301-20151231_global_asia-enhanced_c201607211230.bitmask,NCEI_NGA.union.nga_lead2.add_2015ntl.mask,timezone.shp,VBD_platforms-recurring_2015_r20170330.shp,0.0509929,VBD_bridges_c20160811.shp,25.640045;24.079651;21.102854;16.324032;11.511562;6.671830;1.810134;4.020473;6.006778;10.901870;15.807323;20.719898,83.680374;98.801964;113.308250;111.670303;110.194870;108.863319;107.657715;94.102837;80.376114;81.340813;82.213333;83.001831,npp_d20151003_t1908306_e1914110_b20379,146.422,86.8357,51.2347,-79.9166,44.8881,71.1137
872,VBD_npp_d20151003_t1912436_x1030423E_y078596N_l2286_s3195_v23,2017-06-01 16:16:04,7.859569,103.042282,4.5957,2015-10-03 19:12:43,2015-10-04 02:12:43,2286,3195,0.172522,10,2177,0.143436,0.125891,0.375409,0.4,0.502321,0.75,0.0251875,0.0001,0.0148752,999999,2.339230e-02,3,Vietnamese Exclusive Economic Zone,,,SVDNB_npp_d20151003_t1908306_e1914110_b20379_c20151004011411684829_noaa_ops.h5,GDNBO_npp_d20151003_t1908306_e1914110_b20379_c20151004011411684577_noaa_ops.h5,SVI04_npp_d20151003_t1908306_e1914110_b20379_c20151004011412382962_noaa_ops.dspace_rad,VNFF_npp_d20151003_t1908306_e1914110_b20379_v21.csv,World_EEZ_v8_2014.shp,WPP_BFAR_merge.shp,KKP_IDN_merge_20161208.shp,VNF-VBD_npp_20120301-20151231_global_asia-enhanced_c201607211230.bitmask,NCEI_NGA.union.nga_lead2.add_2015ntl.mask,timezone.shp,VBD_platforms-recurring_2015_r20170330.shp,999999,VBD_bridges_c20160811.shp,25.640045;24.079651;21.102854;16.324032;11.511562;6.671830;1.810134;4.020473;6.006778;10.901870;15.807323;20.719898,83.680374;98.801964;113.308250;111.670303;110.194870;108.863319;107.657715;94.102837;80.376114;81.340813;82.213333;83.001831,npp_d20151003_t1908306_e1914110_b20379,146.012,85.5911,52.0606,-79.6933,44.2628,71.9185
874,VBD_npp_d20151003_t1912489_x1029890E_y075949N_l2327_s3197_v23,2017-06-01 16:16:04,7.594918,102.988983,5.54085,2015-10-03 19:12:48,2015-10-04 02:12:48,2327,3197,0.178639,4,100485,0.150496,0.126353,0.25978,0.4,0.316717,0.75,0.0251146,0.0001,0.0150654,999999,1.809646e-02,3,Thailand Exclusive Economic Zone,,,SVDNB_npp_d20151003_t1908306_e1914110_b20379_c20151004011411684829_noaa_ops.h5,GDNBO_npp_d20151003_t1908306_e1914110_b20379_c20151004011411684577_noaa_ops.h5,SVI04_npp_d20151003_t1908306_e1914110_b20379_c20151004011412382962_noaa_ops.dspace_rad,VNFF_npp_d20151003_t1908306_e1914110_b20379_v21.csv,World_EEZ_v8_2014.shp,WPP_BFAR_merge.shp,KKP_IDN_merge_20161208.shp,VNF-VBD_npp_20120301-20151231_global_asia-enhanced_c201607211230.bitmask,NCEI_NGA.union.nga_lead2.add_2015ntl.mask,timezone.shp,VBD_platforms-recurring_2015_r20170330.shp,999999,VBD_bridges_c20160811.shp,25.640045;24.079651;21.102854;16.324032;11.511562;6.671830;1.810134;4.020473;6.006778;10.901870;15.807323;20.719898,83.680374;98.801964;113.308250;111.670303;110.194870;108.863319;107.657715;94.102837;80.376114;81.340813;82.213333;83.001831,npp_d20151003_t1908306_e1914110_b20379,146.062,85.9754,52.1223,-80.0935,44.3769,71.6611
910,VBD_npp_d20151003_t1912560_x1031098E_y071632N_l2388_s3230_v23,2017-06-01 16:16:04,7.163176,103.109802,6.41382,2015-10-03 19:12:56,2015-10-04 02:12:56,2388,3230,0.132973,4,100485,0.0947089,0.0717815,0.177372,0.4,0.340509,0.75,0.025105,0.0001,0.013871,999999,6.437316e-01,3,Thailand Exclusive Economic Zone,,,SVDNB_npp_d20151003_t1908306_e1914110_b20379_c20151004011411684829_noaa_ops.h5,GDNBO_npp_d20151003_t1908306_e1914110_b20379_c20151004011411684577_noaa_ops.h5,SVI04_npp_d20151003_t1908306_e1914110_b20379_c20151004011412382962_noaa_ops.dspace_rad,VNFF_npp_d20151003_t1908306_e1914110_b20379_v21.csv,World_EEZ_v8_2014.shp,WPP_BFAR_merge.shp,KKP_IDN_merge_20161208.shp,VNF-VBD_npp_20120301-20151231_global_asia-enhanced_c201607211230.bitmask,NCEI_NGA.union.nga_lead2.add_2015ntl.mask,timezone.shp,VBD_platforms-recurring_2015_r20170330.shp,999999,VBD_bridges_c20160811.shp,25.640045;24.079651;21.102854;16.324032;11.511562;6.671830;1.810134;4.020473;6.006778;10.901870;15.807323;20.719898,83.680374;98.801964;113.308250;111.670303;110.194870;108.863319;107.657715;94.102837;80.376114;81.340813;82.213333;83.001831,npp_d20151003_t1908306_e1914110_b20379,145.941,86.6479,53.0272,-80.2736,44.3738,71.2028
911,VBD_npp_d20151003_t1912560_x1031074E_y071498N_l2390_s3230_v23,2017-06-01 16:16:04,7.149846,103.107414,5.91386,2015-10-03 19:12:56,2015-10-04 02:12:56,2390,3230,0.223523,7,51329,0.104078,0.0978392,0.177372,0.4,0.311664,0.75,0.025101,0.0001,0.0136743,999999,3.449945e-01,3,,,,SVDNB_npp_d20151003_t1908306_e1914110_b20379_c20151004011411684829_noaa_ops.h5,GDNBO_npp_d20151003_t1908306_e1914110_b20379_c20151004011411684577_noaa_ops.h5,SVI04_npp_d20151003_t1908306_e1914110_b20379_c20151004011412382962_noaa_ops.dspace_rad,VNFF_npp_d20151003_t1908306_e1914110_b20379_v21.csv,World_EEZ_v8_2014.shp,WPP_BFAR_merge.shp,KKP_IDN_merge_20161208.shp,VNF-VBD_npp_20120301-20151231_global_asia-enhanced_c201607211230.bitmask,NCEI_NGA.union.nga_lead2.add_2015ntl.mask,timezone.shp,VBD_platforms-recurring_2015_r20170330.shp,0.102852,VBD_bridges_c20160811.shp,25.640045;24.079651;21.102854;16.324032;11.511562;6.671830;1.810134;4.020473;6.006778;10.901870;15.807323;20.719898,83.680374;98.801964;113.308250;111.670303;110.194870;108.863319;107.657715;94.102837;80.376114;81.340813;82.213333;83.001831,npp_d20151003_t1908306_e1914110_b20379,145.944,86.667,53.0268,-80.1785,44.3805,71.1901
920,VBD_npp_d20151003_t1912471_x1032679E_y076255N_l2315_s3236_v23,2017-06-01 16:16:04,7.625453,103.267944,5.01429,2015-10-03 19:12:47,2015-10-04 02:12:47,2315,3236,0.16797,10,2433,0.175978,0.118415,0.396896,0.4,0.536196,0.75,0.0252665,0.0001,0.0138358,999999,1.090989e-01,3,Vietnamese Exclusive Economic Zone,,,SVDNB_npp_d20151003_t1908306_e1914110_b20379_c20151004011411684829_noaa_ops.h5,GDNBO_npp_d20151003_t1908306_e1914110_b20379_c20151004011411684577_noaa_ops.h5,SVI04_npp_d20151003_t1908306_e1914110_b20379_c20151004011412382962_noaa_ops.dspace_rad,VNFF_npp_d20151003_t1908306_e1914110_b20379_v21.csv,World_EEZ_v8_2014.shp,WPP_BFAR_merge.shp,KKP_IDN_merge_20161208.shp,VNF-VBD_npp_20120301-20151231_global_asia-enhanced_c201607211230.bitmask,NCEI_NGA.union.nga_lead2.add_2015ntl.mask,timezone.shp,VBD_platforms-recurring_2015_r20170330.shp,999999,VBD_bridges_c20160811.shp,25.640045;24.079651;21.102854;16.324032;11.511562;6.671830;1.810134;4.020473;6.006778;10.901870;15.807323;20.719898,83.680374;98.801964;113.308250;111.670303;110.194870;108.863319;107.657715;94.102837;80.376114;81.340813;82.213333;83.001831,npp_d20151003_t1908306_e1914110_b20379,145.792,85.9942,53.1858,-79.8478,44.1083,71.6384
968,VBD_npp_d20151003_t1912525_x1038068E_y072073N_l2363_s3328_v23,2017-06-01 16:16:04,7.207297,103.806831,135.503,2015-10-03 19:12:52,2015-10-04 02:12:52,2363,3328,0.844212,4,100845,0.707717,0.052243,0.423156,0.4,0.779621,0.75,0.0254733,0.0001,0.0111106,999999,8.677296e-01,3,Vietnamese Exclusive Economic Zone,,,SVDNB_npp_d20151003_t1908306_e1914110_b20379_c20151004011411684829_noaa_ops.h5,GDNBO_npp_d20151003_t1908306_e1914110_b20379_c20151004011411684577_noaa_ops.h5,SVI04_npp_d20151003_t1908306_e1914110_b20379_c20151004011412382962_noaa_ops.dspace_rad,VNFF_npp_d20151003_t1908306_e1914110_b20379_v21.csv,World_EEZ_v8_2014.shp,WPP_BFAR_merge.shp,KKP_IDN_merge_20161208.shp,VNF-VBD_npp_20120301-20151231_global_asia-enhanced_c201607211230.bitmask,NCEI_NGA.union.nga_lead2.add_2015ntl.mask,timezone.shp,VBD_platforms-recurring_2015_r20170330.shp,999999,VBD_bridges_c20160811.shp,25.640045;24.079651;21.102854;16.324032;11.511562;6.671830;1.810134;4.020473;6.006778;10.901870;15.807323;20.719898,83.680374;98.801964;113.308250;111.670303;110.194870;108.863319;107.657715;94.102837;80.376114;81.340813;82.213333;83.001831,npp_d20151003_t1908306_e1914110_b20379,145.263,86.726,55.5888,-79.834,43.7105,71.1007
978,VBD_npp_d20151003_t1913174_x1036589E_y057350N_l2586_s3358_v23,2017-06-01 16:16:04,5.735016,103.658943,220.597,2015-10-03 19:13:17,2015-10-04 03:13:17,2586,3358,0.350634,4,100741,0.170853,0.130348,0.0507986,0.4,0.288834,0.75,0.025135,0.0001,0.00871389,999999,-2.769741e-02,3,Malaysian Exclusive Economic Zone,,,SVDNB_npp_d20151003_t1908306_e1914110_b20379_c20151004011411684829_noaa_ops.h5,GDNBO_npp_d20151003_t1908306_e1914110_b20379_c20151004011411684577_noaa_ops.h5,SVI04_npp_d20151003_t1908306_e1914110_b20379_c20151004011412382962_noaa_ops.dspace_rad,VNFF_npp_d20151003_t1908306_e1914110_b20379_v21.csv,World_EEZ_v8_2014.shp,WPP_BFAR_merge.shp,KKP_IDN_merge_20161208.shp,VNF-VBD_npp_20120301-20151231_global_asia-enhanced_c201607211230.bitmask,NCEI_NGA.union.nga_lead2.add_2015ntl.mask,timezone.shp,VBD_platforms-recurring_2015_r20170330.shp,999999,VBD_bridges_c20160811.shp,25.640045;24.079651;21.102854;16.324032;11.511562;6.671830;1.810134;4.020473;6.006778;10.901870;15.807323;20.719898,83.680374;98.801964;113.308250;111.670303;110.194870;108.863319;107.657715;94.102837;80.376114;81.340813;82.213333;83.001831,npp_d20151003_t1908306_e1914110_b20379,145.363,88.8446,56.3521,-80.1117,44.2564,69.6416
979,VBD_npp_d20151003_t1912525_x1040589E_y071622N_l2363_s3365_v23,2017-06-01 16:16:04,7.162238,104.058907,29.366,2015-10-03 19:12:52,2015-10-04 02:12:52,2363,3365,0.227506,4,100837,0.503451,0.107686,0.516713,0.4,0.764597,0.75,0.025593,0.0001,0.0102196,999999,2.321031e-01,3,Vietnamese Exclusive Economic Zone,,,SVDNB_npp_d20151003_t1908306_e1914110_b20379_c20151004011411684829_noaa_ops.h5,GDNBO_npp_d20151003_t1908306_e1914110_b20379_c20151004011411684577_noaa_ops.h5,SVI04_npp_d20151003_t1908306_e1914110_b20379_c20151004011412382962_noaa_ops.dspace_rad,VNFF_npp_d20151003_t1908306_e1914110_b20379_v21.csv,World_EEZ_v8_2014.shp,WPP_BFAR_merge.shp,KKP_IDN_merge_20161208.shp,VNF-VBD_npp_20120301-20151231_global_asia-enhanced_c201607211230.bitmask,NCEI_NGA.union.nga_lead2.add_2015ntl.mask,timezone.shp,VBD_platforms-recurring_2015_r20170330.shp,999999,VBD_bridges_c20160811.shp,25.640045;24.079651;21.102854;16.324032;11.511562;6.671830;1.810134;4.020473;6.006778;10.901870;15.807323;20.719898,83.680374;98.801964;113.308250;111.670303;110.194870;108.863319;107.657715;94.102837;80.376114;81.340813;82.213333;83.001831,npp_d20151003_t1908306_e1914110_b20379,145.016,86.8422,56.5227,-79.8045,43.4858,70.9992
981,VBD_npp_d20151003_t1912560_x1041803E_y069743N_l2388_s3389_v23,2017-06-01 16:16:04,6.974336,104.180252,366.288,2015-10-03 19:12:56,2015-10-04 02:12:56,2388,3389,0.798119,4,100813,0.585168,0.0592902,0.340814,0.4,0.752025,0.75,0.0256218,0.0001,0.00990928,999999,7.869370e-01,3,Vietnamese Exclusive Economic Zone,,,SVDNB_npp_d20151003_t1908306_e1914110_b20379_c20151004011411684829_noaa_ops.h5,GDNBO_npp_d20151003_t1908306_e1914110_b20379_c20151004011411684577_noaa_ops.h5,SVI04_npp_d20151003_t1908306_e1914110_b20379_c20151004011412382962_noaa_ops.dspace_rad,VNFF_npp_d20151003_t1908306_e1914110_b20379_v21.csv,World_EEZ_v8_2014.shp,WPP_BFAR_merge.shp,KKP_IDN_merge_20161208.shp,VNF-VBD_npp_20120301-20151231_global_asia-enhanced_c201607211230.bitmask,NCEI_NGA.union.nga_lead2.add_2015ntl.mask,timezone.shp,VBD_platforms-recurring_2015_r20170330.shp,999999,VBD_bridges_c20160811.shp,25.640045;24.079651;21.102854;16.324032;11.511562;6.671830;1.810134;4.020473;6.006778;10.901870;15.807323;20.719898,83.680374;98.801964;113.308250;111.670303;110.194870;108.863319;107.657715;94.102837;80.376114;81.340813;82.213333;83.001831,npp_d20151003_t1908306_e1914110_b20379,144.891,87.1366,57.1158,-80.1206,43.4193,70.7765
986,VBD_npp_d20151003_t1913583_x1037283E_y032136N_l2960_s3453_v23,2017-06-01 16:16:04,3.213593,103.728325,6.94356,2015-10-03 19:13:58,2015-10-04 03:13:58,2960,3453,0.279361,8,18817,0.165724,0.0976871,0.334868,0.4,0.507583,0.75,0.0247662,0.0001,0.00460781,999999,3.467377e-01,3,Malaysian Exclusive Economic Zone,,,SVDNB_npp_d20151003_t1908306_e1914110_b20379_c20151004011411684829_noaa_ops.h5,GDNBO_npp_d20151003_t1908306_e1914110_b20379_c20151004011411684577_noaa_ops.h5,SVI04_npp_d20151003_t1908306_e1914110_b20379_c20151004011412382962_noaa_ops.dspace_rad,VNFF_npp_d20151003_t1908306_e1914110_b20379_v21.csv,World_EEZ_v8_2014.shp,WPP_BFAR_merge.shp,KKP_IDN_merge_20161208.shp,VNF-VBD_npp_20120301-20151231_global_asia-enhanced_c201607211230.bitmask,NCEI_NGA.union.nga_lead2.add_2015ntl.mask,timezone.shp,VBD_platforms-recurring_2015_r20170330.shp,0.84054,VBD_bridges_c20160811.shp,25.640045;24.079651;21.102854;16.324032;11.511562;6.671830;1.810134;4.020473;6.006778;10.901870;15.807323;20.719898,83.680374;98.801964;113.308250;111.670303;110.194870;108.863319;107.657715;94.102837;80.376114;81.340813;82.213333;83.001831,npp_d20151003_t1908306_e1914110_b20379,145.094,92.4922,58.6333,-80.2394,44.9771,67.1381
987,VBD_npp_d20151003_t1914001_x1037288E_y032130N_l2961_s3454_v23,2017-06-01 16:16:04,3.212985,103.728798,7.40491,2015-10-03 19:14:00,2015-10-04 03:14:00,2961,3454,0.279361,8,18561,0.138291,0.111096,0.334868,0.4,0.445536,0.75,0.0247673,0.0001,0.00516313,999999,1.930155e-01,3,Malaysian Exclusive Economic Zone,,,SVDNB_npp_d20151003_t1908306_e1914110_b20379_c20151004011411684829_noaa_ops.h5,GDNBO_npp_d20151003_t1908306_e1914110_b20379_c20151004011411684577_noaa_ops.h5,SVI04_npp_d20151003_t1908306_e1914110_b20379_c20151004011412382962_noaa_ops.dspace_rad,VNFF_npp_d20151003_t1908306_e1914110_b20379_v21.csv,World_EEZ_v8_2014.shp,WPP_BFAR_merge.shp,KKP_IDN_merge_20161208.shp,VNF-VBD_npp_20120301-20151231_global_asia-enhanced_c201607211230.bitmask,NCEI_NGA.union.nga_lead2.add_2015ntl.mask,timezone.shp,VBD_platforms-recurring_2015_r20170330.shp,0.885862,VBD_bridges_c20160811.shp,25.640045;24.079651;21.102854;16.324032;11.511562;6.671830;1.810134;4.020473;6.006778;10.901870;15.807323;20.719898,83.680374;98.801964;113.308250;111.670303;110.194870;108.863319;107.657715;94.102837;80.376114;81.340813;82.213333;83.001831,npp_d20151003_t1908306_e1914110_b20379,145.087,92.493,58.6591,-80.8772,44.9702,67.1349
988,VBD_npp_d20151003_t1913031_x1045694E_y064128N_l2461_s3463_v23,2017-06-01 16:16:04,6.412760,104.569420,161.271,2015-10-03 19:13:03,2015-10-04 02:13:03,2461,3463,0.706431,4,100813,0.604756,0.0608618,0.359891,0.4,0.769853,0.75,0.0257172,0.0001,0.00729861,999999,7.689201e-01,3,Malaysian Exclusive Economic Zone,,,SVDNB_npp_d20151003_t1908306_e1914110_b20379_c20151004011411684829_noaa_ops.h5,GDNBO_npp_d20151003_t1908306_e1914110_b20379_c20151004011411684577_noaa_ops.h5,SVI04_npp_d20151003_t1908306_e1914110_b20379_c20151004011412382962_noaa_ops.dspace_rad,VNFF_npp_d20151003_t1908306_e1914110_b20379_v21.csv,World_EEZ_v8_2014.shp,WPP_BFAR_merge.shp,KKP_IDN_merge_20161208.shp,VNF-VBD_npp_20120301-20151231_global_asia-enhanced_c201607211230.bitmask,NCEI_NGA.union.nga_lead2.add_2015ntl.mask,timezone.shp,VBD_platforms-recurring_2015_r20170330.shp,999999,VBD_bridges_c20160811.shp,25.640045;24.079651;21.102854;16.324032;11.511562;6.671830;1.810134;4.020473;6.006778;10.901870;15.807323;20.719898,83.680374;98.801964;113.308250;111.670303;110.194870;108.863319;107.657715;94.102837;80.376114;81.340813;82.213333;83.001831,npp_d20151003_t1908306_e1914110_b20379,144.499,88.0027,58.8611,-79.7683,43.2139,70.1002
990,VBD_npp_d20151003_t1913174_x1044761E_y055859N_l2587_s3479_v23,2017-06-01 16:16:04,5.585912,104.476059,108.768,2015-10-03 19:13:17,2015-10-04 03:13:17,2587,3479,0.582237,4,100845,0.606463,0.0618789,0.401974,0.4,0.790438,0.75,0.0255245,0.0001,0.00635288,999999,7.572589e-01,3,Malaysian Exclusive Economic Zone,,,SVDNB_npp_d20151003_t1908306_e1914110_b20379_c20151004011411684829_noaa_ops.h5,GDNBO_npp_d20151003_t1908306_e1914110_b20379_c20151004011411684577_noaa_ops.h5,SVI04_npp_d20151003_t1908306_e1914110_b20379_c20151004011412382962_noaa_ops.dspace_rad,VNFF_npp_d20151003_t1908306_e1914110_b20379_v21.csv,World_EEZ_v8_2014.shp,WPP_BFAR_merge.shp,KKP_IDN_merge_20161208.shp,VNF-VBD_npp_20120301-20151231_global_asia-enhanced_c201607211230.bitmask,NCEI_NGA.union.nga_lead2.add_2015ntl.mask,timezone.shp,VBD_platforms-recurring_2015_r20170330.shp,999999,VBD_bridges_c20160811.shp,25.640045;24.079651;21.102854;16.324032;11.511562;6.671830;1.810134;4.020473;6.006778;10.901870;15.807323;20.719898,83.680374;98.801964;113.308250;111.670303;110.194870;108.863319;107.657715;94.102837;80.376114;81.340813;82.213333;83.001831,npp_d20151003_t1908306_e1914110_b20379,144.553,89.158,59.2187,-80.0008,43.5386,69.2702
991,VBD_npp_d20151003_t1913227_x1044429E_y052351N_l2640_s3486_v23,2017-06-01 16:16:04,5.235062,104.442947,10.3703,2015-10-03 19:13:22,2015-10-04 03:13:22,2640,3486,0.143999,7,100481,0.088804,0.0719155,0.287818,0.4,0.374057,0.75,0.0255007,0.0001,0.00572784,999999,6.421951e-01,3,,,,SVDNB_npp_d20151003_t1908306_e1914110_b20379_c20151004011411684829_noaa_ops.h5,GDNBO_npp_d20151003_t1908306_e1914110_b20379_c20151004011411684577_noaa_ops.h5,SVI04_npp_d20151003_t1908306_e1914110_b20379_c20151004011412382962_noaa_ops.dspace_rad,VNFF_npp_d20151003_t1908306_e1914110_b20379_v21.csv,World_EEZ_v8_2014.shp,WPP_BFAR_merge.shp,KKP_IDN_merge_20161208.shp,VNF-VBD_npp_20120301-20151231_global_asia-enhanced_c201607211230.bitmask,NCEI_NGA.union.nga_lead2.add_2015ntl.mask,timezone.shp,VBD_platforms-recurring_2015_r20170330.shp,999999,VBD_bridges_c20160811.shp,25.640045;24.079651;21.102854;16.324032;11.511562;6.671830;1.810134;4.020473;6.006778;10.901870;15.807323;20.719898,83.680374;98.801964;113.308250;111.670303;110.194870;108.863319;107.657715;94.102837;80.376114;81.340813;82.213333;83.001831,npp_d20151003_t1908306_e1914110_b20379,144.567,89.6498,59.3793,-79.8568,43.6763,68.9214
992,VBD_npp_d20151003_t1913245_x1044399E_y052256N_l2642_s3487_v23,2017-06-01 16:16:04,5.225620,104.439880,34.6951,2015-10-03 19:13:24,2015-10-04 03:13:24,2642,3487,0.224234,4,100749,0.216468,0.0948801,0.274893,0.4,0.521232,0.75,0.0255021,0.0001,0.00629511,999999,3.789182e-01,3,Malaysian Exclusive Economic Zone,,,SVDNB_npp_d20151003_t1908306_e1914110_b20379_c20151004011411684829_noaa_ops.h5,GDNBO_npp_d20151003_t1908306_e1914110_b20379_c20151004011411684577_noaa_ops.h5,SVI04_npp_d20151003_t1908306_e1914110_b20379_c20151004011412382962_noaa_ops.dspace_rad,VNFF_npp_d20151003_t1908306_e1914110_b20379_v21.csv,World_EEZ_v8_2014.shp,WPP_BFAR_merge.shp,KKP_IDN_merge_20161208.shp,VNF-VBD_npp_20120301-20151231_global_asia-enhanced_c201607211230.bitmask,NCEI_NGA.union.nga_lead2.add_2015ntl.mask,timezone.shp,VBD_platforms-recurring_2015_r20170330.shp,999999,VBD_bridges_c20160811.shp,25.640045;24.079651;21.102854;16.324032;11.511562;6.671830;1.810134;4.020473;6.006778;10.901870;15.807323;20.719898,83.680374;98.801964;113.308250;111.670303;110.194870;108.863319;107.657715;94.102837;80.376114;81.340813;82.213333;83.001831,npp_d20151003_t1908306_e1914110_b20379,144.563,89.6635,59.3979,-80.4269,43.6759,68.9108
994,VBD_npp_d20151003_t1914001_x1041263E_y030619N_l2973_s3515_v23,2017-06-01 16:16:04,3.061860,104.126305,3.88362,2015-10-03 19:14:00,2015-10-04 03:14:00,2973,3515,0.358245,8,18593,0.153056,0.107415,0.460395,0.4,0.559972,0.75,0.0249356,0.0001,0.00388688,999999,2.352106e-01,3,Malaysian Exclusive Economic Zone,,,SVDNB_npp_d20151003_t1908306_e1914110_b20379_c20151004011411684829_noaa_ops.h5,GDNBO_npp_d20151003_t1908306_e1914110_b20379_c20151004011411684577_noaa_ops.h5,SVI04_npp_d20151003_t1908306_e1914110_b20379_c20151004011412382962_noaa_ops.dspace_rad,VNFF_npp_d20151003_t1908306_e1914110_b20379_v21.csv,World_EEZ_v8_2014.shp,WPP_BFAR_merge.shp,KKP_IDN_merge_20161208.shp,VNF-VBD_npp_20120301-20151231_global_asia-enhanced_c201607211230.bitmask,NCEI_NGA.union.nga_lead2.add_2015ntl.mask,timezone.shp,VBD_platforms-recurring_2015_r20170330.shp,0.912608,VBD_bridges_c20160811.shp,25.640045;24.079651;21.102854;16.324032;11.511562;6.671830;1.810134;4.020473;6.006778;10.901870;15.807323;20.719898,83.680374;98.801964;113.308250;111.670303;110.194870;108.863319;107.657715;94.102837;80.376114;81.340813;82.213333;83.001831,npp_d20151003_t1908306_e1914110_b20379,144.683,92.7039,60.0277,-80.3716,44.6602,66.8535
996,VBD_npp_d20151003_t1913174_x1047756E_y055471N_l2585_s3523_v23,2017-06-01 16:16:04,5.547143,104.775581,14.4773,2015-10-03 19:13:17,2015-10-04 03:13:17,2585,3523,0.290884,4,100741,0.217815,0.119835,0.335206,0.4,0.445428,0.75,0.0256656,0.0001,0.00571441,999999,9.281949e-02,3,Malaysian Exclusive Economic Zone,,,SVDNB_npp_d20151003_t1908306_e1914110_b20379_c20151004011411684829_noaa_ops.h5,GDNBO_npp_d20151003_t1908306_e1914110_b20379_c20151004011411684577_noaa_ops.h5,SVI04_npp_d20151003_t1908306_e1914110_b20379_c20151004011412382962_noaa_ops.dspace_rad,VNFF_npp_d20151003_t1908306_e1914110_b20379_v21.csv,World_EEZ_v8_2014.shp,WPP_BFAR_merge.shp,KKP_IDN_merge_20161208.shp,VNF-VBD_npp_20120301-20151231_global_asia-enhanced_c201607211230.bitmask,NCEI_NGA.union.nga_lead2.add_2015ntl.mask,timezone.shp,VBD_platforms-recurring_2015_r20170330.shp,999999,VBD_bridges_c20160811.shp,25.640045;24.079651;21.102854;16.324032;11.511562;6.671830;1.810134;4.020473;6.006778;10.901870;15.807323;20.719898,83.680374;98.801964;113.308250;111.670303;110.194870;108.863319;107.657715;94.102837;80.376114;81.340813;82.213333;83.001831,npp_d20151003_t1908306_e1914110_b20379,144.255,89.247,60.1942,-80.0515,43.2704,69.1455
997,VBD_npp_d20151003_t1913227_x1047245E_y052132N_l2636_s3527_v23,2017-06-01 16:16:04,5.213181,104.724510,14.7644,2015-10-03 19:13:22,2015-10-04 03:13:22,2636,3527,0.139446,4,100741,0.26865,0.0720422,0.26701,0.4,0.587575,0.75,0.0256338,0.0001,0.00526928,999999,6.407425e-01,3,Malaysian Exclusive Economic Zone,,,SVDNB_npp_d20151003_t1908306_e1914110_b20379_c20151004011411684829_noaa_ops.h5,GDNBO_npp_d20151003_t1908306_e1914110_b20379_c20151004011411684577_noaa_ops.h5,SVI04_npp_d20151003_t1908306_e1914110_b20379_c20151004011412382962_noaa_ops.dspace_rad,VNFF_npp_d20151003_t1908306_e1914110_b20379_v21.csv,World_EEZ_v8_2014.shp,WPP_BFAR_merge.shp,KKP_IDN_merge_20161208.shp,VNF-VBD_npp_20120301-20151231_global_asia-enhanced_c201607211230.bitmask,NCEI_NGA.union.nga_lead2.add_2015ntl.mask,timezone.shp,VBD_platforms-recurring_2015_r20170330.shp,999999,VBD_bridges_c20160811.shp,25.640045;24.079651;21.102854;16.324032;11.511562;6.671830;1.810134;4.020473;6.006778;10.901870;15.807323;20.719898,83.680374;98.801964;113.308250;111.670303;110.194870;108.863319;107.657715;94.102837;80.376114;81.340813;82.213333;83.001831,npp_d20151003_t1908306_e1914110_b20379,144.287,89.7082,60.2845,-79.9904,43.4195,68.8163
998,VBD_npp_d20151003_t1913191_x1048982E_y053754N_l2607_s3546_v23,2017-06-01 16:16:04,5.375431,104.898239,10.633,2015-10-03 19:13:19,2015-10-04 03:13:19,2607,3546,0.12522,4,100773,0.258169,0.0872478,0.470924,0.4,0.56181,0.75,0.0257192,0.0001,0.00502042,999999,4.664186e-01,3,Malaysian Exclusive Economic Zone,,,SVDNB_npp_d20151003_t1908306_e1914110_b20379_c20151004011411684829_noaa_ops.h5,GDNBO_npp_d20151003_t1908306_e1914110_b20379_c20151004011411684577_noaa_ops.h5,SVI04_npp_d20151003_t1908306_e1914110_b20379_c20151004011412382962_noaa_ops.dspace_rad,VNFF_npp_d20151003_t1908306_e1914110_b20379_v21.csv,World_EEZ_v8_2014.shp,WPP_BFAR_merge.shp,KKP_IDN_merge_20161208.shp,VNF-VBD_npp_20120301-20151231_global_asia-enhanced_c201607211230.bitmask,NCEI_NGA.union.nga_lead2.add_2015ntl.mask,timezone.shp,VBD_platforms-recurring_2015_r20170330.shp,999999,VBD_bridges_c20160811.shp,25.640045;24.079651;21.102854;16.324032;11.511562;6.671830;1.810134;4.020473;6.006778;10.901870;15.807323;20.719898,83.680374;98.801964;113.308250;111.670303;110.194870;108.863319;107.657715;94.102837;80.376114;81.340813;82.213333;83.001831,npp_d20151003_t1908306_e1914110_b20379,144.128,89.4993,60.691,-79.8233,43.2104,68.9331
999,VBD_npp_d20151003_t1913209_x1048979E_y053684N_l2609_s3547_v23,2017-06-01 16:16:04,5.368374,104.897903,10.5074,2015-10-03 19:13:20,2015-10-04 03:13:20,2609,3547,0.125291,4,100773,0.23319,0.100698,0.459062,0.4,0.590387,0.75,0.0257206,0.0001,0.0055234,999999,3.122153e-01,3,Malaysian Exclusive Economic Zone,,,SVDNB_npp_d20151003_t1908306_e1914110_b20379_c20151004011411684829_noaa_ops.h5,GDNBO_npp_d20151003_t1908306_e1914110_b20379_c20151004011411684577_noaa_ops.h5,SVI04_npp_d20151003_t1908306_e1914110_b20379_c20151004011412382962_noaa_ops.dspace_rad,VNFF_npp_d20151003_t1908306_e1914110_b20379_v21.csv,World_EEZ_v8_2014.shp,WPP_BFAR_merge.shp,KKP_IDN_merge_20161208.shp,VNF-VBD_npp_20120301-20151231_global_asia-enhanced_c201607211230.bitmask,NCEI_NGA.union.nga_lead2.add_2015ntl.mask,timezone.shp,VBD_platforms-recurring_2015_r20170330.shp,999999,VBD_bridges_c20160811.shp,25.640045;24.079651;21.102854;16.324032;11.511562;6.671830;1.810134;4.020473;6.006778;10.901870;15.807323;20.719898,83.680374;98.801964;113.308250;111.670303;110.194870;108.863319;107.657715;94.102837;80.376114;81.340813;82.213333;83.001831,npp_d20151003_t1908306_e1914110_b20379,144.121,89.5099,60.716,-80.3861,43.2065,68.9239
1000,VBD_npp_d20151003_t1913156_x1049806E_y056462N_l2565_s3549_v23,2017-06-01 16:16:04,5.646222,104.980568,195.91,2015-10-03 19:13:15,2015-10-04 03:13:15,2565,3549,0.536926,4,100837,0.949584,0.0837597,0.620978,0.4,0.901129,0.75,0.0257798,0.0001,0.0055611,999999,5.064082e-01,3,Malaysian Exclusive Economic Zone,,,SVDNB_npp_d20151003_t1908306_e1914110_b20379_c20151004011411684829_noaa_ops.h5,GDNBO_npp_d20151003_t1908306_e1914110_b20379_c20151004011411684577_noaa_ops.h5,SVI04_npp_d20151003_t1908306_e1914110_b20379_c20151004011412382962_noaa_ops.dspace_rad,VNFF_npp_d20151003_t1908306_e1914110_b20379_v21.csv,World_EEZ_v8_2014.shp,WPP_BFAR_merge.shp,KKP_IDN_merge_20161208.shp,VNF-VBD_npp_20120301-20151231_global_asia-enhanced_c201607211230.bitmask,NCEI_NGA.union.nga_lead2.add_2015ntl.mask,timezone.shp,VBD_platforms-recurring_2015_r20170330.shp,999999,VBD_bridges_c20160811.shp,25.640045;24.079651;21.102854;16.324032;11.511562;6.671830;1.810134;4.020473;6.006778;10.901870;15.807323;20.719898,83.680374;98.801964;113.308250;111.670303;110.194870;108.863319;107.657715;94.102837;80.376114;81.340813;82.213333;83.001831,npp_d20151003_t1908306_e1914110_b20379,144.057,89.133,60.7535,-80.1669,43.0484,69.1894
1001,VBD_npp_d20151003_t1913174_x1049536E_y055301N_l2583_s3549_v23,2017-06-01 16:16:04,5.530074,104.953598,10.0693,2015-10-03 19:13:17,2015-10-04 03:13:17,2583,3549,0.0880896,4,35237,0.258946,0.0868545,0.446079,0.4,0.623524,0.75,0.0257497,0.0001,0.00539343,999999,4.709279e-01,3,Malaysian Exclusive Economic Zone,,,SVDNB_npp_d20151003_t1908306_e1914110_b20379_c20151004011411684829_noaa_ops.h5,GDNBO_npp_d20151003_t1908306_e1914110_b20379_c20151004011411684577_noaa_ops.h5,SVI04_npp_d20151003_t1908306_e1914110_b20379_c20151004011412382962_noaa_ops.dspace_rad,VNFF_npp_d20151003_t1908306_e1914110_b20379_v21.csv,World_EEZ_v8_2014.shp,WPP_BFAR_merge.shp,KKP_IDN_merge_20161208.shp,VNF-VBD_npp_20120301-20151231_global_asia-enhanced_c201607211230.bitmask,NCEI_NGA.union.nga_lead2.add_2015ntl.mask,timezone.shp,VBD_platforms-recurring_2015_r20170330.shp,999999,VBD_bridges_c20160811.shp,25.640045;24.079651;21.102854;16.324032;11.511562;6.671830;1.810134;4.020473;6.006778;10.901870;15.807323;20.719898,83.680374;98.801964;113.308250;111.670303;110.194870;108.863319;107.657715;94.102837;80.376114;81.340813;82.213333;83.001831,npp_d20151003_t1908306_e1914110_b20379,144.078,89.2909,60.7553,-80.1123,43.1089,69.0764
1002,VBD_npp_d20151003_t1913174_x1049885E_y055304N_l2582_s3554_v23,2017-06-01 16:16:04,5.530386,104.988518,9.95027,2015-10-03 19:13:17,2015-10-04 03:13:17,2582,3554,0.117324,4,100773,0.203476,0.0972432,0.432312,0.4,0.573608,0.75,0.0257664,0.0001,0.0053552,999999,3.518272e-01,3,Malaysian Exclusive Economic Zone,,,SVDNB_npp_d20151003_t1908306_e1914110_b20379_c20151004011411684829_noaa_ops.h5,GDNBO_npp_d20151003_t1908306_e1914110_b20379_c20151004011411684577_noaa_ops.h5,SVI04_npp_d20151003_t1908306_e1914110_b20379_c20151004011412382962_noaa_ops.dspace_rad,VNFF_npp_d20151003_t1908306_e1914110_b20379_v21.csv,World_EEZ_v8_2014.shp,WPP_BFAR_merge.shp,KKP_IDN_merge_20161208.shp,VNF-VBD_npp_20120301-20151231_global_asia-enhanced_c201607211230.bitmask,NCEI_NGA.union.nga_lead2.add_2015ntl.mask,timezone.shp,VBD_platforms-recurring_2015_r20170330.shp,999999,VBD_bridges_c20160811.shp,25.640045;24.079651;21.102854;16.324032;11.511562;6.671830;1.810134;4.020473;6.006778;10.901870;15.807323;20.719898,83.680374;98.801964;113.308250;111.670303;110.194870;108.863319;107.657715;94.102837;80.376114;81.340813;82.213333;83.001831,npp_d20151003_t1908306_e1914110_b20379,144.044,89.2945,60.8622,-80.1438,43.076,69.0666
1003,VBD_npp_d20151003_t1913156_x1050416E_y056414N_l2564_s3558_v23,2017-06-01 16:16:04,5.641438,105.041618,18.5534,2015-10-03 19:13:15,2015-10-04 03:13:15,2564,3558,0.0764241,4,100773,0.334353,0.121699,0.526703,0.4,0.61606,0.75,0.0258104,0.0001,0.00545747,999999,7.144924e-02,3,Malaysian Exclusive Economic Zone,,,SVDNB_npp_d20151003_t1908306_e1914110_b20379_c20151004011411684829_noaa_ops.h5,GDNBO_npp_d20151003_t1908306_e1914110_b20379_c20151004011411684577_noaa_ops.h5,SVI04_npp_d20151003_t1908306_e1914110_b20379_c20151004011412382962_noaa_ops.dspace_rad,VNFF_npp_d20151003_t1908306_e1914110_b20379_v21.csv,World_EEZ_v8_2014.shp,WPP_BFAR_merge.shp,KKP_IDN_merge_20161208.shp,VNF-VBD_npp_20120301-20151231_global_asia-enhanced_c201607211230.bitmask,NCEI_NGA.union.nga_lead2.add_2015ntl.mask,timezone.shp,VBD_platforms-recurring_2015_r20170330.shp,999999,VBD_bridges_c20160811.shp,25.640045;24.079651;21.102854;16.324032;11.511562;6.671830;1.810134;4.020473;6.006778;10.901870;15.807323;20.719898,83.680374;98.801964;113.308250;111.670303;110.194870;108.863319;107.657715;94.102837;80.376114;81.340813;82.213333;83.001831,npp_d20151003_t1908306_e1914110_b20379,143.997,89.1468,60.9428,-80.1925,42.9926,69.1669
1005,VBD_npp_d20151003_t1913441_x1046963E_y039071N_l2832_s3568_v23,2017-06-01 16:16:04,3.907111,104.696320,4.31628,2015-10-03 19:13:44,2015-10-04 03:13:44,2832,3568,0.266059,2,2209,0.160319,0.124458,0.482645,0.4,0.660218,0.75,0.0254034,0.0001,0.00374802,999999,3.982405e-02,3,Malaysian Exclusive Economic Zone,,,SVDNB_npp_d20151003_t1908306_e1914110_b20379_c20151004011411684829_noaa_ops.h5,GDNBO_npp_d20151003_t1908306_e1914110_b20379_c20151004011411684577_noaa_ops.h5,SVI04_npp_d20151003_t1908306_e1914110_b20379_c20151004011412382962_noaa_ops.dspace_rad,VNFF_npp_d20151003_t1908306_e1914110_b20379_v21.csv,World_EEZ_v8_2014.shp,WPP_BFAR_merge.shp,KKP_IDN_merge_20161208.shp,VNF-VBD_npp_20120301-20151231_global_asia-enhanced_c201607211230.bitmask,NCEI_NGA.union.nga_lead2.add_2015ntl.mask,timezone.shp,VBD_platforms-recurring_2015_r20170330.shp,999999,VBD_bridges_c20160811.shp,25.640045;24.079651;21.102854;16.324032;11.511562;6.671830;1.810134;4.020473;6.006778;10.901870;15.807323;20.719898,83.680374;98.801964;113.308250;111.670303;110.194870;108.863319;107.657715;94.102837;80.376114;81.340813;82.213333;83.001831,npp_d20151003_t1908306_e1914110_b20379,144.212,91.5265,61.1546,-80.0695,43.8574,67.4968
1007,VBD_npp_d20151003_t1913458_x1046965E_y039039N_l2833_s3569_v23,2017-06-01 16:16:04,3.903944,104.696510,4.26089,2015-10-03 19:13:45,2015-10-04 03:13:45,2833,3569,0.262361,2,2209,0.154355,0.137362,0.482645,0.4,0.572381,0.75,0.0254045,0.0001,0.00416843,999999,-1.081118e-01,3,Malaysian Exclusive Economic Zone,,,SVDNB_npp_d20151003_t1908306_e1914110_b20379_c20151004011411684829_noaa_ops.h5,GDNBO_npp_d20151003_t1908306_e1914110_b20379_c20151004011411684577_noaa_ops.h5,SVI04_npp_d20151003_t1908306_e1914110_b20379_c20151004011412382962_noaa_ops.dspace_rad,VNFF_npp_d20151003_t1908306_e1914110_b20379_v21.csv,World_EEZ_v8_2014.shp,WPP_BFAR_merge.shp,KKP_IDN_merge_20161208.shp,VNF-VBD_npp_20120301-20151231_global_asia-enhanced_c201607211230.bitmask,NCEI_NGA.union.nga_lead2.add_2015ntl.mask,timezone.shp,VBD_platforms-recurring_2015_r20170330.shp,999999,VBD_bridges_c20160811.shp,25.640045;24.079651;21.102854;16.324032;11.511562;6.671830;1.810134;4.020473;6.006778;10.901870;15.807323;20.719898,83.680374;98.801964;113.308250;111.670303;110.194870;108.863319;107.657715;94.102837;80.376114;81.340813;82.213333;83.001831,npp_d20151003_t1908306_e1914110_b20379,144.205,91.5311,61.1786,-80.6455,43.8518,67.4912
1009,VBD_npp_d20151003_t1913458_x1047416E_y038480N_l2840_s3577_v23,2017-06-01 16:16:04,3.847996,104.741623,4.14619,2015-10-03 19:13:45,2015-10-04 03:13:45,2840,3577,0.313148,2,2209,0.138876,0.13554,0.46773,0.4,0.611083,0.75,0.0254146,0.0001,0.00383877,999999,-8.722413e-02,3,Malaysian Exclusive Economic Zone,WPP711,,SVDNB_npp_d20151003_t1908306_e1914110_b20379_c20151004011411684829_noaa_ops.h5,GDNBO_npp_d20151003_t1908306_e1914110_b20379_c20151004011411684577_noaa_ops.h5,SVI04_npp_d20151003_t1908306_e1914110_b20379_c20151004011412382962_noaa_ops.dspace_rad,VNFF_npp_d20151003_t1908306_e1914110_b20379_v21.csv,World_EEZ_v8_2014.shp,WPP_BFAR_merge.shp,KKP_IDN_merge_20161208.shp,VNF-VBD_npp_20120301-20151231_global_asia-enhanced_c201607211230.bitmask,NCEI_NGA.union.nga_lead2.add_2015ntl.mask,timezone.shp,VBD_platforms-recurring_2015_r20170330.shp,999999,VBD_bridges_c20160811.shp,25.640045;24.079651;21.102854;16.324032;11.511562;6.671830;1.810134;4.020473;6.006778;10.901870;15.807323;20.719898,83.680374;98.801964;113.308250;111.670303;110.194870;108.863319;107.657715;94.102837;80.376114;81.340813;82.213333;83.001831,npp_d20151003_t1908306_e1914110_b20379,144.158,91.61,61.3433,-80.3833,43.8314,67.4208
1011,VBD_npp_d20151003_t1913067_x1053072E_y061166N_l2486_s3579_v23,2017-06-01 16:16:04,6.116612,105.307167,101.388,2015-10-03 19:13:06,2015-10-04 03:13:06,2486,3579,0.272675,4,100845,0.634444,0.125925,0.529234,0.4,0.813754,0.75,0.0260345,0.0001,0.00545216,999999,2.300825e-02,3,Malaysian Exclusive Economic Zone,,,SVDNB_npp_d20151003_t1908306_e1914110_b20379_c20151004011411684829_noaa_ops.h5,GDNBO_npp_d20151003_t1908306_e1914110_b20379_c20151004011411684577_noaa_ops.h5,SVI04_npp_d20151003_t1908306_e1914110_b20379_c20151004011412382962_noaa_ops.dspace_rad,VNFF_npp_d20151003_t1908306_e1914110_b20379_v21.csv,World_EEZ_v8_2014.shp,WPP_BFAR_merge.shp,KKP_IDN_merge_20161208.shp,VNF-VBD_npp_20120301-20151231_global_asia-enhanced_c201607211230.bitmask,NCEI_NGA.union.nga_lead2.add_2015ntl.mask,timezone.shp,VBD_platforms-recurring_2015_r20170330.shp,999999,VBD_bridges_c20160811.shp,25.640045;24.079651;21.102854;16.324032;11.511562;6.671830;1.810134;4.020473;6.006778;10.901870;15.807323;20.719898,83.680374;98.801964;113.308250;111.670303;110.194870;108.863319;107.657715;94.102837;80.376114;81.340813;82.213333;83.001831,npp_d20151003_t1908306_e1914110_b20379,143.76,88.5255,61.3819,-80.0025,42.6066,69.5928
1013,VBD_npp_d20151003_t1913529_x1046644E_y034407N_l2903_s3580_v23,2017-06-01 16:16:04,3.440720,104.664368,3.56631,2015-10-03 19:13:52,2015-10-04 03:13:52,2903,3580,0.362726,2,2209,0.154151,0.151383,0.444245,0.4,0.705901,0.75,0.0252904,0.0001,0.00359356,999999,-2.688549e-01,3,Malaysian Exclusive Economic Zone,,,SVDNB_npp_d20151003_t1908306_e1914110_b20379_c20151004011411684829_noaa_ops.h5,GDNBO_npp_d20151003_t1908306_e1914110_b20379_c20151004011411684577_noaa_ops.h5,SVI04_npp_d20151003_t1908306_e1914110_b20379_c20151004011412382962_noaa_ops.dspace_rad,VNFF_npp_d20151003_t1908306_e1914110_b20379_v21.csv,World_EEZ_v8_2014.shp,WPP_BFAR_merge.shp,KKP_IDN_merge_20161208.shp,VNF-VBD_npp_20120301-20151231_global_asia-enhanced_c201607211230.bitmask,NCEI_NGA.union.nga_lead2.add_2015ntl.mask,timezone.shp,VBD_platforms-recurring_2015_r20170330.shp,999999,VBD_bridges_c20160811.shp,25.640045;24.079651;21.102854;16.324032;11.511562;6.671830;1.810134;4.020473;6.006778;10.901870;15.807323;20.719898,83.680374;98.801964;113.308250;111.670303;110.194870;108.863319;107.657715;94.102837;80.376114;81.340813;82.213333;83.001831,npp_d20151003_t1908306_e1914110_b20379,144.192,92.173,61.4042,-80.5001,44.0363,67.0388
1015,VBD_npp_d20151003_t1913369_x1048949E_y043003N_l2768_s3583_v23,2017-06-01 16:16:04,4.300315,104.894913,51.1446,2015-10-03 19:13:36,2015-10-04 03:13:36,2768,3583,0.297215,4,117221,0.731282,0.12297,0.753899,0.4,0.874491,0.75,0.0255846,0.0001,0.00382309,999999,5.688425e-02,3,Malaysian Exclusive Economic Zone,,,SVDNB_npp_d20151003_t1908306_e1914110_b20379_c20151004011411684829_noaa_ops.h5,GDNBO_npp_d20151003_t1908306_e1914110_b20379_c20151004011411684577_noaa_ops.h5,SVI04_npp_d20151003_t1908306_e1914110_b20379_c20151004011412382962_noaa_ops.dspace_rad,VNFF_npp_d20151003_t1908306_e1914110_b20379_v21.csv,World_EEZ_v8_2014.shp,WPP_BFAR_merge.shp,KKP_IDN_merge_20161208.shp,VNF-VBD_npp_20120301-20151231_global_asia-enhanced_c201607211230.bitmask,NCEI_NGA.union.nga_lead2.add_2015ntl.mask,timezone.shp,VBD_platforms-recurring_2015_r20170330.shp,0.961242,VBD_bridges_c20160811.shp,25.640045;24.079651;21.102854;16.324032;11.511562;6.671830;1.810134;4.020473;6.006778;10.901870;15.807323;20.719898,83.680374;98.801964;113.308250;111.670303;110.194870;108.863319;107.657715;94.102837;80.376114;81.340813;82.213333;83.001831,npp_d20151003_t1908306_e1914110_b20379,144.053,90.9897,61.4649,-79.9823,43.5474,67.8294
1016,VBD_npp_d20151003_t1913387_x1048933E_y042982N_l2769_s3584_v23,2017-06-01 16:16:04,4.298213,104.893288,44.9975,2015-10-03 19:13:38,2015-10-04 03:13:38,2769,3584,0.34217,4,117221,0.727761,0.12379,0.753899,0.4,0.882944,0.75,0.0255856,0.0001,0.00425146,999999,4.748785e-02,3,Malaysian Exclusive Economic Zone,,,SVDNB_npp_d20151003_t1908306_e1914110_b20379_c20151004011411684829_noaa_ops.h5,GDNBO_npp_d20151003_t1908306_e1914110_b20379_c20151004011411684577_noaa_ops.h5,SVI04_npp_d20151003_t1908306_e1914110_b20379_c20151004011412382962_noaa_ops.dspace_rad,VNFF_npp_d20151003_t1908306_e1914110_b20379_v21.csv,World_EEZ_v8_2014.shp,WPP_BFAR_merge.shp,KKP_IDN_merge_20161208.shp,VNF-VBD_npp_20120301-20151231_global_asia-enhanced_c201607211230.bitmask,NCEI_NGA.union.nga_lead2.add_2015ntl.mask,timezone.shp,VBD_platforms-recurring_2015_r20170330.shp,0.694184,VBD_bridges_c20160811.shp,25.640045;24.079651;21.102854;16.324032;11.511562;6.671830;1.810134;4.020473;6.006778;10.901870;15.807323;20.719898,83.680374;98.801964;113.308250;111.670303;110.194870;108.863319;107.657715;94.102837;80.376114;81.340813;82.213333;83.001831,npp_d20151003_t1908306_e1914110_b20379,144.047,90.9929,61.4827,-80.5571,43.543,67.8255
1017,VBD_npp_d20151003_t1913494_x1047440E_y036686N_l2867_s3584_v23,2017-06-01 16:16:04,3.668600,104.743980,4.228,2015-10-03 19:13:49,2015-10-04 03:13:49,2867,3584,0.36671,8,18849,0.190719,0.154604,0.487118,0.4,0.673588,0.75,0.0253796,0.0001,0.00379596,999999,-3.057880e-01,3,Malaysian Exclusive Economic Zone,,,SVDNB_npp_d20151003_t1908306_e1914110_b20379_c20151004011411684829_noaa_ops.h5,GDNBO_npp_d20151003_t1908306_e1914110_b20379_c20151004011411684577_noaa_ops.h5,SVI04_npp_d20151003_t1908306_e1914110_b20379_c20151004011412382962_noaa_ops.dspace_rad,VNFF_npp_d20151003_t1908306_e1914110_b20379_v21.csv,World_EEZ_v8_2014.shp,WPP_BFAR_merge.shp,KKP_IDN_merge_20161208.shp,VNF-VBD_npp_20120301-20151231_global_asia-enhanced_c201607211230.bitmask,NCEI_NGA.union.nga_lead2.add_2015ntl.mask,timezone.shp,VBD_platforms-recurring_2015_r20170330.shp,0.297484,VBD_bridges_c20160811.shp,25.640045;24.079651;21.102854;16.324032;11.511562;6.671830;1.810134;4.020473;6.006778;10.901870;15.807323;20.719898,83.680374;98.801964;113.308250;111.670303;110.194870;108.863319;107.657715;94.102837;80.376114;81.340813;82.213333;83.001831,npp_d20151003_t1908306_e1914110_b20379,144.136,91.8585,61.4851,-80.6052,43.8859,67.2388
1018,VBD_npp_d20151003_t1913174_x1052091E_y054988N_l2581_s3587_v23,2017-06-01 16:16:04,5.498766,105.209084,23.3621,2015-10-03 19:13:17,2015-10-04 03:13:17,2581,3587,0.0786292,4,100773,0.37649,0.102799,0.419298,0.4,0.627073,0.75,0.0258709,0.0001,0.00491121,999999,2.881372e-01,3,Malaysian Exclusive Economic Zone,,,SVDNB_npp_d20151003_t1908306_e1914110_b20379_c20151004011411684829_noaa_ops.h5,GDNBO_npp_d20151003_t1908306_e1914110_b20379_c20151004011411684577_noaa_ops.h5,SVI04_npp_d20151003_t1908306_e1914110_b20379_c20151004011412382962_noaa_ops.dspace_rad,VNFF_npp_d20151003_t1908306_e1914110_b20379_v21.csv,World_EEZ_v8_2014.shp,WPP_BFAR_merge.shp,KKP_IDN_merge_20161208.shp,VNF-VBD_npp_20120301-20151231_global_asia-enhanced_c201607211230.bitmask,NCEI_NGA.union.nga_lead2.add_2015ntl.mask,timezone.shp,VBD_platforms-recurring_2015_r20170330.shp,999999,VBD_bridges_c20160811.shp,25.640045;24.079651;21.102854;16.324032;11.511562;6.671830;1.810134;4.020473;6.006778;10.901870;15.807323;20.719898,83.680374;98.801964;113.308250;111.670303;110.194870;108.863319;107.657715;94.102837;80.376114;81.340813;82.213333;83.001831,npp_d20151003_t1908306_e1914110_b20379,143.824,89.3626,61.5452,-80.1595,42.8799,68.969
1019,VBD_npp_d20151003_t1913547_x1046820E_y032680N_l2928_s3588_v23,2017-06-01 16:16:04,3.268012,104.682022,3.86253,2015-10-03 19:13:54,2015-10-04 03:13:54,2928,3588,0.376099,2,2465,0.179476,0.124001,0.556214,0.4,0.676989,0.75,0.0252619,0.0001,0.00318874,999999,4.506572e-02,3,Malaysian Exclusive Economic Zone,,,SVDNB_npp_d20151003_t1908306_e1914110_b20379_c20151004011411684829_noaa_ops.h5,GDNBO_npp_d20151003_t1908306_e1914110_b20379_c20151004011411684577_noaa_ops.h5,SVI04_npp_d20151003_t1908306_e1914110_b20379_c20151004011412382962_noaa_ops.dspace_rad,VNFF_npp_d20151003_t1908306_e1914110_b20379_v21.csv,World_EEZ_v8_2014.shp,WPP_BFAR_merge.shp,KKP_IDN_merge_20161208.shp,VNF-VBD_npp_20120301-20151231_global_asia-enhanced_c201607211230.bitmask,NCEI_NGA.union.nga_lead2.add_2015ntl.mask,timezone.shp,VBD_platforms-recurring_2015_r20170330.shp,999999,VBD_bridges_c20160811.shp,25.640045;24.079651;21.102854;16.324032;11.511562;6.671830;1.810134;4.020473;6.006778;10.901870;15.807323;20.719898,83.680374;98.801964;113.308250;111.670303;110.194870;108.863319;107.657715;94.102837;80.376114;81.340813;82.213333;83.001831,npp_d20151003_t1908306_e1914110_b20379,144.16,92.4122,61.5661,-80.1838,44.0817,66.8619
1020,VBD_npp_d20151003_t1913565_x1046826E_y032658N_l2929_s3589_v23,2017-06-01 16:16:04,3.265829,104.682625,3.76726,2015-10-03 19:13:56,2015-10-04 03:13:56,2929,3589,0.376099,2,2465,0.196165,0.1216,0.556214,0.4,0.715222,0.75,0.0252629,0.0001,0.00356007,999999,7.258479e-02,3,Malaysian Exclusive Economic Zone,,,SVDNB_npp_d20151003_t1908306_e1914110_b20379_c20151004011411684829_noaa_ops.h5,GDNBO_npp_d20151003_t1908306_e1914110_b20379_c20151004011411684577_noaa_ops.h5,SVI04_npp_d20151003_t1908306_e1914110_b20379_c20151004011412382962_noaa_ops.dspace_rad,VNFF_npp_d20151003_t1908306_e1914110_b20379_v21.csv,World_EEZ_v8_2014.shp,WPP_BFAR_merge.shp,KKP_IDN_merge_20161208.shp,VNF-VBD_npp_20120301-20151231_global_asia-enhanced_c201607211230.bitmask,NCEI_NGA.union.nga_lead2.add_2015ntl.mask,timezone.shp,VBD_platforms-recurring_2015_r20170330.shp,999999,VBD_bridges_c20160811.shp,25.640045;24.079651;21.102854;16.324032;11.511562;6.671830;1.810134;4.020473;6.006778;10.901870;15.807323;20.719898,83.680374;98.801964;113.308250;111.670303;110.194870;108.863319;107.657715;94.102837;80.376114;81.340813;82.213333;83.001831,npp_d20151003_t1908306_e1914110_b20379,144.152,92.4152,61.5905,-80.7581,44.0754,66.857
1021,VBD_npp_d20151003_t1913174_x1052185E_y054344N_l2590_s3590_v23,2017-06-01 16:16:04,5.434446,105.218544,63.2341,2015-10-03 19:13:17,2015-10-04 03:13:17,2590,3590,0.131551,4,100741,0.359601,0.093802,0.314121,0.4,0.647798,0.75,0.0258723,0.0001,0.0045333,999999,3.912784e-01,3,Malaysian Exclusive Economic Zone,,,SVDNB_npp_d20151003_t1908306_e1914110_b20379_c20151004011411684829_noaa_ops.h5,GDNBO_npp_d20151003_t1908306_e1914110_b20379_c20151004011411684577_noaa_ops.h5,SVI04_npp_d20151003_t1908306_e1914110_b20379_c20151004011412382962_noaa_ops.dspace_rad,VNFF_npp_d20151003_t1908306_e1914110_b20379_v21.csv,World_EEZ_v8_2014.shp,WPP_BFAR_merge.shp,KKP_IDN_merge_20161208.shp,VNF-VBD_npp_20120301-20151231_global_asia-enhanced_c201607211230.bitmask,NCEI_NGA.union.nga_lead2.add_2015ntl.mask,timezone.shp,VBD_platforms-recurring_2015_r20170330.shp,999999,VBD_bridges_c20160811.shp,25.640045;24.079651;21.102854;16.324032;11.511562;6.671830;1.810134;4.020473;6.006778;10.901870;15.807323;20.719898,83.680374;98.801964;113.308250;111.670303;110.194870;108.863319;107.657715;94.102837;80.376114;81.340813;82.213333;83.001831,npp_d20151003_t1908306_e1914110_b20379,143.816,89.4516,61.6072,-79.8267,42.8944,68.9001
1022,VBD_npp_d20151003_t1913245_x1052055E_y050016N_l2655_s3603_v23,2017-06-01 16:16:04,5.001574,105.205536,32.3049,2015-10-03 19:13:24,2015-10-04 03:13:24,2655,3603,0.213849,4,100837,0.721689,0.124418,0.759789,0.4,0.898598,0.75,0.0258556,0.0001,0.00405897,999999,4.028825e-02,3,Malaysian Exclusive Economic Zone,,,SVDNB_npp_d20151003_t1908306_e1914110_b20379_c20151004011411684829_noaa_ops.h5,GDNBO_npp_d20151003_t1908306_e1914110_b20379_c20151004011411684577_noaa_ops.h5,SVI04_npp_d20151003_t1908306_e1914110_b20379_c20151004011412382962_noaa_ops.dspace_rad,VNFF_npp_d20151003_t1908306_e1914110_b20379_v21.csv,World_EEZ_v8_2014.shp,WPP_BFAR_merge.shp,KKP_IDN_merge_20161208.shp,VNF-VBD_npp_20120301-20151231_global_asia-enhanced_c201607211230.bitmask,NCEI_NGA.union.nga_lead2.add_2015ntl.mask,timezone.shp,VBD_platforms-recurring_2015_r20170330.shp,999999,VBD_bridges_c20160811.shp,25.640045;24.079651;21.102854;16.324032;11.511562;6.671830;1.810134;4.020473;6.006778;10.901870;15.807323;20.719898,83.680374;98.801964;113.308250;111.670303;110.194870;108.863319;107.657715;94.102837;80.376114;81.340813;82.213333;83.001831,npp_d20151003_t1908306_e1914110_b20379,143.801,90.0449,61.8786,-79.866,43.0391,68.4524
1025,VBD_npp_d20151003_t1913245_x1052480E_y050010N_l2654_s3609_v23,2017-06-01 16:16:04,5.001039,105.248001,13.2895,2015-10-03 19:13:24,2015-10-04 03:13:24,2654,3609,0.239599,4,100837,0.429708,0.10916,0.718575,0.4,0.801729,0.75,0.0258751,0.0001,0.00401672,999999,2.152124e-01,3,Malaysian Exclusive Economic Zone,,,SVDNB_npp_d20151003_t1908306_e1914110_b20379_c20151004011411684829_noaa_ops.h5,GDNBO_npp_d20151003_t1908306_e1914110_b20379_c20151004011411684577_noaa_ops.h5,SVI04_npp_d20151003_t1908306_e1914110_b20379_c20151004011412382962_noaa_ops.dspace_rad,VNFF_npp_d20151003_t1908306_e1914110_b20379_v21.csv,World_EEZ_v8_2014.shp,WPP_BFAR_merge.shp,KKP_IDN_merge_20161208.shp,VNF-VBD_npp_20120301-20151231_global_asia-enhanced_c201607211230.bitmask,NCEI_NGA.union.nga_lead2.add_2015ntl.mask,timezone.shp,VBD_platforms-recurring_2015_r20170330.shp,999999,VBD_bridges_c20160811.shp,25.640045;24.079651;21.102854;16.324032;11.511562;6.671830;1.810134;4.020473;6.006778;10.901870;15.807323;20.719898,83.680374;98.801964;113.308250;111.670303;110.194870;108.863319;107.657715;94.102837;80.376114;81.340813;82.213333;83.001831,npp_d20151003_t1908306_e1914110_b20379,143.759,90.0492,62.0038,-79.8993,42.9994,68.4385
1026,VBD_npp_d20151003_t1914090_x1046726E_y024923N_l3045_s3613_v23,2017-06-01 16:16:04,2.492338,104.672615,3.32969,2015-10-03 19:14:09,2015-10-04 03:14:09,3045,3613,0.37489,2,2209,0.139681,0.114953,0.470581,0.4,0.653893,0.75,0.0252416,0.0001,0.00282238,999999,1.487964e-01,3,Malaysian Exclusive Economic Zone,,,SVDNB_npp_d20151003_t1908306_e1914110_b20379_c20151004011411684829_noaa_ops.h5,GDNBO_npp_d20151003_t1908306_e1914110_b20379_c20151004011411684577_noaa_ops.h5,SVI04_npp_d20151003_t1908306_e1914110_b20379_c20151004011412382962_noaa_ops.dspace_rad,VNFF_npp_d20151003_t1908306_e1914110_b20379_v21.csv,World_EEZ_v8_2014.shp,WPP_BFAR_merge.shp,KKP_IDN_merge_20161208.shp,VNF-VBD_npp_20120301-20151231_global_asia-enhanced_c201607211230.bitmask,NCEI_NGA.union.nga_lead2.add_2015ntl.mask,timezone.shp,VBD_platforms-recurring_2015_r20170330.shp,999999,VBD_bridges_c20160811.shp,25.640045;24.079651;21.102854;16.324032;11.511562;6.671830;1.810134;4.020473;6.006778;10.901870;15.807323;20.719898,83.680374;98.801964;113.308250;111.670303;110.194870;108.863319;107.657715;94.102837;80.376114;81.340813;82.213333;83.001831,npp_d20151003_t1908306_e1914110_b20379,144.071,93.482,62.0905,-80.7414,44.3507,66.0961
1027,VBD_npp_d20151003_t1913405_x1051109E_y041474N_l2786_s3620_v23,2017-06-01 16:16:04,4.147364,105.110939,21.9116,2015-10-03 19:13:40,2015-10-04 03:13:40,2786,3620,0.246143,4,100773,0.585054,0.140155,0.729997,0.4,0.652143,0.75,0.025662,0.0001,0.00371403,999999,-1.401348e-01,3,Indonesian Exclusive Economic Zone,WPP711,,SVDNB_npp_d20151003_t1908306_e1914110_b20379_c20151004011411684829_noaa_ops.h5,GDNBO_npp_d20151003_t1908306_e1914110_b20379_c20151004011411684577_noaa_ops.h5,SVI04_npp_d20151003_t1908306_e1914110_b20379_c20151004011412382962_noaa_ops.dspace_rad,VNFF_npp_d20151003_t1908306_e1914110_b20379_v21.csv,World_EEZ_v8_2014.shp,WPP_BFAR_merge.shp,KKP_IDN_merge_20161208.shp,VNF-VBD_npp_20120301-20151231_global_asia-enhanced_c201607211230.bitmask,NCEI_NGA.union.nga_lead2.add_2015ntl.mask,timezone.shp,VBD_platforms-recurring_2015_r20170330.shp,999999,VBD_bridges_c20160811.shp,25.640045;24.079651;21.102854;16.324032;11.511562;6.671830;1.810134;4.020473;6.006778;10.901870;15.807323;20.719898,83.680374;98.801964;113.308250;111.670303;110.194870;108.863319;107.657715;94.102837;80.376114;81.340813;82.213333;83.001831,npp_d20151003_t1908306_e1914110_b20379,143.819,91.2107,62.2239,-80.5201,43.3909,67.5996
1029,VBD_npp_d20151003_t1913174_x1054720E_y053749N_l2592_s3628_v23,2017-06-01 16:16:04,5.374896,105.471985,10.4986,2015-10-03 19:13:17,2015-10-04 03:13:17,2592,3628,0.346935,7,51617,0.273222,0.116479,0.435756,0.4,0.596573,0.75,0.025989,0.0001,0.00397761,999999,1.313038e-01,3,,,,SVDNB_npp_d20151003_t1908306_e1914110_b20379_c20151004011411684829_noaa_ops.h5,GDNBO_npp_d20151003_t1908306_e1914110_b20379_c20151004011411684577_noaa_ops.h5,SVI04_npp_d20151003_t1908306_e1914110_b20379_c20151004011412382962_noaa_ops.dspace_rad,VNFF_npp_d20151003_t1908306_e1914110_b20379_v21.csv,World_EEZ_v8_2014.shp,WPP_BFAR_merge.shp,KKP_IDN_merge_20161208.shp,VNF-VBD_npp_20120301-20151231_global_asia-enhanced_c201607211230.bitmask,NCEI_NGA.union.nga_lead2.add_2015ntl.mask,timezone.shp,VBD_platforms-recurring_2015_r20170330.shp,0.127987,VBD_bridges_c20160811.shp,25.640045;24.079651;21.102854;16.324032;11.511562;6.671830;1.810134;4.020473;6.006778;10.901870;15.807323;20.719898,83.680374;98.801964;113.308250;111.670303;110.194870;108.863319;107.657715;94.102837;80.376114;81.340813;82.213333;83.001831,npp_d20151003_t1908306_e1914110_b20379,143.564,89.5595,62.382,-79.7316,42.6779,68.7618
1030,VBD_npp_d20151003_t1913191_x1054722E_y053738N_l2593_s3629_v23,2017-06-01 16:16:04,5.373847,105.472160,10.5342,2015-10-03 19:13:19,2015-10-04 03:13:19,2593,3629,0.346935,7,51617,0.289668,0.118088,0.435756,0.4,0.670323,0.75,0.0259912,0.0001,0.00440424,999999,1.128478e-01,3,,,,SVDNB_npp_d20151003_t1908306_e1914110_b20379_c20151004011411684829_noaa_ops.h5,GDNBO_npp_d20151003_t1908306_e1914110_b20379_c20151004011411684577_noaa_ops.h5,SVI04_npp_d20151003_t1908306_e1914110_b20379_c20151004011412382962_noaa_ops.dspace_rad,VNFF_npp_d20151003_t1908306_e1914110_b20379_v21.csv,World_EEZ_v8_2014.shp,WPP_BFAR_merge.shp,KKP_IDN_merge_20161208.shp,VNF-VBD_npp_20120301-20151231_global_asia-enhanced_c201607211230.bitmask,NCEI_NGA.union.nga_lead2.add_2015ntl.mask,timezone.shp,VBD_platforms-recurring_2015_r20170330.shp,0.194912,VBD_bridges_c20160811.shp,25.640045;24.079651;21.102854;16.324032;11.511562;6.671830;1.810134;4.020473;6.006778;10.901870;15.807323;20.719898,83.680374;98.801964;113.308250;111.670303;110.194870;108.863319;107.657715;94.102837;80.376114;81.340813;82.213333;83.001831,npp_d20151003_t1908306_e1914110_b20379,143.556,89.5617,62.4039,-80.2972,42.6714,68.7585
1033,VBD_npp_d20151003_t1913191_x1054916E_y053279N_l2599_s3633_v23,2017-06-01 16:16:04,5.327918,105.491562,45.7529,2015-10-03 19:13:19,2015-10-04 03:13:19,2599,3633,0.290813,4,100773,0.43727,0.134507,0.412574,0.4,0.664316,0.75,0.0259983,0.0001,0.00414661,999999,-7.538394e-02,3,Malaysian Exclusive Economic Zone,,,SVDNB_npp_d20151003_t1908306_e1914110_b20379_c20151004011411684829_noaa_ops.h5,GDNBO_npp_d20151003_t1908306_e1914110_b20379_c20151004011411684577_noaa_ops.h5,SVI04_npp_d20151003_t1908306_e1914110_b20379_c20151004011412382962_noaa_ops.dspace_rad,VNFF_npp_d20151003_t1908306_e1914110_b20379_v21.csv,World_EEZ_v8_2014.shp,WPP_BFAR_merge.shp,KKP_IDN_merge_20161208.shp,VNF-VBD_npp_20120301-20151231_global_asia-enhanced_c201607211230.bitmask,NCEI_NGA.union.nga_lead2.add_2015ntl.mask,timezone.shp,VBD_platforms-recurring_2015_r20170330.shp,999999,VBD_bridges_c20160811.shp,25.640045;24.079651;21.102854;16.324032;11.511562;6.671830;1.810134;4.020473;6.006778;10.901870;15.807323;20.719898,83.680374;98.801964;113.308250;111.670303;110.194870;108.863319;107.657715;94.102837;80.376114;81.340813;82.213333;83.001831,npp_d20151003_t1908306_e1914110_b20379,143.537,89.6259,62.4829,-80.076,42.67,68.705
1043,VBD_npp_d20151003_t1913209_x1055932E_y052306N_l2611_s3651_v23,2017-06-01 16:16:04,5.230595,105.593239,141.06,2015-10-03 19:13:20,2015-10-04 03:13:20,2611,3651,0.306035,4,100781,0.730008,0.113436,0.61746,0.4,0.747547,0.75,0.0260438,0.0001,0.00398404,999999,1.661806e-01,3,Indonesian Exclusive Economic Zone,WPP711,,SVDNB_npp_d20151003_t1908306_e1914110_b20379_c20151004011411684829_noaa_ops.h5,GDNBO_npp_d20151003_t1908306_e1914110_b20379_c20151004011411684577_noaa_ops.h5,SVI04_npp_d20151003_t1908306_e1914110_b20379_c20151004011412382962_noaa_ops.dspace_rad,VNFF_npp_d20151003_t1908306_e1914110_b20379_v21.csv,World_EEZ_v8_2014.shp,WPP_BFAR_merge.shp,KKP_IDN_merge_20161208.shp,VNF-VBD_npp_20120301-20151231_global_asia-enhanced_c201607211230.bitmask,NCEI_NGA.union.nga_lead2.add_2015ntl.mask,timezone.shp,VBD_platforms-recurring_2015_r20170330.shp,999999,VBD_bridges_c20160811.shp,25.640045;24.079651;21.102854;16.324032;11.511562;6.671830;1.810134;4.020473;6.006778;10.901870;15.807323;20.719898,83.680374;98.801964;113.308250;111.670303;110.194870;108.863319;107.657715;94.102837;80.376114;81.340813;82.213333;83.001831,npp_d20151003_t1908306_e1914110_b20379,143.429,89.7681,62.8442,-80.2253,42.6037,68.5705
1045,VBD_npp_d20151003_t1913156_x1056777E_y055221N_l2565_s3653_v23,2017-06-01 16:16:04,5.522102,105.677689,72.8377,2015-10-03 19:13:15,2015-10-04 03:13:15,2565,3653,0.162848,4,100741,0.322467,0.0957905,0.318079,0.4,0.553803,0.75,0.026105,0.0001,0.0040886,999999,3.684814e-01,3,Malaysian Exclusive Economic Zone,WPP711,,SVDNB_npp_d20151003_t1908306_e1914110_b20379_c20151004011411684829_noaa_ops.h5,GDNBO_npp_d20151003_t1908306_e1914110_b20379_c20151004011411684577_noaa_ops.h5,SVI04_npp_d20151003_t1908306_e1914110_b20379_c20151004011412382962_noaa_ops.dspace_rad,VNFF_npp_d20151003_t1908306_e1914110_b20379_v21.csv,World_EEZ_v8_2014.shp,WPP_BFAR_merge.shp,KKP_IDN_merge_20161208.shp,VNF-VBD_npp_20120301-20151231_global_asia-enhanced_c201607211230.bitmask,NCEI_NGA.union.nga_lead2.add_2015ntl.mask,timezone.shp,VBD_platforms-recurring_2015_r20170330.shp,999999,VBD_bridges_c20160811.shp,25.640045;24.079651;21.102854;16.324032;11.511562;6.671830;1.810134;4.020473;6.006778;10.901870;15.807323;20.719898,83.680374;98.801964;113.308250;111.670303;110.194870;108.863319;107.657715;94.102837;80.376114;81.340813;82.213333;83.001831,npp_d20151003_t1908306_e1914110_b20379,143.365,89.3821,62.8765,-80.0874,42.4374,68.854
1055,VBD_npp_d20151003_t1913387_x1053986E_y041487N_l2778_s3661_v23,2017-06-01 16:16:04,4.148729,105.398552,4.34218,2015-10-03 19:13:38,2015-10-04 02:13:38,2778,3661,0.371475,8,18849,0.191251,0.129968,0.554358,0.4,0.711636,0.75,0.0258062,0.0001,0.0031079,999999,-2.334305e-02,3,Indonesian Exclusive Economic Zone,WPP711,,SVDNB_npp_d20151003_t1908306_e1914110_b20379_c20151004011411684829_noaa_ops.h5,GDNBO_npp_d20151003_t1908306_e1914110_b20379_c20151004011411684577_noaa_ops.h5,SVI04_npp_d20151003_t1908306_e1914110_b20379_c20151004011412382962_noaa_ops.dspace_rad,VNFF_npp_d20151003_t1908306_e1914110_b20379_v21.csv,World_EEZ_v8_2014.shp,WPP_BFAR_merge.shp,KKP_IDN_merge_20161208.shp,VNF-VBD_npp_20120301-20151231_global_asia-enhanced_c201607211230.bitmask,NCEI_NGA.union.nga_lead2.add_2015ntl.mask,timezone.shp,VBD_platforms-recurring_2015_r20170330.shp,0.213886,VBD_bridges_c20160811.shp,25.640045;24.079651;21.102854;16.324032;11.511562;6.671830;1.810134;4.020473;6.006778;10.901870;15.807323;20.719898,83.680374;98.801964;113.308250;111.670303;110.194870;108.863319;107.657715;94.102837;80.376114;81.340813;82.213333;83.001831,npp_d20151003_t1908306_e1914110_b20379,143.54,91.221,63.0293,-80.192,43.1287,67.5051
1091,VBD_npp_d20151003_t1913583_x1054369E_y030038N_l2949_s3706_v23,2017-06-01 16:16:04,3.003804,105.436859,12.8453,2015-10-03 19:13:58,2015-10-04 02:13:58,2949,3706,0.284482,8,18913,0.468186,0.142089,0.698002,0.4,0.842263,0.75,0.0255838,0.0001,0.00231184,999999,-1.623075e-01,3,Indonesian Exclusive Economic Zone,WPP711,Kepulauan Anambas Marine Nature Recreational Park,SVDNB_npp_d20151003_t1908306_e1914110_b20379_c20151004011411684829_noaa_ops.h5,GDNBO_npp_d20151003_t1908306_e1914110_b20379_c20151004011411684577_noaa_ops.h5,SVI04_npp_d20151003_t1908306_e1914110_b20379_c20151004011412382962_noaa_ops.dspace_rad,VNFF_npp_d20151003_t1908306_e1914110_b20379_v21.csv,World_EEZ_v8_2014.shp,WPP_BFAR_merge.shp,KKP_IDN_merge_20161208.shp,VNF-VBD_npp_20120301-20151231_global_asia-enhanced_c201607211230.bitmask,NCEI_NGA.union.nga_lead2.add_2015ntl.mask,timezone.shp,VBD_platforms-recurring_2015_r20170330.shp,0.681139,VBD_bridges_c20160811.shp,25.640045;24.079651;21.102854;16.324032;11.511562;6.671830;1.810134;4.020473;6.006778;10.901870;15.807323;20.719898,83.680374;98.801964;113.308250;111.670303;110.194870;108.863319;107.657715;94.102837;80.376114;81.340813;82.213333;83.001831,npp_d20151003_t1908306_e1914110_b20379,143.381,92.7671,63.8986,-80.5806,43.4744,66.3191
1092,VBD_npp_d20151003_t1914036_x1053588E_y026276N_l3007_s3707_v23,2017-06-01 16:16:04,2.627612,105.358826,31.1168,2015-10-03 19:14:03,2015-10-04 02:14:03,3007,3707,0.353622,8,18913,0.7207,0.117042,0.754327,0.4,0.895797,0.75,0.0255338,0.0001,0.0019963,999999,1.248475e-01,3,Indonesian Exclusive Economic Zone,WPP711,Kepulauan Anambas Marine Nature Recreational Park,SVDNB_npp_d20151003_t1908306_e1914110_b20379_c20151004011411684829_noaa_ops.h5,GDNBO_npp_d20151003_t1908306_e1914110_b20379_c20151004011411684577_noaa_ops.h5,SVI04_npp_d20151003_t1908306_e1914110_b20379_c20151004011412382962_noaa_ops.dspace_rad,VNFF_npp_d20151003_t1908306_e1914110_b20379_v21.csv,World_EEZ_v8_2014.shp,WPP_BFAR_merge.shp,KKP_IDN_merge_20161208.shp,VNF-VBD_npp_20120301-20151231_global_asia-enhanced_c201607211230.bitmask,NCEI_NGA.union.nga_lead2.add_2015ntl.mask,timezone.shp,VBD_platforms-recurring_2015_r20170330.shp,0.85719,VBD_bridges_c20160811.shp,25.640045;24.079651;21.102854;16.324032;11.511562;6.671830;1.810134;4.020473;6.006778;10.901870;15.807323;20.719898,83.680374;98.801964;113.308250;111.670303;110.194870;108.863319;107.657715;94.102837;80.376114;81.340813;82.213333;83.001831,npp_d20151003_t1908306_e1914110_b20379,143.416,93.2742,63.9161,-80.3019,43.6808,65.9709
1093,VBD_npp_d20151003_t1914001_x1054152E_y028311N_l2975_s3708_v23,2017-06-01 16:16:04,2.831122,105.415192,10.747,2015-10-03 19:14:00,2015-10-04 02:14:00,2975,3708,0.357249,8,18913,0.468258,0.117478,0.796835,0.4,0.886961,0.75,0.0255369,0.0001,0.0020629,999999,1.198449e-01,3,Indonesian Exclusive Economic Zone,WPP711,Kepulauan Anambas Marine Nature Recreational Park,SVDNB_npp_d20151003_t1908306_e1914110_b20379_c20151004011411684829_noaa_ops.h5,GDNBO_npp_d20151003_t1908306_e1914110_b20379_c20151004011411684577_noaa_ops.h5,SVI04_npp_d20151003_t1908306_e1914110_b20379_c20151004011412382962_noaa_ops.dspace_rad,VNFF_npp_d20151003_t1908306_e1914110_b20379_v21.csv,World_EEZ_v8_2014.shp,WPP_BFAR_merge.shp,KKP_IDN_merge_20161208.shp,VNF-VBD_npp_20120301-20151231_global_asia-enhanced_c201607211230.bitmask,NCEI_NGA.union.nga_lead2.add_2015ntl.mask,timezone.shp,VBD_platforms-recurring_2015_r20170330.shp,0.272305,VBD_bridges_c20160811.shp,25.640045;24.079651;21.102854;16.324032;11.511562;6.671830;1.810134;4.020473;6.006778;10.901870;15.807323;20.719898,83.680374;98.801964;113.308250;111.670303;110.194870;108.863319;107.657715;94.102837;80.376114;81.340813;82.213333;83.001831,npp_d20151003_t1908306_e1914110_b20379,143.386,92.9995,63.9384,-80.2587,43.5583,66.1543
1096,VBD_npp_d20151003_t1913529_x1055665E_y032666N_l2906_s3715_v23,2017-06-01 16:16:04,3.266646,105.566521,43.2141,2015-10-03 19:13:52,2015-10-04 02:13:52,2906,3715,0.346011,8,18913,0.835165,0.148236,0.796384,0.4,0.823365,0.75,0.0257034,0.0001,0.00226342,999999,-2.327774e-01,3,Indonesian Exclusive Economic Zone,WPP711,Kepulauan Anambas Marine Nature Recreational Park,SVDNB_npp_d20151003_t1908306_e1914110_b20379_c20151004011411684829_noaa_ops.h5,GDNBO_npp_d20151003_t1908306_e1914110_b20379_c20151004011411684577_noaa_ops.h5,SVI04_npp_d20151003_t1908306_e1914110_b20379_c20151004011412382962_noaa_ops.dspace_rad,VNFF_npp_d20151003_t1908306_e1914110_b20379_v21.csv,World_EEZ_v8_2014.shp,WPP_BFAR_merge.shp,KKP_IDN_merge_20161208.shp,VNF-VBD_npp_20120301-20151231_global_asia-enhanced_c201607211230.bitmask,NCEI_NGA.union.nga_lead2.add_2015ntl.mask,timezone.shp,VBD_platforms-recurring_2015_r20170330.shp,0.478784,VBD_bridges_c20160811.shp,25.640045;24.079651;21.102854;16.324032;11.511562;6.671830;1.810134;4.020473;6.006778;10.901870;15.807323;20.719898,83.680374;98.801964;113.308250;111.670303;110.194870;108.863319;107.657715;94.102837;80.376114;81.340813;82.213333;83.001831,npp_d20151003_t1908306_e1914110_b20379,143.285,92.4138,64.0736,-80.342,43.2678,66.5391
1097,VBD_npp_d20151003_t1913512_x1055901E_y033264N_l2896_s3716_v23,2017-06-01 16:16:04,3.326420,105.590073,25.7549,2015-10-03 19:13:51,2015-10-04 02:13:51,2896,3716,0.349354,1,2529,0.673151,0.118298,0.79012,0.4,0.892644,0.75,0.0257279,0.0001,0.00217732,999999,1.104438e-01,3,Indonesian Exclusive Economic Zone,WPP711,,SVDNB_npp_d20151003_t1908306_e1914110_b20379_c20151004011411684829_noaa_ops.h5,GDNBO_npp_d20151003_t1908306_e1914110_b20379_c20151004011411684577_noaa_ops.h5,SVI04_npp_d20151003_t1908306_e1914110_b20379_c20151004011412382962_noaa_ops.dspace_rad,VNFF_npp_d20151003_t1908306_e1914110_b20379_v21.csv,World_EEZ_v8_2014.shp,WPP_BFAR_merge.shp,KKP_IDN_merge_20161208.shp,VNF-VBD_npp_20120301-20151231_global_asia-enhanced_c201607211230.bitmask,NCEI_NGA.union.nga_lead2.add_2015ntl.mask,timezone.shp,VBD_platforms-recurring_2015_r20170330.shp,999999,VBD_bridges_c20160811.shp,25.640045;24.079651;21.102854;16.324032;11.511562;6.671830;1.810134;4.020473;6.006778;10.901870;15.807323;20.719898,83.680374;98.801964;113.308250;111.670303;110.194870;108.863319;107.657715;94.102837;80.376114;81.340813;82.213333;83.001831,npp_d20151003_t1908306_e1914110_b20379,143.272,92.3338,64.091,-80.1114,43.2285,66.5927
1098,VBD_npp_d20151003_t1913529_x1055899E_y033191N_l2898_s3717_v23,2017-06-01 16:16:04,3.319101,105.589890,29.6627,2015-10-03 19:13:52,2015-10-04 02:13:52,2898,3717,0.353764,8,18913,0.698874,0.120129,0.79012,0.4,0.85452,0.75,0.0257267,0.0001,0.00241112,999999,8.945538e-02,3,Indonesian Exclusive Economic Zone,WPP711,,SVDNB_npp_d20151003_t1908306_e1914110_b20379_c20151004011411684829_noaa_ops.h5,GDNBO_npp_d20151003_t1908306_e1914110_b20379_c20151004011411684577_noaa_ops.h5,SVI04_npp_d20151003_t1908306_e1914110_b20379_c20151004011412382962_noaa_ops.dspace_rad,VNFF_npp_d20151003_t1908306_e1914110_b20379_v21.csv,World_EEZ_v8_2014.shp,WPP_BFAR_merge.shp,KKP_IDN_merge_20161208.shp,VNF-VBD_npp_20120301-20151231_global_asia-enhanced_c201607211230.bitmask,NCEI_NGA.union.nga_lead2.add_2015ntl.mask,timezone.shp,VBD_platforms-recurring_2015_r20170330.shp,0.334976,VBD_bridges_c20160811.shp,25.640045;24.079651;21.102854;16.324032;11.511562;6.671830;1.810134;4.020473;6.006778;10.901870;15.807323;20.719898,83.680374;98.801964;113.308250;111.670303;110.194870;108.863319;107.657715;94.102837;80.376114;81.340813;82.213333;83.001831,npp_d20151003_t1908306_e1914110_b20379,143.264,92.3436,64.1134,-80.6165,43.225,66.5827
1099,VBD_npp_d20151003_t1913583_x1055116E_y029842N_l2950_s3717_v23,2017-06-01 16:16:04,2.984244,105.511551,24.2821,2015-10-03 19:13:58,2015-10-04 02:13:58,2950,3717,0.31955,1,2529,0.6862,0.127385,0.787474,0.4,0.895864,0.75,0.0256158,0.0001,0.00220585,999999,6.266090e-03,3,Indonesian Exclusive Economic Zone,WPP711,Kepulauan Anambas Marine Nature Recreational Park,SVDNB_npp_d20151003_t1908306_e1914110_b20379_c20151004011411684829_noaa_ops.h5,GDNBO_npp_d20151003_t1908306_e1914110_b20379_c20151004011411684577_noaa_ops.h5,SVI04_npp_d20151003_t1908306_e1914110_b20379_c20151004011412382962_noaa_ops.dspace_rad,VNFF_npp_d20151003_t1908306_e1914110_b20379_v21.csv,World_EEZ_v8_2014.shp,WPP_BFAR_merge.shp,KKP_IDN_merge_20161208.shp,VNF-VBD_npp_20120301-20151231_global_asia-enhanced_c201607211230.bitmask,NCEI_NGA.union.nga_lead2.add_2015ntl.mask,timezone.shp,VBD_platforms-recurring_2015_r20170330.shp,999999,VBD_bridges_c20160811.shp,25.640045;24.079651;21.102854;16.324032;11.511562;6.671830;1.810134;4.020473;6.006778;10.901870;15.807323;20.719898,83.680374;98.801964;113.308250;111.670303;110.194870;108.863319;107.657715;94.102837;80.376114;81.340813;82.213333;83.001831,npp_d20151003_t1908306_e1914110_b20379,143.305,92.7924,64.1119,-80.5421,43.4133,66.2712
1101,VBD_npp_d20151003_t1913245_x1060040E_y049033N_l2649_s3721_v23,2017-06-01 16:16:04,4.903341,106.004005,132.73,2015-10-03 19:13:24,2015-10-04 03:13:24,2649,3721,0.46672,4,100845,0.982834,0.0875,0.70296,0.4,0.911021,0.75,0.0262268,0.0001,0.00295167,999999,5.420165e-01,3,Indonesian Exclusive Economic Zone,WPP711,,SVDNB_npp_d20151003_t1908306_e1914110_b20379_c20151004011411684829_noaa_ops.h5,GDNBO_npp_d20151003_t1908306_e1914110_b20379_c20151004011411684577_noaa_ops.h5,SVI04_npp_d20151003_t1908306_e1914110_b20379_c20151004011412382962_noaa_ops.dspace_rad,VNFF_npp_d20151003_t1908306_e1914110_b20379_v21.csv,World_EEZ_v8_2014.shp,WPP_BFAR_merge.shp,KKP_IDN_merge_20161208.shp,VNF-VBD_npp_20120301-20151231_global_asia-enhanced_c201607211230.bitmask,NCEI_NGA.union.nga_lead2.add_2015ntl.mask,timezone.shp,VBD_platforms-recurring_2015_r20170330.shp,999999,VBD_bridges_c20160811.shp,25.640045;24.079651;21.102854;16.324032;11.511562;6.671830;1.810134;4.020473;6.006778;10.901870;15.807323;20.719898,83.680374;98.801964;113.308250;111.670303;110.194870;108.863319;107.657715;94.102837;80.376114;81.340813;82.213333;83.001831,npp_d20151003_t1908306_e1914110_b20379,143.005,90.2434,64.1842,-80.0201,42.3276,68.0934
1102,VBD_npp_d20151003_t1913227_x1060428E_y049957N_l2634_s3723_v23,2017-06-01 16:16:04,4.995714,106.042809,29.8442,2015-10-03 19:13:22,2015-10-04 03:13:22,2634,3723,0.327019,4,100837,0.53658,0.120887,0.62062,0.4,0.792972,0.75,0.0262464,0.0001,0.0029541,999999,8.076375e-02,3,Indonesian Exclusive Economic Zone,WPP711,,SVDNB_npp_d20151003_t1908306_e1914110_b20379_c20151004011411684829_noaa_ops.h5,GDNBO_npp_d20151003_t1908306_e1914110_b20379_c20151004011411684577_noaa_ops.h5,SVI04_npp_d20151003_t1908306_e1914110_b20379_c20151004011412382962_noaa_ops.dspace_rad,VNFF_npp_d20151003_t1908306_e1914110_b20379_v21.csv,World_EEZ_v8_2014.shp,WPP_BFAR_merge.shp,KKP_IDN_merge_20161208.shp,VNF-VBD_npp_20120301-20151231_global_asia-enhanced_c201607211230.bitmask,NCEI_NGA.union.nga_lead2.add_2015ntl.mask,timezone.shp,VBD_platforms-recurring_2015_r20170330.shp,999999,VBD_bridges_c20160811.shp,25.640045;24.079651;21.102854;16.324032;11.511562;6.671830;1.810134;4.020473;6.006778;10.901870;15.807323;20.719898,83.680374;98.801964;113.308250;111.670303;110.194870;108.863319;107.657715;94.102837;80.376114;81.340813;82.213333;83.001831,npp_d20151003_t1908306_e1914110_b20379,142.974,90.1234,64.2259,-79.9603,42.2631,68.1793
1104,VBD_npp_d20151003_t1913476_x1057220E_y035379N_l2861_s3728_v23,2017-06-01 16:16:04,3.537902,105.722015,43.6021,2015-10-03 19:13:47,2015-10-04 02:13:47,2861,3728,0.356609,8,18913,0.784949,0.120988,0.757679,0.4,0.91855,0.75,0.0258392,0.0001,0.0022268,999999,7.961139e-02,3,Indonesian Exclusive Economic Zone,WPP711,Kepulauan Anambas Marine Nature Recreational Park,SVDNB_npp_d20151003_t1908306_e1914110_b20379_c20151004011411684829_noaa_ops.h5,GDNBO_npp_d20151003_t1908306_e1914110_b20379_c20151004011411684577_noaa_ops.h5,SVI04_npp_d20151003_t1908306_e1914110_b20379_c20151004011412382962_noaa_ops.dspace_rad,VNFF_npp_d20151003_t1908306_e1914110_b20379_v21.csv,World_EEZ_v8_2014.shp,WPP_BFAR_merge.shp,KKP_IDN_merge_20161208.shp,VNF-VBD_npp_20120301-20151231_global_asia-enhanced_c201607211230.bitmask,NCEI_NGA.union.nga_lead2.add_2015ntl.mask,timezone.shp,VBD_platforms-recurring_2015_r20170330.shp,0.794948,VBD_bridges_c20160811.shp,25.640045;24.079651;21.102854;16.324032;11.511562;6.671830;1.810134;4.020473;6.006778;10.901870;15.807323;20.719898,83.680374;98.801964;113.308250;111.670303;110.194870;108.863319;107.657715;94.102837;80.376114;81.340813;82.213333;83.001831,npp_d20151003_t1908306_e1914110_b20379,143.163,92.0521,64.3127,-80.1664,43.0345,66.761
1107,VBD_npp_d20151003_t1913227_x1060972E_y049576N_l2638_s3732_v23,2017-06-01 16:16:04,4.957639,106.097176,146.235,2015-10-03 19:13:22,2015-10-04 03:13:22,2638,3732,0.412731,4,100837,0.95766,0.0967582,0.653537,0.4,0.908347,0.75,0.0262706,0.0001,0.00277725,999999,3.573869e-01,3,Indonesian Exclusive Economic Zone,WPP711,,SVDNB_npp_d20151003_t1908306_e1914110_b20379_c20151004011411684829_noaa_ops.h5,GDNBO_npp_d20151003_t1908306_e1914110_b20379_c20151004011411684577_noaa_ops.h5,SVI04_npp_d20151003_t1908306_e1914110_b20379_c20151004011412382962_noaa_ops.dspace_rad,VNFF_npp_d20151003_t1908306_e1914110_b20379_v21.csv,World_EEZ_v8_2014.shp,WPP_BFAR_merge.shp,KKP_IDN_merge_20161208.shp,VNF-VBD_npp_20120301-20151231_global_asia-enhanced_c201607211230.bitmask,NCEI_NGA.union.nga_lead2.add_2015ntl.mask,timezone.shp,VBD_platforms-recurring_2015_r20170330.shp,999999,VBD_bridges_c20160811.shp,25.640045;24.079651;21.102854;16.324032;11.511562;6.671830;1.810134;4.020473;6.006778;10.901870;15.807323;20.719898,83.680374;98.801964;113.308250;111.670303;110.194870;108.863319;107.657715;94.102837;80.376114;81.340813;82.213333;83.001831,npp_d20151003_t1908306_e1914110_b20379,142.92,90.1784,64.3906,-79.8183,42.2266,68.1215
1108,VBD_npp_d20151003_t1913494_x1057373E_y034646N_l2872_s3733_v23,2017-06-01 16:16:04,3.464610,105.737251,15.5311,2015-10-03 19:13:49,2015-10-04 02:13:49,2872,3733,0.358245,1,2529,0.532178,0.122568,0.760494,0.4,0.868856,0.75,0.0258316,0.0001,0.00224841,999999,6.149655e-02,3,Indonesian Exclusive Economic Zone,WPP711,Kepulauan Anambas Marine Nature Recreational Park,SVDNB_npp_d20151003_t1908306_e1914110_b20379_c20151004011411684829_noaa_ops.h5,GDNBO_npp_d20151003_t1908306_e1914110_b20379_c20151004011411684577_noaa_ops.h5,SVI04_npp_d20151003_t1908306_e1914110_b20379_c20151004011412382962_noaa_ops.dspace_rad,VNFF_npp_d20151003_t1908306_e1914110_b20379_v21.csv,World_EEZ_v8_2014.shp,WPP_BFAR_merge.shp,KKP_IDN_merge_20161208.shp,VNF-VBD_npp_20120301-20151231_global_asia-enhanced_c201607211230.bitmask,NCEI_NGA.union.nga_lead2.add_2015ntl.mask,timezone.shp,VBD_platforms-recurring_2015_r20170330.shp,999999,VBD_bridges_c20160811.shp,25.640045;24.079651;21.102854;16.324032;11.511562;6.671830;1.810134;4.020473;6.006778;10.901870;15.807323;20.719898,83.680374;98.801964;113.308250;111.670303;110.194870;108.863319;107.657715;94.102837;80.376114;81.340813;82.213333;83.001831,npp_d20151003_t1908306_e1914110_b20379,143.138,92.1501,64.4066,-80.3599,43.0431,66.6789
1111,VBD_npp_d20151003_t1913476_x1057882E_y035264N_l2861_s3738_v23,2017-06-01 16:16:04,3.526424,105.788185,19.9073,2015-10-03 19:13:47,2015-10-04 02:13:47,2861,3738,0.35668,8,18849,0.549288,0.122891,0.732634,0.4,0.688286,0.75,0.0258701,0.0001,0.00215374,999999,5.779393e-02,3,Indonesian Exclusive Economic Zone,WPP711,Kepulauan Anambas Marine Nature Recreational Park,SVDNB_npp_d20151003_t1908306_e1914110_b20379_c20151004011411684829_noaa_ops.h5,GDNBO_npp_d20151003_t1908306_e1914110_b20379_c20151004011411684577_noaa_ops.h5,SVI04_npp_d20151003_t1908306_e1914110_b20379_c20151004011412382962_noaa_ops.dspace_rad,VNFF_npp_d20151003_t1908306_e1914110_b20379_v21.csv,World_EEZ_v8_2014.shp,WPP_BFAR_merge.shp,KKP_IDN_merge_20161208.shp,VNF-VBD_npp_20120301-20151231_global_asia-enhanced_c201607211230.bitmask,NCEI_NGA.union.nga_lead2.add_2015ntl.mask,timezone.shp,VBD_platforms-recurring_2015_r20170330.shp,0.175677,VBD_bridges_c20160811.shp,25.640045;24.079651;21.102854;16.324032;11.511562;6.671830;1.810134;4.020473;6.006778;10.901870;15.807323;20.719898,83.680374;98.801964;113.308250;111.670303;110.194870;108.863319;107.657715;94.102837;80.376114;81.340813;82.213333;83.001831,npp_d20151003_t1908306_e1914110_b20379,143.096,92.0683,64.4962,-80.1627,42.9777,66.7249
1113,VBD_npp_d20151003_t1913494_x1058262E_y034629N_l2870_s3746_v23,2017-06-01 16:16:04,3.462895,105.826210,17.1643,2015-10-03 19:13:49,2015-10-04 02:13:49,2870,3746,0.349781,8,18849,0.41959,0.144388,0.669087,0.4,0.712733,0.75,0.025876,0.0001,0.00218854,999999,-1.886664e-01,3,Indonesian Exclusive Economic Zone,WPP711,Kepulauan Anambas Marine Nature Recreational Park,SVDNB_npp_d20151003_t1908306_e1914110_b20379_c20151004011411684829_noaa_ops.h5,GDNBO_npp_d20151003_t1908306_e1914110_b20379_c20151004011411684577_noaa_ops.h5,SVI04_npp_d20151003_t1908306_e1914110_b20379_c20151004011412382962_noaa_ops.dspace_rad,VNFF_npp_d20151003_t1908306_e1914110_b20379_v21.csv,World_EEZ_v8_2014.shp,WPP_BFAR_merge.shp,KKP_IDN_merge_20161208.shp,VNF-VBD_npp_20120301-20151231_global_asia-enhanced_c201607211230.bitmask,NCEI_NGA.union.nga_lead2.add_2015ntl.mask,timezone.shp,VBD_platforms-recurring_2015_r20170330.shp,0.524766,VBD_bridges_c20160811.shp,25.640045;24.079651;21.102854;16.324032;11.511562;6.671830;1.810134;4.020473;6.006778;10.901870;15.807323;20.719898,83.680374;98.801964;113.308250;111.670303;110.194870;108.863319;107.657715;94.102837;80.376114;81.340813;82.213333;83.001831,npp_d20151003_t1908306_e1914110_b20379,143.049,92.1533,64.6459,-80.4194,42.9612,66.644
1114,VBD_npp_d20151003_t1913529_x1057850E_y032571N_l2902_s3747_v23,2017-06-01 16:16:04,3.257087,105.784966,16.8022,2015-10-03 19:13:52,2015-10-04 02:13:52,2902,3747,0.317487,8,18913,0.50608,0.149832,0.7649,0.4,0.837271,0.75,0.025811,0.0001,0.00210317,999999,-2.510775e-01,3,Indonesian Exclusive Economic Zone,WPP711,,SVDNB_npp_d20151003_t1908306_e1914110_b20379_c20151004011411684829_noaa_ops.h5,GDNBO_npp_d20151003_t1908306_e1914110_b20379_c20151004011411684577_noaa_ops.h5,SVI04_npp_d20151003_t1908306_e1914110_b20379_c20151004011412382962_noaa_ops.dspace_rad,VNFF_npp_d20151003_t1908306_e1914110_b20379_v21.csv,World_EEZ_v8_2014.shp,WPP_BFAR_merge.shp,KKP_IDN_merge_20161208.shp,VNF-VBD_npp_20120301-20151231_global_asia-enhanced_c201607211230.bitmask,NCEI_NGA.union.nga_lead2.add_2015ntl.mask,timezone.shp,VBD_platforms-recurring_2015_r20170330.shp,0.371865,VBD_bridges_c20160811.shp,25.640045;24.079651;21.102854;16.324032;11.511562;6.671830;1.810134;4.020473;6.006778;10.901870;15.807323;20.719898,83.680374;98.801964;113.308250;111.670303;110.194870;108.863319;107.657715;94.102837;80.376114;81.340813;82.213333;83.001831,npp_d20151003_t1908306_e1914110_b20379,143.067,92.4267,64.6674,-80.4636,43.0691,66.4471
1115,VBD_npp_d20151003_t1913512_x1058063E_y033049N_l2894_s3748_v23,2017-06-01 16:16:04,3.304854,105.806259,17.1952,2015-10-03 19:13:51,2015-10-04 02:13:51,2894,3748,0.324956,8,18913,0.465271,0.135939,0.758633,0.4,0.806316,0.75,0.0258312,0.0001,0.001993,999999,-9.180299e-02,3,Indonesian Exclusive Economic Zone,WPP711,,SVDNB_npp_d20151003_t1908306_e1914110_b20379_c20151004011411684829_noaa_ops.h5,GDNBO_npp_d20151003_t1908306_e1914110_b20379_c20151004011411684577_noaa_ops.h5,SVI04_npp_d20151003_t1908306_e1914110_b20379_c20151004011412382962_noaa_ops.dspace_rad,VNFF_npp_d20151003_t1908306_e1914110_b20379_v21.csv,World_EEZ_v8_2014.shp,WPP_BFAR_merge.shp,KKP_IDN_merge_20161208.shp,VNF-VBD_npp_20120301-20151231_global_asia-enhanced_c201607211230.bitmask,NCEI_NGA.union.nga_lead2.add_2015ntl.mask,timezone.shp,VBD_platforms-recurring_2015_r20170330.shp,0.699012,VBD_bridges_c20160811.shp,25.640045;24.079651;21.102854;16.324032;11.511562;6.671830;1.810134;4.020473;6.006778;10.901870;15.807323;20.719898,83.680374;98.801964;113.308250;111.670303;110.194870;108.863319;107.657715;94.102837;80.376114;81.340813;82.213333;83.001831,npp_d20151003_t1908306_e1914110_b20379,143.055,92.3632,64.6835,-80.1776,43.0367,66.4897
1118,VBD_npp_d20151003_t1913512_x1058592E_y032888N_l2895_s3756_v23,2017-06-01 16:16:04,3.288832,105.859184,27.7148,2015-10-03 19:13:51,2015-10-04 02:13:51,2895,3756,0.347149,8,18913,0.695346,0.121504,0.769759,0.4,0.890366,0.75,0.0258538,0.0001,0.00192189,999999,7.369017e-02,3,Indonesian Exclusive Economic Zone,WPP711,,SVDNB_npp_d20151003_t1908306_e1914110_b20379_c20151004011411684829_noaa_ops.h5,GDNBO_npp_d20151003_t1908306_e1914110_b20379_c20151004011411684577_noaa_ops.h5,SVI04_npp_d20151003_t1908306_e1914110_b20379_c20151004011412382962_noaa_ops.dspace_rad,VNFF_npp_d20151003_t1908306_e1914110_b20379_v21.csv,World_EEZ_v8_2014.shp,WPP_BFAR_merge.shp,KKP_IDN_merge_20161208.shp,VNF-VBD_npp_20120301-20151231_global_asia-enhanced_c201607211230.bitmask,NCEI_NGA.union.nga_lead2.add_2015ntl.mask,timezone.shp,VBD_platforms-recurring_2015_r20170330.shp,0.175694,VBD_bridges_c20160811.shp,25.640045;24.079651;21.102854;16.324032;11.511562;6.671830;1.810134;4.020473;6.006778;10.901870;15.807323;20.719898,83.680374;98.801964;113.308250;111.670303;110.194870;108.863319;107.657715;94.102837;80.376114;81.340813;82.213333;83.001831,npp_d20151003_t1908306_e1914110_b20379,143.002,92.3846,64.8315,-80.1422,42.9942,66.4535
1119,VBD_npp_d20151003_t1913494_x1058902E_y033903N_l2879_s3757_v23,2017-06-01 16:16:04,3.390329,105.890182,14.3517,2015-10-03 19:13:49,2015-10-04 02:13:49,2879,3757,0.322466,8,18913,0.39898,0.139679,0.584498,0.4,0.754245,0.75,0.025891,0.0001,0.00195194,999999,-1.346780e-01,3,Indonesian Exclusive Economic Zone,WPP711,Kepulauan Anambas Marine Nature Recreational Park,SVDNB_npp_d20151003_t1908306_e1914110_b20379_c20151004011411684829_noaa_ops.h5,GDNBO_npp_d20151003_t1908306_e1914110_b20379_c20151004011411684577_noaa_ops.h5,SVI04_npp_d20151003_t1908306_e1914110_b20379_c20151004011412382962_noaa_ops.dspace_rad,VNFF_npp_d20151003_t1908306_e1914110_b20379_v21.csv,World_EEZ_v8_2014.shp,WPP_BFAR_merge.shp,KKP_IDN_merge_20161208.shp,VNF-VBD_npp_20120301-20151231_global_asia-enhanced_c201607211230.bitmask,NCEI_NGA.union.nga_lead2.add_2015ntl.mask,timezone.shp,VBD_platforms-recurring_2015_r20170330.shp,0.221965,VBD_bridges_c20160811.shp,25.640045;24.079651;21.102854;16.324032;11.511562;6.671830;1.810134;4.020473;6.006778;10.901870;15.807323;20.719898,83.680374;98.801964;113.308250;111.670303;110.194870;108.863319;107.657715;94.102837;80.376114;81.340813;82.213333;83.001831,npp_d20151003_t1908306_e1914110_b20379,142.982,92.2502,64.849,-80.1214,42.9311,66.5467
1120,VBD_npp_d20151003_t1913458_x1059957E_y036262N_l2841_s3764_v23,2017-06-01 16:16:04,3.626236,105.995728,15.7595,2015-10-03 19:13:45,2015-10-04 02:13:45,2841,3764,0.270256,8,18913,0.482362,0.137375,0.702076,0.4,0.806822,0.75,0.0259925,0.0001,0.00207734,999999,-1.082620e-01,3,Indonesian Exclusive Economic Zone,WPP711,Kepulauan Anambas Marine Nature Recreational Park,SVDNB_npp_d20151003_t1908306_e1914110_b20379_c20151004011411684829_noaa_ops.h5,GDNBO_npp_d20151003_t1908306_e1914110_b20379_c20151004011411684577_noaa_ops.h5,SVI04_npp_d20151003_t1908306_e1914110_b20379_c20151004011412382962_noaa_ops.dspace_rad,VNFF_npp_d20151003_t1908306_e1914110_b20379_v21.csv,World_EEZ_v8_2014.shp,WPP_BFAR_merge.shp,KKP_IDN_merge_20161208.shp,VNF-VBD_npp_20120301-20151231_global_asia-enhanced_c201607211230.bitmask,NCEI_NGA.union.nga_lead2.add_2015ntl.mask,timezone.shp,VBD_platforms-recurring_2015_r20170330.shp,0.946565,VBD_bridges_c20160811.shp,25.640045;24.079651;21.102854;16.324032;11.511562;6.671830;1.810134;4.020473;6.006778;10.901870;15.807323;20.719898,83.680374;98.801964;113.308250;111.670303;110.194870;108.863319;107.657715;94.102837;80.376114;81.340813;82.213333;83.001831,npp_d20151003_t1908306_e1914110_b20379,142.9,91.9392,64.9836,-80.2693,42.7517,66.7514
1121,VBD_npp_d20151003_t1913458_x1060013E_y035771N_l2848_s3766_v23,2017-06-01 16:16:04,3.577085,106.001328,7.47047,2015-10-03 19:13:45,2015-10-04 02:13:45,2848,3766,0.2906,8,18849,0.26906,0.146266,0.638169,0.4,0.720003,0.75,0.025984,0.0001,0.00194338,999999,-2.101967e-01,3,Indonesian Exclusive Economic Zone,WPP711,Kepulauan Anambas Marine Nature Recreational Park,SVDNB_npp_d20151003_t1908306_e1914110_b20379_c20151004011411684829_noaa_ops.h5,GDNBO_npp_d20151003_t1908306_e1914110_b20379_c20151004011411684577_noaa_ops.h5,SVI04_npp_d20151003_t1908306_e1914110_b20379_c20151004011412382962_noaa_ops.dspace_rad,VNFF_npp_d20151003_t1908306_e1914110_b20379_v21.csv,World_EEZ_v8_2014.shp,WPP_BFAR_merge.shp,KKP_IDN_merge_20161208.shp,VNF-VBD_npp_20120301-20151231_global_asia-enhanced_c201607211230.bitmask,NCEI_NGA.union.nga_lead2.add_2015ntl.mask,timezone.shp,VBD_platforms-recurring_2015_r20170330.shp,0.76325,VBD_bridges_c20160811.shp,25.640045;24.079651;21.102854;16.324032;11.511562;6.671830;1.810134;4.020473;6.006778;10.901870;15.807323;20.719898,83.680374;98.801964;113.308250;111.670303;110.194870;108.863319;107.657715;94.102837;80.376114;81.340813;82.213333;83.001831,npp_d20151003_t1908306_e1914110_b20379,142.893,92.0042,65.0207,-80.0406,42.7662,66.6993
1122,VBD_npp_d20151003_t1913512_x1059332E_y032691N_l2896_s3767_v23,2017-06-01 16:16:04,3.269091,105.933167,11.2711,2015-10-03 19:13:51,2015-10-04 02:13:51,2896,3767,0.345726,8,18913,0.378771,0.144239,0.669481,0.4,0.766172,0.75,0.0258857,0.0001,0.00183288,999999,-1.869538e-01,3,Indonesian Exclusive Economic Zone,WPP711,,SVDNB_npp_d20151003_t1908306_e1914110_b20379_c20151004011411684829_noaa_ops.h5,GDNBO_npp_d20151003_t1908306_e1914110_b20379_c20151004011411684577_noaa_ops.h5,SVI04_npp_d20151003_t1908306_e1914110_b20379_c20151004011412382962_noaa_ops.dspace_rad,VNFF_npp_d20151003_t1908306_e1914110_b20379_v21.csv,World_EEZ_v8_2014.shp,WPP_BFAR_merge.shp,KKP_IDN_merge_20161208.shp,VNF-VBD_npp_20120301-20151231_global_asia-enhanced_c201607211230.bitmask,NCEI_NGA.union.nga_lead2.add_2015ntl.mask,timezone.shp,VBD_platforms-recurring_2015_r20170330.shp,0.551473,VBD_bridges_c20160811.shp,25.640045;24.079651;21.102854;16.324032;11.511562;6.671830;1.810134;4.020473;6.006778;10.901870;15.807323;20.719898,83.680374;98.801964;113.308250;111.670303;110.194870;108.863319;107.657715;94.102837;80.376114;81.340813;82.213333;83.001831,npp_d20151003_t1908306_e1914110_b20379,142.927,92.4109,65.0358,-80.1058,42.9336,66.4054
1123,VBD_npp_d20151003_t1914107_x1056788E_y022182N_l3061_s3767_v23,2017-06-01 16:16:04,2.218212,105.678772,14.6809,2015-10-03 19:14:10,2015-10-04 02:14:10,3061,3767,0.26613,8,18913,0.44319,0.121435,0.645302,0.4,0.771713,0.75,0.0257197,0.0001,0.00164367,999999,7.447587e-02,3,Indonesian Exclusive Economic Zone,WPP711,,SVDNB_npp_d20151003_t1908306_e1914110_b20379_c20151004011411684829_noaa_ops.h5,GDNBO_npp_d20151003_t1908306_e1914110_b20379_c20151004011411684577_noaa_ops.h5,SVI04_npp_d20151003_t1908306_e1914110_b20379_c20151004011412382962_noaa_ops.dspace_rad,VNFF_npp_d20151003_t1908306_e1914110_b20379_v21.csv,World_EEZ_v8_2014.shp,WPP_BFAR_merge.shp,KKP_IDN_merge_20161208.shp,VNF-VBD_npp_20120301-20151231_global_asia-enhanced_c201607211230.bitmask,NCEI_NGA.union.nga_lead2.add_2015ntl.mask,timezone.shp,VBD_platforms-recurring_2015_r20170330.shp,0.535189,VBD_bridges_c20160811.shp,25.640045;24.079651;21.102854;16.324032;11.511562;6.671830;1.810134;4.020473;6.006778;10.901870;15.807323;20.719898,83.680374;98.801964;113.308250;111.670303;110.194870;108.863319;107.657715;94.102837;80.376114;81.340813;82.213333;83.001831,npp_d20151003_t1908306_e1914110_b20379,143.042,93.8069,65.0363,-80.7106,43.53,65.4308
1124,VBD_npp_d20151003_t1913476_x1060054E_y035728N_l2849_s3768_v23,2017-06-01 16:16:04,3.572841,106.005440,7.67292,2015-10-03 19:13:47,2015-10-04 02:13:47,2849,3768,0.285478,8,18849,0.241384,0.139593,0.625053,0.4,0.6826,0.75,0.0259881,0.0001,0.00215451,999999,-1.336926e-01,3,Indonesian Exclusive Economic Zone,WPP711,Kepulauan Anambas Marine Nature Recreational Park,SVDNB_npp_d20151003_t1908306_e1914110_b20379_c20151004011411684829_noaa_ops.h5,GDNBO_npp_d20151003_t1908306_e1914110_b20379_c20151004011411684577_noaa_ops.h5,SVI04_npp_d20151003_t1908306_e1914110_b20379_c20151004011412382962_noaa_ops.dspace_rad,VNFF_npp_d20151003_t1908306_e1914110_b20379_v21.csv,World_EEZ_v8_2014.shp,WPP_BFAR_merge.shp,KKP_IDN_merge_20161208.shp,VNF-VBD_npp_20120301-20151231_global_asia-enhanced_c201607211230.bitmask,NCEI_NGA.union.nga_lead2.add_2015ntl.mask,timezone.shp,VBD_platforms-recurring_2015_r20170330.shp,0.264238,VBD_bridges_c20160811.shp,25.640045;24.079651;21.102854;16.324032;11.511562;6.671830;1.810134;4.020473;6.006778;10.901870;15.807323;20.719898,83.680374;98.801964;113.308250;111.670303;110.194870;108.863319;107.657715;94.102837;80.376114;81.340813;82.213333;83.001831,npp_d20151003_t1908306_e1914110_b20379,142.881,92.01,65.0523,-80.5489,42.7575,66.6908
1125,VBD_npp_d20151003_t1913529_x1059337E_y032663N_l2897_s3768_v23,2017-06-01 16:16:04,3.266329,105.933716,16.2018,2015-10-03 19:13:52,2015-10-04 02:13:52,2897,3768,0.316278,8,18849,0.504575,0.127753,0.669481,0.4,0.738114,0.75,0.0258867,0.0001,0.00204084,999999,2.053241e-03,3,Indonesian Exclusive Economic Zone,WPP711,,SVDNB_npp_d20151003_t1908306_e1914110_b20379_c20151004011411684829_noaa_ops.h5,GDNBO_npp_d20151003_t1908306_e1914110_b20379_c20151004011411684577_noaa_ops.h5,SVI04_npp_d20151003_t1908306_e1914110_b20379_c20151004011412382962_noaa_ops.dspace_rad,VNFF_npp_d20151003_t1908306_e1914110_b20379_v21.csv,World_EEZ_v8_2014.shp,WPP_BFAR_merge.shp,KKP_IDN_merge_20161208.shp,VNF-VBD_npp_20120301-20151231_global_asia-enhanced_c201607211230.bitmask,NCEI_NGA.union.nga_lead2.add_2015ntl.mask,timezone.shp,VBD_platforms-recurring_2015_r20170330.shp,0.421787,VBD_bridges_c20160811.shp,25.640045;24.079651;21.102854;16.324032;11.511562;6.671830;1.810134;4.020473;6.006778;10.901870;15.807323;20.719898,83.680374;98.801964;113.308250;111.670303;110.194870;108.863319;107.657715;94.102837;80.376114;81.340813;82.213333;83.001831,npp_d20151003_t1908306_e1914110_b20379,142.919,92.4146,65.0574,-80.6183,42.9276,66.3997
1126,VBD_npp_d20151003_t1913369_x1062291E_y041662N_l2754_s3779_v23,2017-06-01 16:16:04,4.166207,106.229111,26.7343,2015-10-03 19:13:36,2015-10-04 02:13:36,2754,3779,0.394949,4,100837,0.648304,0.0875,0.74974,0.4,0.882472,0.75,0.0262202,0.0001,0.00228599,999999,7.659150e-01,3,Indonesian Exclusive Economic Zone,WPP711,,SVDNB_npp_d20151003_t1908306_e1914110_b20379_c20151004011411684829_noaa_ops.h5,GDNBO_npp_d20151003_t1908306_e1914110_b20379_c20151004011411684577_noaa_ops.h5,SVI04_npp_d20151003_t1908306_e1914110_b20379_c20151004011412382962_noaa_ops.dspace_rad,VNFF_npp_d20151003_t1908306_e1914110_b20379_v21.csv,World_EEZ_v8_2014.shp,WPP_BFAR_merge.shp,KKP_IDN_merge_20161208.shp,VNF-VBD_npp_20120301-20151231_global_asia-enhanced_c201607211230.bitmask,NCEI_NGA.union.nga_lead2.add_2015ntl.mask,timezone.shp,VBD_platforms-recurring_2015_r20170330.shp,999999,VBD_bridges_c20160811.shp,25.640045;24.079651;21.102854;16.324032;11.511562;6.671830;1.810134;4.020473;6.006778;10.901870;15.807323;20.719898,83.680374;98.801964;113.308250;111.670303;110.194870;108.863319;107.657715;94.102837;80.376114;81.340813;82.213333;83.001831,npp_d20151003_t1908306_e1914110_b20379,142.72,91.2339,65.2577,-80.3751,42.3543,67.2327
1127,VBD_npp_d20151003_t1914107_x1058216E_y021669N_l3065_s3789_v23,2017-06-01 16:16:04,2.166855,105.821556,7.84739,2015-10-03 19:14:10,2015-10-04 02:14:10,3065,3789,0.293658,8,18849,0.274362,0.150379,0.548725,0.4,0.704833,0.75,0.0257866,0.0001,0.00146627,999999,-2.573496e-01,3,Indonesian Exclusive Economic Zone,WPP711,,SVDNB_npp_d20151003_t1908306_e1914110_b20379_c20151004011411684829_noaa_ops.h5,GDNBO_npp_d20151003_t1908306_e1914110_b20379_c20151004011411684577_noaa_ops.h5,SVI04_npp_d20151003_t1908306_e1914110_b20379_c20151004011412382962_noaa_ops.dspace_rad,VNFF_npp_d20151003_t1908306_e1914110_b20379_v21.csv,World_EEZ_v8_2014.shp,WPP_BFAR_merge.shp,KKP_IDN_merge_20161208.shp,VNF-VBD_npp_20120301-20151231_global_asia-enhanced_c201607211230.bitmask,NCEI_NGA.union.nga_lead2.add_2015ntl.mask,timezone.shp,VBD_platforms-recurring_2015_r20170330.shp,0.974503,VBD_bridges_c20160811.shp,25.640045;24.079651;21.102854;16.324032;11.511562;6.671830;1.810134;4.020473;6.006778;10.901870;15.807323;20.719898,83.680374;98.801964;113.308250;111.670303;110.194870;108.863319;107.657715;94.102837;80.376114;81.340813;82.213333;83.001831,npp_d20151003_t1908306_e1914110_b20379,142.897,93.8677,65.4317,-80.5749,43.4203,65.3217
1128,VBD_npp_d20151003_t1914001_x1059925E_y027271N_l2976_s3794_v23,2017-06-01 16:16:04,2.727084,105.992508,6.44438,2015-10-03 19:14:00,2015-10-04 02:14:00,2976,3794,0.22395,2,2465,0.199808,0.161135,0.404729,0.4,0.670849,0.75,0.0258018,0.0001,0.00151752,999999,-3.806535e-01,3,Indonesian Exclusive Economic Zone,WPP711,,SVDNB_npp_d20151003_t1908306_e1914110_b20379_c20151004011411684829_noaa_ops.h5,GDNBO_npp_d20151003_t1908306_e1914110_b20379_c20151004011411684577_noaa_ops.h5,SVI04_npp_d20151003_t1908306_e1914110_b20379_c20151004011412382962_noaa_ops.dspace_rad,VNFF_npp_d20151003_t1908306_e1914110_b20379_v21.csv,World_EEZ_v8_2014.shp,WPP_BFAR_merge.shp,KKP_IDN_merge_20161208.shp,VNF-VBD_npp_20120301-20151231_global_asia-enhanced_c201607211230.bitmask,NCEI_NGA.union.nga_lead2.add_2015ntl.mask,timezone.shp,VBD_platforms-recurring_2015_r20170330.shp,999999,VBD_bridges_c20160811.shp,25.640045;24.079651;21.102854;16.324032;11.511562;6.671830;1.810134;4.020473;6.006778;10.901870;15.807323;20.719898,83.680374;98.801964;113.308250;111.670303;110.194870;108.863319;107.657715;94.102837;80.376114;81.340813;82.213333;83.001831,npp_d20151003_t1908306_e1914110_b20379,142.805,93.1248,65.5221,-80.2121,43.0678,65.8245
1129,VBD_npp_d20151003_t1914018_x1059929E_y027247N_l2977_s3795_v23,2017-06-01 16:16:04,2.724699,105.992897,5.06431,2015-10-03 19:14:01,2015-10-04 02:14:01,2977,3795,0.219682,2,2209,0.1509,0.131401,0.407503,0.4,0.503004,0.75,0.0258049,0.0001,0.00169428,999999,-3.977732e-02,3,Indonesian Exclusive Economic Zone,WPP711,,SVDNB_npp_d20151003_t1908306_e1914110_b20379_c20151004011411684829_noaa_ops.h5,GDNBO_npp_d20151003_t1908306_e1914110_b20379_c20151004011411684577_noaa_ops.h5,SVI04_npp_d20151003_t1908306_e1914110_b20379_c20151004011412382962_noaa_ops.dspace_rad,VNFF_npp_d20151003_t1908306_e1914110_b20379_v21.csv,World_EEZ_v8_2014.shp,WPP_BFAR_merge.shp,KKP_IDN_merge_20161208.shp,VNF-VBD_npp_20120301-20151231_global_asia-enhanced_c201607211230.bitmask,NCEI_NGA.union.nga_lead2.add_2015ntl.mask,timezone.shp,VBD_platforms-recurring_2015_r20170330.shp,999999,VBD_bridges_c20160811.shp,25.640045;24.079651;21.102854;16.324032;11.511562;6.671830;1.810134;4.020473;6.006778;10.901870;15.807323;20.719898,83.680374;98.801964;113.308250;111.670303;110.194870;108.863319;107.657715;94.102837;80.376114;81.340813;82.213333;83.001831,npp_d20151003_t1908306_e1914110_b20379,142.797,93.1277,65.5426,-80.7183,43.0619,65.8191
1130,VBD_npp_d20151003_t1914107_x1058842E_y021355N_l3068_s3799_v23,2017-06-01 16:16:04,2.135472,105.884186,15.117,2015-10-03 19:14:10,2015-10-04 02:14:10,3068,3799,0.246072,1,2529,0.442002,0.155717,0.630584,0.4,0.812805,0.75,0.025817,0.0001,0.0013769,999999,-3.185469e-01,3,Indonesian Exclusive Economic Zone,WPP711,,SVDNB_npp_d20151003_t1908306_e1914110_b20379_c20151004011411684829_noaa_ops.h5,GDNBO_npp_d20151003_t1908306_e1914110_b20379_c20151004011411684577_noaa_ops.h5,SVI04_npp_d20151003_t1908306_e1914110_b20379_c20151004011412382962_noaa_ops.dspace_rad,VNFF_npp_d20151003_t1908306_e1914110_b20379_v21.csv,World_EEZ_v8_2014.shp,WPP_BFAR_merge.shp,KKP_IDN_merge_20161208.shp,VNF-VBD_npp_20120301-20151231_global_asia-enhanced_c201607211230.bitmask,NCEI_NGA.union.nga_lead2.add_2015ntl.mask,timezone.shp,VBD_platforms-recurring_2015_r20170330.shp,999999,VBD_bridges_c20160811.shp,25.640045;24.079651;21.102854;16.324032;11.511562;6.671830;1.810134;4.020473;6.006778;10.901870;15.807323;20.719898,83.680374;98.801964;113.308250;111.670303;110.194870;108.863319;107.657715;94.102837;80.376114;81.340813;82.213333;83.001831,npp_d20151003_t1908306_e1914110_b20379,142.832,93.9058,65.6072,-80.4753,43.376,65.2648
1131,VBD_npp_d20151003_t1913423_x1062928E_y038369N_l2802_s3800_v23,2017-06-01 16:16:04,3.836865,106.292801,15.1787,2015-10-03 19:13:42,2015-10-04 02:13:42,2802,3800,0.337048,8,18913,0.448077,0.125509,0.631545,0.4,0.826747,0.75,0.0261838,0.0001,0.0020233,999999,2.778089e-02,3,Indonesian Exclusive Economic Zone,WPP711,,SVDNB_npp_d20151003_t1908306_e1914110_b20379_c20151004011411684829_noaa_ops.h5,GDNBO_npp_d20151003_t1908306_e1914110_b20379_c20151004011411684577_noaa_ops.h5,SVI04_npp_d20151003_t1908306_e1914110_b20379_c20151004011412382962_noaa_ops.dspace_rad,VNFF_npp_d20151003_t1908306_e1914110_b20379_v21.csv,World_EEZ_v8_2014.shp,WPP_BFAR_merge.shp,KKP_IDN_merge_20161208.shp,VNF-VBD_npp_20120301-20151231_global_asia-enhanced_c201607211230.bitmask,NCEI_NGA.union.nga_lead2.add_2015ntl.mask,timezone.shp,VBD_platforms-recurring_2015_r20170330.shp,0.343777,VBD_bridges_c20160811.shp,25.640045;24.079651;21.102854;16.324032;11.511562;6.671830;1.810134;4.020473;6.006778;10.901870;15.807323;20.719898,83.680374;98.801964;113.308250;111.670303;110.194870;108.863319;107.657715;94.102837;80.376114;81.340813;82.213333;83.001831,npp_d20151003_t1908306_e1914110_b20379,142.625,91.6689,65.6253,-80.4365,42.4051,66.8616
1132,VBD_npp_d20151003_t1913369_x1064683E_y040479N_l2765_s3817_v23,2017-06-01 16:16:04,4.047853,106.468323,10.2047,2015-10-03 19:13:36,2015-10-04 02:13:36,2765,3817,0.265846,4,100773,0.223582,0.118119,0.419154,0.4,0.62425,0.75,0.0263126,0.0001,0.00183302,999999,1.124985e-01,3,Indonesian Exclusive Economic Zone,WPP711,,SVDNB_npp_d20151003_t1908306_e1914110_b20379_c20151004011411684829_noaa_ops.h5,GDNBO_npp_d20151003_t1908306_e1914110_b20379_c20151004011411684577_noaa_ops.h5,SVI04_npp_d20151003_t1908306_e1914110_b20379_c20151004011412382962_noaa_ops.dspace_rad,VNFF_npp_d20151003_t1908306_e1914110_b20379_v21.csv,World_EEZ_v8_2014.shp,WPP_BFAR_merge.shp,KKP_IDN_merge_20161208.shp,VNF-VBD_npp_20120301-20151231_global_asia-enhanced_c201607211230.bitmask,NCEI_NGA.union.nga_lead2.add_2015ntl.mask,timezone.shp,VBD_platforms-recurring_2015_r20170330.shp,999999,VBD_bridges_c20160811.shp,25.640045;24.079651;21.102854;16.324032;11.511562;6.671830;1.810134;4.020473;6.006778;10.901870;15.807323;20.719898,83.680374;98.801964;113.308250;111.670303;110.194870;108.863319;107.657715;94.102837;80.376114;81.340813;82.213333;83.001831,npp_d20151003_t1908306_e1914110_b20379,142.478,91.3987,65.9253,-80.0012,42.1782,67.0228
1133,VBD_npp_d20151003_t1914018_x1061433E_y026365N_l2986_s3819_v23,2017-06-01 16:16:04,2.636507,106.143318,11.3801,2015-10-03 19:14:01,2015-10-04 02:14:01,2986,3819,0.253683,8,18849,0.276514,0.120156,0.533112,0.4,0.614915,0.75,0.0258778,0.0001,0.00143568,999999,8.914334e-02,3,Indonesian Exclusive Economic Zone,WPP711,Kepulauan Anambas Marine Nature Recreational Park,SVDNB_npp_d20151003_t1908306_e1914110_b20379_c20151004011411684829_noaa_ops.h5,GDNBO_npp_d20151003_t1908306_e1914110_b20379_c20151004011411684577_noaa_ops.h5,SVI04_npp_d20151003_t1908306_e1914110_b20379_c20151004011412382962_noaa_ops.dspace_rad,VNFF_npp_d20151003_t1908306_e1914110_b20379_v21.csv,World_EEZ_v8_2014.shp,WPP_BFAR_merge.shp,KKP_IDN_merge_20161208.shp,VNF-VBD_npp_20120301-20151231_global_asia-enhanced_c201607211230.bitmask,NCEI_NGA.union.nga_lead2.add_2015ntl.mask,timezone.shp,VBD_platforms-recurring_2015_r20170330.shp,0.214062,VBD_bridges_c20160811.shp,25.640045;24.079651;21.102854;16.324032;11.511562;6.671830;1.810134;4.020473;6.006778;10.901870;15.807323;20.719898,83.680374;98.801964;113.308250;111.670303;110.194870;108.863319;107.657715;94.102837;80.376114;81.340813;82.213333;83.001831,npp_d20151003_t1908306_e1914110_b20379,142.642,93.2395,65.9655,-80.4196,42.9598,65.6702
1134,VBD_npp_d20151003_t1914001_x1062169E_y027025N_l2974_s3827_v23,2017-06-01 16:16:04,2.702508,106.216888,10.8738,2015-10-03 19:14:00,2015-10-04 02:14:00,2974,3827,0.287185,1,2529,0.399474,0.136599,0.702696,0.4,0.798343,0.75,0.0259022,0.0001,0.00137219,999999,-9.936553e-02,3,Indonesian Exclusive Economic Zone,WPP711,Kepulauan Anambas Marine Nature Recreational Park,SVDNB_npp_d20151003_t1908306_e1914110_b20379_c20151004011411684829_noaa_ops.h5,GDNBO_npp_d20151003_t1908306_e1914110_b20379_c20151004011411684577_noaa_ops.h5,SVI04_npp_d20151003_t1908306_e1914110_b20379_c20151004011412382962_noaa_ops.dspace_rad,VNFF_npp_d20151003_t1908306_e1914110_b20379_v21.csv,World_EEZ_v8_2014.shp,WPP_BFAR_merge.shp,KKP_IDN_merge_20161208.shp,VNF-VBD_npp_20120301-20151231_global_asia-enhanced_c201607211230.bitmask,NCEI_NGA.union.nga_lead2.add_2015ntl.mask,timezone.shp,VBD_platforms-recurring_2015_r20170330.shp,999999,VBD_bridges_c20160811.shp,25.640045;24.079651;21.102854;16.324032;11.511562;6.671830;1.810134;4.020473;6.006778;10.901870;15.807323;20.719898,83.680374;98.801964;113.308250;111.670303;110.194870;108.863319;107.657715;94.102837;80.376114;81.340813;82.213333;83.001831,npp_d20151003_t1908306_e1914110_b20379,142.579,93.1515,66.1058,-80.2676,42.8711,65.7094
1135,VBD_npp_d20151003_t1914090_x1060987E_y022051N_l3052_s3827_v23,2017-06-01 16:16:04,2.205106,106.098717,10.271,2015-10-03 19:14:09,2015-10-04 02:14:09,3052,3827,0.304043,1,2529,0.363918,0.126238,0.648133,0.4,0.813547,0.75,0.0259022,0.0001,0.00126592,999999,1.941640e-02,3,Indonesian Exclusive Economic Zone,WPP711,,SVDNB_npp_d20151003_t1908306_e1914110_b20379_c20151004011411684829_noaa_ops.h5,GDNBO_npp_d20151003_t1908306_e1914110_b20379_c20151004011411684577_noaa_ops.h5,SVI04_npp_d20151003_t1908306_e1914110_b20379_c20151004011412382962_noaa_ops.dspace_rad,VNFF_npp_d20151003_t1908306_e1914110_b20379_v21.csv,World_EEZ_v8_2014.shp,WPP_BFAR_merge.shp,KKP_IDN_merge_20161208.shp,VNF-VBD_npp_20120301-20151231_global_asia-enhanced_c201607211230.bitmask,NCEI_NGA.union.nga_lead2.add_2015ntl.mask,timezone.shp,VBD_platforms-recurring_2015_r20170330.shp,999999,VBD_bridges_c20160811.shp,25.640045;24.079651;21.102854;16.324032;11.511562;6.671830;1.810134;4.020473;6.006778;10.901870;15.807323;20.719898,83.680374;98.801964;113.308250;111.670303;110.194870;108.863319;107.657715;94.102837;80.376114;81.340813;82.213333;83.001831,npp_d20151003_t1908306_e1914110_b20379,142.63,93.804,66.1071,-80.4443,43.156,65.2471
1136,VBD_npp_d20151003_t1913316_x1066423E_y044074N_l2707_s3830_v23,2017-06-01 16:16:04,4.407372,106.642258,12.0922,2015-10-03 19:13:31,2015-10-04 02:13:31,2707,3830,0.357961,4,51621,0.338064,0.0970032,0.607861,0.4,0.65883,0.75,0.0264721,0.0001,0.00201436,999999,3.545787e-01,3,Indonesian Exclusive Economic Zone,WPP711,,SVDNB_npp_d20151003_t1908306_e1914110_b20379_c20151004011411684829_noaa_ops.h5,GDNBO_npp_d20151003_t1908306_e1914110_b20379_c20151004011411684577_noaa_ops.h5,SVI04_npp_d20151003_t1908306_e1914110_b20379_c20151004011412382962_noaa_ops.dspace_rad,VNFF_npp_d20151003_t1908306_e1914110_b20379_v21.csv,World_EEZ_v8_2014.shp,WPP_BFAR_merge.shp,KKP_IDN_merge_20161208.shp,VNF-VBD_npp_20120301-20151231_global_asia-enhanced_c201607211230.bitmask,NCEI_NGA.union.nga_lead2.add_2015ntl.mask,timezone.shp,VBD_platforms-recurring_2015_r20170330.shp,0.573816,VBD_bridges_c20160811.shp,25.640045;24.079651;21.102854;16.324032;11.511562;6.671830;1.810134;4.020473;6.006778;10.901870;15.807323;20.719898,83.680374;98.801964;113.308250;111.670303;110.194870;108.863319;107.657715;94.102837;80.376114;81.340813;82.213333;83.001831,npp_d20151003_t1908306_e1914110_b20379,142.334,90.939,66.1522,-80.2483,41.8951,67.343
1137,VBD_npp_d20151003_t1913583_x1063210E_y027762N_l2960_s3839_v23,2017-06-01 16:16:04,2.776223,106.321030,22.0874,2015-10-03 19:13:58,2015-10-04 02:13:58,2960,3839,0.259017,8,18913,0.587744,0.116891,0.710519,0.4,0.835089,0.75,0.0259682,0.0001,0.00131352,999999,1.265739e-01,3,Indonesian Exclusive Economic Zone,WPP711,Kepulauan Anambas Marine Nature Recreational Park,SVDNB_npp_d20151003_t1908306_e1914110_b20379_c20151004011411684829_noaa_ops.h5,GDNBO_npp_d20151003_t1908306_e1914110_b20379_c20151004011411684577_noaa_ops.h5,SVI04_npp_d20151003_t1908306_e1914110_b20379_c20151004011412382962_noaa_ops.dspace_rad,VNFF_npp_d20151003_t1908306_e1914110_b20379_v21.csv,World_EEZ_v8_2014.shp,WPP_BFAR_merge.shp,KKP_IDN_merge_20161208.shp,VNF-VBD_npp_20120301-20151231_global_asia-enhanced_c201607211230.bitmask,NCEI_NGA.union.nga_lead2.add_2015ntl.mask,timezone.shp,VBD_platforms-recurring_2015_r20170330.shp,0.461474,VBD_bridges_c20160811.shp,25.640045;24.079651;21.102854;16.324032;11.511562;6.671830;1.810134;4.020473;6.006778;10.901870;15.807323;20.719898,83.680374;98.801964;113.308250;111.670303;110.194870;108.863319;107.657715;94.102837;80.376114;81.340813;82.213333;83.001831,npp_d20151003_t1908306_e1914110_b20379,142.487,93.0533,66.3188,-80.1747,42.751,65.7443
1138,VBD_npp_d20151003_t1914001_x1063221E_y027768N_l2961_s3840_v23,2017-06-01 16:16:04,2.776773,106.322136,22.1514,2015-10-03 19:14:00,2015-10-04 02:14:00,2961,3840,0.259017,8,18913,0.515115,0.133428,0.710519,0.4,0.800598,0.75,0.0259691,0.0001,0.001471,999999,-6.300948e-02,3,Indonesian Exclusive Economic Zone,WPP711,Kepulauan Anambas Marine Nature Recreational Park,SVDNB_npp_d20151003_t1908306_e1914110_b20379_c20151004011411684829_noaa_ops.h5,GDNBO_npp_d20151003_t1908306_e1914110_b20379_c20151004011411684577_noaa_ops.h5,SVI04_npp_d20151003_t1908306_e1914110_b20379_c20151004011412382962_noaa_ops.dspace_rad,VNFF_npp_d20151003_t1908306_e1914110_b20379_v21.csv,World_EEZ_v8_2014.shp,WPP_BFAR_merge.shp,KKP_IDN_merge_20161208.shp,VNF-VBD_npp_20120301-20151231_global_asia-enhanced_c201607211230.bitmask,NCEI_NGA.union.nga_lead2.add_2015ntl.mask,timezone.shp,VBD_platforms-recurring_2015_r20170330.shp,0.374284,VBD_bridges_c20160811.shp,25.640045;24.079651;21.102854;16.324032;11.511562;6.671830;1.810134;4.020473;6.006778;10.901870;15.807323;20.719898,83.680374;98.801964;113.308250;111.670303;110.194870;108.863319;107.657715;94.102837;80.376114;81.340813;82.213333;83.001831,npp_d20151003_t1908306_e1914110_b20379,142.478,93.0524,66.3392,-80.6821,42.7432,65.7415
1139,VBD_npp_d20151003_t1914054_x1062377E_y023679N_l3024_s3841_v23,2017-06-01 16:16:04,2.367947,106.237724,40.5631,2015-10-03 19:14:05,2015-10-04 02:14:05,3024,3841,0.303332,8,18913,0.667076,0.121937,0.647552,0.4,0.862578,0.75,0.0259447,0.0001,0.0012088,999999,6.872776e-02,3,Indonesian Exclusive Economic Zone,WPP711,,SVDNB_npp_d20151003_t1908306_e1914110_b20379_c20151004011411684829_noaa_ops.h5,GDNBO_npp_d20151003_t1908306_e1914110_b20379_c20151004011411684577_noaa_ops.h5,SVI04_npp_d20151003_t1908306_e1914110_b20379_c20151004011412382962_noaa_ops.dspace_rad,VNFF_npp_d20151003_t1908306_e1914110_b20379_v21.csv,World_EEZ_v8_2014.shp,WPP_BFAR_merge.shp,KKP_IDN_merge_20161208.shp,VNF-VBD_npp_20120301-20151231_global_asia-enhanced_c201607211230.bitmask,NCEI_NGA.union.nga_lead2.add_2015ntl.mask,timezone.shp,VBD_platforms-recurring_2015_r20170330.shp,0.542993,VBD_bridges_c20160811.shp,25.640045;24.079651;21.102854;16.324032;11.511562;6.671830;1.810134;4.020473;6.006778;10.901870;15.807323;20.719898,83.680374;98.801964;113.308250;111.670303;110.194870;108.863319;107.657715;94.102837;80.376114;81.340813;82.213333;83.001831,npp_d20151003_t1908306_e1914110_b20379,142.517,93.5862,66.353,-80.2772,42.9724,65.357
1140,VBD_npp_d20151003_t1914072_x1062381E_y023639N_l3025_s3842_v23,2017-06-01 16:16:04,2.363925,106.238136,30.7098,2015-10-03 19:14:07,2015-10-04 02:14:07,3025,3842,0.303332,8,18913,0.530369,0.118069,0.647552,0.4,0.773906,0.75,0.0259478,0.0001,0.00134801,999999,1.130750e-01,3,Indonesian Exclusive Economic Zone,WPP711,,SVDNB_npp_d20151003_t1908306_e1914110_b20379_c20151004011411684829_noaa_ops.h5,GDNBO_npp_d20151003_t1908306_e1914110_b20379_c20151004011411684577_noaa_ops.h5,SVI04_npp_d20151003_t1908306_e1914110_b20379_c20151004011412382962_noaa_ops.dspace_rad,VNFF_npp_d20151003_t1908306_e1914110_b20379_v21.csv,World_EEZ_v8_2014.shp,WPP_BFAR_merge.shp,KKP_IDN_merge_20161208.shp,VNF-VBD_npp_20120301-20151231_global_asia-enhanced_c201607211230.bitmask,NCEI_NGA.union.nga_lead2.add_2015ntl.mask,timezone.shp,VBD_platforms-recurring_2015_r20170330.shp,0.862507,VBD_bridges_c20160811.shp,25.640045;24.079651;21.102854;16.324032;11.511562;6.671830;1.810134;4.020473;6.006778;10.901870;15.807323;20.719898,83.680374;98.801964;113.308250;111.670303;110.194870;108.863319;107.657715;94.102837;80.376114;81.340813;82.213333;83.001831,npp_d20151003_t1908306_e1914110_b20379,142.509,93.5911,66.3736,-80.7628,42.9672,65.3499
1141,VBD_npp_d20151003_t1913441_x1065544E_y036494N_l2823_s3843_v23,2017-06-01 16:16:04,3.649445,106.554375,11.9314,2015-10-03 19:13:44,2015-10-04 02:13:44,2823,3843,0.336408,1,2529,0.425989,0.119929,0.688569,0.4,0.815386,0.75,0.0262702,0.0001,0.00163389,999999,9.174134e-02,3,Indonesian Exclusive Economic Zone,WPP711,,SVDNB_npp_d20151003_t1908306_e1914110_b20379_c20151004011411684829_noaa_ops.h5,GDNBO_npp_d20151003_t1908306_e1914110_b20379_c20151004011411684577_noaa_ops.h5,SVI04_npp_d20151003_t1908306_e1914110_b20379_c20151004011412382962_noaa_ops.dspace_rad,VNFF_npp_d20151003_t1908306_e1914110_b20379_v21.csv,World_EEZ_v8_2014.shp,WPP_BFAR_merge.shp,KKP_IDN_merge_20161208.shp,VNF-VBD_npp_20120301-20151231_global_asia-enhanced_c201607211230.bitmask,NCEI_NGA.union.nga_lead2.add_2015ntl.mask,timezone.shp,VBD_platforms-recurring_2015_r20170330.shp,999999,VBD_bridges_c20160811.shp,25.640045;24.079651;21.102854;16.324032;11.511562;6.671830;1.810134;4.020473;6.006778;10.901870;15.807323;20.719898,83.680374;98.801964;113.308250;111.670303;110.194870;108.863319;107.657715;94.102837;80.376114;81.340813;82.213333;83.001831,npp_d20151003_t1908306_e1914110_b20379,142.351,91.9195,66.3872,-80.2741,42.2307,66.5666
1142,VBD_npp_d20151003_t1914001_x1063605E_y027272N_l2967_s3847_v23,2017-06-01 16:16:04,2.727214,106.360527,12.2478,2015-10-03 19:14:00,2015-10-04 02:14:00,2967,3847,0.265348,8,18913,0.413521,0.129677,0.688713,0.4,0.796108,0.75,0.0259777,0.0001,0.00135885,999999,-2.001291e-02,3,Indonesian Exclusive Economic Zone,WPP711,Kepulauan Anambas Marine Nature Recreational Park,SVDNB_npp_d20151003_t1908306_e1914110_b20379_c20151004011411684829_noaa_ops.h5,GDNBO_npp_d20151003_t1908306_e1914110_b20379_c20151004011411684577_noaa_ops.h5,SVI04_npp_d20151003_t1908306_e1914110_b20379_c20151004011412382962_noaa_ops.dspace_rad,VNFF_npp_d20151003_t1908306_e1914110_b20379_v21.csv,World_EEZ_v8_2014.shp,WPP_BFAR_merge.shp,KKP_IDN_merge_20161208.shp,VNF-VBD_npp_20120301-20151231_global_asia-enhanced_c201607211230.bitmask,NCEI_NGA.union.nga_lead2.add_2015ntl.mask,timezone.shp,VBD_platforms-recurring_2015_r20170330.shp,0.329656,VBD_bridges_c20160811.shp,25.640045;24.079651;21.102854;16.324032;11.511562;6.671830;1.810134;4.020473;6.006778;10.901870;15.807323;20.719898,83.680374;98.801964;113.308250;111.670303;110.194870;108.863319;107.657715;94.102837;80.376114;81.340813;82.213333;83.001831,npp_d20151003_t1908306_e1914110_b20379,142.437,93.116,66.4557,-80.4848,42.7284,65.6758
1143,VBD_npp_d20151003_t1914018_x1064918E_y025779N_l2986_s3871_v23,2017-06-01 16:16:04,2.577860,106.491821,11.1677,2015-10-03 19:14:01,2015-10-04 02:14:01,2986,3871,0.314784,1,2529,0.35324,0.118119,0.613603,0.4,0.778243,0.75,0.0260357,0.0001,0.00118981,999999,1.125004e-01,3,Indonesian Exclusive Economic Zone,WPP711,,SVDNB_npp_d20151003_t1908306_e1914110_b20379_c20151004011411684829_noaa_ops.h5,GDNBO_npp_d20151003_t1908306_e1914110_b20379_c20151004011411684577_noaa_ops.h5,SVI04_npp_d20151003_t1908306_e1914110_b20379_c20151004011412382962_noaa_ops.dspace_rad,VNFF_npp_d20151003_t1908306_e1914110_b20379_v21.csv,World_EEZ_v8_2014.shp,WPP_BFAR_merge.shp,KKP_IDN_merge_20161208.shp,VNF-VBD_npp_20120301-20151231_global_asia-enhanced_c201607211230.bitmask,NCEI_NGA.union.nga_lead2.add_2015ntl.mask,timezone.shp,VBD_platforms-recurring_2015_r20170330.shp,999999,VBD_bridges_c20160811.shp,25.640045;24.079651;21.102854;16.324032;11.511562;6.671830;1.810134;4.020473;6.006778;10.901870;15.807323;20.719898,83.680374;98.801964;113.308250;111.670303;110.194870;108.863319;107.657715;94.102837;80.376114;81.340813;82.213333;83.001831,npp_d20151003_t1908306_e1914110_b20379,142.291,93.3057,66.8601,-80.4068,42.6634,65.468
1144,VBD_npp_d20151003_t1914001_x1065558E_y027149N_l2964_s3876_v23,2017-06-01 16:16:04,2.714875,106.555847,28.2619,2015-10-03 19:14:00,2015-10-04 02:14:00,2964,3876,0.31642,1,2529,0.593078,0.124681,0.703035,0.4,0.851588,0.75,0.0260717,0.0001,0.00125758,999999,3.726236e-02,3,Indonesian Exclusive Economic Zone,WPP711,,SVDNB_npp_d20151003_t1908306_e1914110_b20379_c20151004011411684829_noaa_ops.h5,GDNBO_npp_d20151003_t1908306_e1914110_b20379_c20151004011411684577_noaa_ops.h5,SVI04_npp_d20151003_t1908306_e1914110_b20379_c20151004011412382962_noaa_ops.dspace_rad,VNFF_npp_d20151003_t1908306_e1914110_b20379_v21.csv,World_EEZ_v8_2014.shp,WPP_BFAR_merge.shp,KKP_IDN_merge_20161208.shp,VNF-VBD_npp_20120301-20151231_global_asia-enhanced_c201607211230.bitmask,NCEI_NGA.union.nga_lead2.add_2015ntl.mask,timezone.shp,VBD_platforms-recurring_2015_r20170330.shp,999999,VBD_bridges_c20160811.shp,25.640045;24.079651;21.102854;16.324032;11.511562;6.671830;1.810134;4.020473;6.006778;10.901870;15.807323;20.719898,83.680374;98.801964;113.308250;111.670303;110.194870;108.863319;107.657715;94.102837;80.376114;81.340813;82.213333;83.001831,npp_d20151003_t1908306_e1914110_b20379,142.242,93.1274,66.9431,-80.5675,42.5536,65.5832
1145,VBD_npp_d20151003_t1913494_x1067042E_y033055N_l2871_s3877_v23,2017-06-01 16:16:04,3.305514,106.704170,18.8612,2015-10-03 19:13:49,2015-10-04 02:13:49,2871,3877,0.309165,1,2529,0.409133,0.109939,0.630768,0.4,0.751331,0.75,0.0262724,0.0001,0.00137205,999999,2.062807e-01,3,Indonesian Exclusive Economic Zone,WPP711,,SVDNB_npp_d20151003_t1908306_e1914110_b20379_c20151004011411684829_noaa_ops.h5,GDNBO_npp_d20151003_t1908306_e1914110_b20379_c20151004011411684577_noaa_ops.h5,SVI04_npp_d20151003_t1908306_e1914110_b20379_c20151004011412382962_noaa_ops.dspace_rad,VNFF_npp_d20151003_t1908306_e1914110_b20379_v21.csv,World_EEZ_v8_2014.shp,WPP_BFAR_merge.shp,KKP_IDN_merge_20161208.shp,VNF-VBD_npp_20120301-20151231_global_asia-enhanced_c201607211230.bitmask,NCEI_NGA.union.nga_lead2.add_2015ntl.mask,timezone.shp,VBD_platforms-recurring_2015_r20170330.shp,999999,VBD_bridges_c20160811.shp,25.640045;24.079651;21.102854;16.324032;11.511562;6.671830;1.810134;4.020473;6.006778;10.901870;15.807323;20.719898,83.680374;98.801964;113.308250;111.670303;110.194870;108.863319;107.657715;94.102837;80.376114;81.340813;82.213333;83.001831,npp_d20151003_t1908306_e1914110_b20379,142.167,92.3657,66.9557,-80.3333,42.2118,66.1446
1146,VBD_npp_d20151003_t1913565_x1066753E_y028516N_l2940_s3888_v23,2017-06-01 16:16:04,2.851593,106.675323,14.3486,2015-10-03 19:13:56,2015-10-04 02:13:56,2940,3888,0.31578,1,2529,0.423323,0.126405,0.648972,0.4,0.779598,0.75,0.0261586,0.0001,0.00116705,999999,1.749917e-02,3,Indonesian Exclusive Economic Zone,WPP711,,SVDNB_npp_d20151003_t1908306_e1914110_b20379_c20151004011411684829_noaa_ops.h5,GDNBO_npp_d20151003_t1908306_e1914110_b20379_c20151004011411684577_noaa_ops.h5,SVI04_npp_d20151003_t1908306_e1914110_b20379_c20151004011412382962_noaa_ops.dspace_rad,VNFF_npp_d20151003_t1908306_e1914110_b20379_v21.csv,World_EEZ_v8_2014.shp,WPP_BFAR_merge.shp,KKP_IDN_merge_20161208.shp,VNF-VBD_npp_20120301-20151231_global_asia-enhanced_c201607211230.bitmask,NCEI_NGA.union.nga_lead2.add_2015ntl.mask,timezone.shp,VBD_platforms-recurring_2015_r20170330.shp,999999,VBD_bridges_c20160811.shp,25.640045;24.079651;21.102854;16.324032;11.511562;6.671830;1.810134;4.020473;6.006778;10.901870;15.807323;20.719898,83.680374;98.801964;113.308250;111.670303;110.194870;108.863319;107.657715;94.102837;80.376114;81.340813;82.213333;83.001831,npp_d20151003_t1908306_e1914110_b20379,142.145,92.9494,67.143,-80.2723,42.3996,65.679
1147,VBD_npp_d20151003_t1914054_x1065824E_y023435N_l3019_s3892_v23,2017-06-01 16:16:04,2.343474,106.582436,12.2369,2015-10-03 19:14:05,2015-10-04 02:14:05,3019,3892,0.314215,2,2465,0.352312,0.118688,0.619404,0.4,0.740067,0.75,0.0260985,0.0001,0.00104878,999999,1.059721e-01,3,Indonesian Exclusive Economic Zone,WPP711,,SVDNB_npp_d20151003_t1908306_e1914110_b20379_c20151004011411684829_noaa_ops.h5,GDNBO_npp_d20151003_t1908306_e1914110_b20379_c20151004011411684577_noaa_ops.h5,SVI04_npp_d20151003_t1908306_e1914110_b20379_c20151004011412382962_noaa_ops.dspace_rad,VNFF_npp_d20151003_t1908306_e1914110_b20379_v21.csv,World_EEZ_v8_2014.shp,WPP_BFAR_merge.shp,KKP_IDN_merge_20161208.shp,VNF-VBD_npp_20120301-20151231_global_asia-enhanced_c201607211230.bitmask,NCEI_NGA.union.nga_lead2.add_2015ntl.mask,timezone.shp,VBD_platforms-recurring_2015_r20170330.shp,999999,VBD_bridges_c20160811.shp,25.640045;24.079651;21.102854;16.324032;11.511562;6.671830;1.810134;4.020473;6.006778;10.901870;15.807323;20.719898,83.680374;98.801964;113.308250;111.670303;110.194870;108.863319;107.657715;94.102837;80.376114;81.340813;82.213333;83.001831,npp_d20151003_t1908306_e1914110_b20379,142.171,93.604,67.2115,-80.4178,42.666,65.1876
1148,VBD_npp_d20151003_t1914036_x1066855E_y024533N_l3000_s3903_v23,2017-06-01 16:16:04,2.453349,106.685486,9.64486,2015-10-03 19:14:03,2015-10-04 02:14:03,3000,3903,0.294512,2,2465,0.250474,0.115582,0.414508,0.4,0.605895,0.75,0.0261314,0.0001,0.0010552,999999,1.415823e-01,3,Indonesian Exclusive Economic Zone,WPP711,,SVDNB_npp_d20151003_t1908306_e1914110_b20379_c20151004011411684829_noaa_ops.h5,GDNBO_npp_d20151003_t1908306_e1914110_b20379_c20151004011411684577_noaa_ops.h5,SVI04_npp_d20151003_t1908306_e1914110_b20379_c20151004011412382962_noaa_ops.dspace_rad,VNFF_npp_d20151003_t1908306_e1914110_b20379_v21.csv,World_EEZ_v8_2014.shp,WPP_BFAR_merge.shp,KKP_IDN_merge_20161208.shp,VNF-VBD_npp_20120301-20151231_global_asia-enhanced_c201607211230.bitmask,NCEI_NGA.union.nga_lead2.add_2015ntl.mask,timezone.shp,VBD_platforms-recurring_2015_r20170330.shp,999999,VBD_bridges_c20160811.shp,25.640045;24.079651;21.102854;16.324032;11.511562;6.671830;1.810134;4.020473;6.006778;10.901870;15.807323;20.719898,83.680374;98.801964;113.308250;111.670303;110.194870;108.863319;107.657715;94.102837;80.376114;81.340813;82.213333;83.001831,npp_d20151003_t1908306_e1914110_b20379,142.083,93.4594,67.3984,-80.4845,42.5313,65.2579
1149,VBD_npp_d20151003_t1913529_x1068573E_y030114N_l2911_s3908_v23,2017-06-01 16:16:04,3.011434,106.857277,8.94113,2015-10-03 19:13:52,2015-10-04 02:13:52,2911,3908,0.309094,8,18849,0.269356,0.13332,0.499536,0.4,0.725117,0.75,0.0262801,0.0001,0.0010969,999999,-6.177688e-02,3,Indonesian Exclusive Economic Zone,WPP711,,SVDNB_npp_d20151003_t1908306_e1914110_b20379_c20151004011411684829_noaa_ops.h5,GDNBO_npp_d20151003_t1908306_e1914110_b20379_c20151004011411684577_noaa_ops.h5,SVI04_npp_d20151003_t1908306_e1914110_b20379_c20151004011412382962_noaa_ops.dspace_rad,VNFF_npp_d20151003_t1908306_e1914110_b20379_v21.csv,World_EEZ_v8_2014.shp,WPP_BFAR_merge.shp,KKP_IDN_merge_20161208.shp,VNF-VBD_npp_20120301-20151231_global_asia-enhanced_c201607211230.bitmask,NCEI_NGA.union.nga_lead2.add_2015ntl.mask,timezone.shp,VBD_platforms-recurring_2015_r20170330.shp,0.365119,VBD_bridges_c20160811.shp,25.640045;24.079651;21.102854;16.324032;11.511562;6.671830;1.810134;4.020473;6.006778;10.901870;15.807323;20.719898,83.680374;98.801964;113.308250;111.670303;110.194870;108.863319;107.657715;94.102837;80.376114;81.340813;82.213333;83.001831,npp_d20151003_t1908306_e1914110_b20379,141.986,92.7425,67.4818,-80.1265,42.1785,65.774
1150,VBD_npp_d20151003_t1913547_x1068406E_y029287N_l2924_s3909_v23,2017-06-01 16:16:04,2.928731,106.840630,12.7225,2015-10-03 19:13:54,2015-10-04 02:13:54,2924,3909,0.314997,8,18849,0.303632,0.122066,0.560803,0.4,0.632651,0.75,0.0262554,0.0001,0.00110111,999999,6.724337e-02,3,Indonesian Exclusive Economic Zone,WPP711,,SVDNB_npp_d20151003_t1908306_e1914110_b20379_c20151004011411684829_noaa_ops.h5,GDNBO_npp_d20151003_t1908306_e1914110_b20379_c20151004011411684577_noaa_ops.h5,SVI04_npp_d20151003_t1908306_e1914110_b20379_c20151004011412382962_noaa_ops.dspace_rad,VNFF_npp_d20151003_t1908306_e1914110_b20379_v21.csv,World_EEZ_v8_2014.shp,WPP_BFAR_merge.shp,KKP_IDN_merge_20161208.shp,VNF-VBD_npp_20120301-20151231_global_asia-enhanced_c201607211230.bitmask,NCEI_NGA.union.nga_lead2.add_2015ntl.mask,timezone.shp,VBD_platforms-recurring_2015_r20170330.shp,0.430649,VBD_bridges_c20160811.shp,25.640045;24.079651;21.102854;16.324032;11.511562;6.671830;1.810134;4.020473;6.006778;10.901870;15.807323;20.719898,83.680374;98.801964;113.308250;111.670303;110.194870;108.863319;107.657715;94.102837;80.376114;81.340813;82.213333;83.001831,npp_d20151003_t1908306_e1914110_b20379,141.991,92.8483,67.4925,-80.2397,42.2217,65.6928
1151,VBD_npp_d20151003_t1913387_x1070833E_y038908N_l2773_s3911_v23,2017-06-01 16:16:04,3.890804,107.083275,31.0725,2015-10-03 19:13:38,2015-10-04 02:13:38,2773,3911,0.33591,1,2529,0.625277,0.111721,0.690059,0.4,0.85609,0.75,0.026579,0.0001,0.00138454,999999,1.858485e-01,3,Indonesian Exclusive Economic Zone,WPP711,,SVDNB_npp_d20151003_t1908306_e1914110_b20379_c20151004011411684829_noaa_ops.h5,GDNBO_npp_d20151003_t1908306_e1914110_b20379_c20151004011411684577_noaa_ops.h5,SVI04_npp_d20151003_t1908306_e1914110_b20379_c20151004011412382962_noaa_ops.dspace_rad,VNFF_npp_d20151003_t1908306_e1914110_b20379_v21.csv,World_EEZ_v8_2014.shp,WPP_BFAR_merge.shp,KKP_IDN_merge_20161208.shp,VNF-VBD_npp_20120301-20151231_global_asia-enhanced_c201607211230.bitmask,NCEI_NGA.union.nga_lead2.add_2015ntl.mask,timezone.shp,VBD_platforms-recurring_2015_r20170330.shp,999999,VBD_bridges_c20160811.shp,25.640045;24.079651;21.102854;16.324032;11.511562;6.671830;1.810134;4.020473;6.006778;10.901870;15.807323;20.719898,83.680374;98.801964;113.308250;111.670303;110.194870;108.863319;107.657715;94.102837;80.376114;81.340813;82.213333;83.001831,npp_d20151003_t1908306_e1914110_b20379,141.853,91.6228,67.5234,-80.2359,41.663,66.6231
1152,VBD_npp_d20151003_t1913387_x1072093E_y038056N_l2782_s3932_v23,2017-06-01 16:16:04,3.805583,107.209290,13.2686,2015-10-03 19:13:38,2015-10-04 02:13:38,2782,3932,0.298922,2,2465,0.356034,0.124204,0.555669,0.4,0.694973,0.75,0.0266229,0.0001,0.00119062,999999,4.273127e-02,3,Indonesian Exclusive Economic Zone,WPP711,,SVDNB_npp_d20151003_t1908306_e1914110_b20379_c20151004011411684829_noaa_ops.h5,GDNBO_npp_d20151003_t1908306_e1914110_b20379_c20151004011411684577_noaa_ops.h5,SVI04_npp_d20151003_t1908306_e1914110_b20379_c20151004011412382962_noaa_ops.dspace_rad,VNFF_npp_d20151003_t1908306_e1914110_b20379_v21.csv,World_EEZ_v8_2014.shp,WPP_BFAR_merge.shp,KKP_IDN_merge_20161208.shp,VNF-VBD_npp_20120301-20151231_global_asia-enhanced_c201607211230.bitmask,NCEI_NGA.union.nga_lead2.add_2015ntl.mask,timezone.shp,VBD_platforms-recurring_2015_r20170330.shp,999999,VBD_bridges_c20160811.shp,25.640045;24.079651;21.102854;16.324032;11.511562;6.671830;1.810134;4.020473;6.006778;10.901870;15.807323;20.719898,83.680374;98.801964;113.308250;111.670303;110.194870;108.863319;107.657715;94.102837;80.376114;81.340813;82.213333;83.001831,npp_d20151003_t1908306_e1914110_b20379,141.725,91.7348,67.8572,-79.954,41.5805,66.484
1153,VBD_npp_d20151003_t1913423_x1072356E_y036737N_l2802_s3941_v23,2017-06-01 16:16:04,3.673723,107.235626,12.2911,2015-10-03 19:13:42,2015-10-04 02:13:42,2802,3941,0.300344,2,2465,0.353875,0.128733,0.497462,0.4,0.518885,0.75,0.026608,0.0001,0.00122949,999999,-9.181147e-03,3,Indonesian Exclusive Economic Zone,WPP711,,SVDNB_npp_d20151003_t1908306_e1914110_b20379_c20151004011411684829_noaa_ops.h5,GDNBO_npp_d20151003_t1908306_e1914110_b20379_c20151004011411684577_noaa_ops.h5,SVI04_npp_d20151003_t1908306_e1914110_b20379_c20151004011412382962_noaa_ops.dspace_rad,VNFF_npp_d20151003_t1908306_e1914110_b20379_v21.csv,World_EEZ_v8_2014.shp,WPP_BFAR_merge.shp,KKP_IDN_merge_20161208.shp,VNF-VBD_npp_20120301-20151231_global_asia-enhanced_c201607211230.bitmask,NCEI_NGA.union.nga_lead2.add_2015ntl.mask,timezone.shp,VBD_platforms-recurring_2015_r20170330.shp,999999,VBD_bridges_c20160811.shp,25.640045;24.079651;21.102854;16.324032;11.511562;6.671830;1.810134;4.020473;6.006778;10.901870;15.807323;20.719898,83.680374;98.801964;113.308250;111.670303;110.194870;108.863319;107.657715;94.102837;80.376114;81.340813;82.213333;83.001831,npp_d20151003_t1908306_e1914110_b20379,141.68,91.9028,68.0065,-80.3632,41.5963,66.3287
11,VBD_npp_d20151003_t1914285_x0951812E_y027739N_l0159_s2229_v23,2017-06-01 16:13:30,2.773864,95.181213,19.9862,2015-10-03 19:14:28,2015-10-04 02:14:28,159,2229,0.00379941,2,2209,0.157136,0.112882,0.484475,0.4,0.543878,0.75,0.0201006,0.0001,0.000941464,999999,2.767656e-01,3,Indonesian Exclusive Economic Zone,WPP572,,SVDNB_npp_d20151003_t1914122_e1919526_b20379_c20151004011953755644_noaa_ops.h5,GDNBO_npp_d20151003_t1914122_e1919526_b20379_c20151004011953755317_noaa_ops.h5,SVI04_npp_d20151003_t1914122_e1919526_b20379_c20151004011953429501_noaa_ops.dspace_rad,VNFF_npp_d20151003_t1914122_e1919526_b20379_v21.csv,World_EEZ_v8_2014.shp,WPP_BFAR_merge.shp,KKP_IDN_merge_20161208.shp,VNF-VBD_npp_20120301-20151231_global_asia-enhanced_c201607211230.bitmask,NCEI_NGA.union.nga_lead2.add_2015ntl.mask,timezone.shp,VBD_platforms-recurring_2015_r20170330.shp,999999,VBD_bridges_c20160811.shp,6.008875;4.014513;1.810999;-3.069373;-7.961306;-12.862723;-17.769926;-16.052361;-13.389565;-8.577608;-3.737196;1.125583,80.369987;94.094902;107.652298;106.568230;105.578438;104.684921;103.881813;89.559692;75.441315;76.861732;78.147308;79.316101,npp_d20151003_t1914122_e1919526_b20379,153.471,93.5365,11.2962,-79.0627,53.0419,69.1321
12,VBD_npp_d20151003_t1914285_x0952025E_y028668N_l0145_s2230_v23,2017-06-01 16:13:30,2.866763,95.202492,22.6505,2015-10-03 19:14:28,2015-10-04 02:14:28,145,2230,0.00173661,2,2465,0.220673,0.149082,0.489008,0.4,0.431704,0.75,0.0201169,0.0001,0.00106931,999999,-1.048228e-01,3,Indonesian Exclusive Economic Zone,WPP572,,SVDNB_npp_d20151003_t1914122_e1919526_b20379_c20151004011953755644_noaa_ops.h5,GDNBO_npp_d20151003_t1914122_e1919526_b20379_c20151004011953755317_noaa_ops.h5,SVI04_npp_d20151003_t1914122_e1919526_b20379_c20151004011953429501_noaa_ops.dspace_rad,VNFF_npp_d20151003_t1914122_e1919526_b20379_v21.csv,World_EEZ_v8_2014.shp,WPP_BFAR_merge.shp,KKP_IDN_merge_20161208.shp,VNF-VBD_npp_20120301-20151231_global_asia-enhanced_c201607211230.bitmask,NCEI_NGA.union.nga_lead2.add_2015ntl.mask,timezone.shp,VBD_platforms-recurring_2015_r20170330.shp,999999,VBD_bridges_c20160811.shp,6.008875;4.014513;1.810999;-3.069373;-7.961306;-12.862723;-17.769926;-16.052361;-13.389565;-8.577608;-3.737196;1.125583,80.369987;94.094902;107.652298;106.568230;105.578438;104.684921;103.881813;89.559692;75.441315;76.861732;78.147308;79.316101,npp_d20151003_t1914122_e1919526_b20379,153.455,93.3493,11.3535,-83.1746,52.9884,69.1945
13,VBD_npp_d20151003_t1918216_x0927970E_y109724S_l2247_s2325_v23,2017-06-01 16:13:30,-10.972400,92.797005,2.24778,2015-10-03 19:18:21,2015-10-04 01:18:21,2247,2325,0.414083,1,2273,0.212385,0.208992,0.694384,0.4,0.887311,0.75,0.0156401,0.0001,0.000366903,999999,-3.313041e-01,3,,,,SVDNB_npp_d20151003_t1914122_e1919526_b20379_c20151004011953755644_noaa_ops.h5,GDNBO_npp_d20151003_t1914122_e1919526_b20379_c20151004011953755317_noaa_ops.h5,SVI04_npp_d20151003_t1914122_e1919526_b20379_c20151004011953429501_noaa_ops.dspace_rad,VNFF_npp_d20151003_t1914122_e1919526_b20379_v21.csv,World_EEZ_v8_2014.shp,WPP_BFAR_merge.shp,KKP_IDN_merge_20161208.shp,VNF-VBD_npp_20120301-20151231_global_asia-enhanced_c201607211230.bitmask,NCEI_NGA.union.nga_lead2.add_2015ntl.mask,timezone.shp,VBD_platforms-recurring_2015_r20170330.shp,999999,VBD_bridges_c20160811.shp,6.008875;4.014513;1.810999;-3.069373;-7.961306;-12.862723;-17.769926;-16.052361;-13.389565;-8.577608;-3.737196;1.125583,80.369987;94.094902;107.652298;106.568230;105.578438;104.684921;103.881813;89.559692;75.441315;76.861732;78.147308;79.316101,npp_d20151003_t1914122_e1919526_b20379,150.816,119.675,16.6602,-81.6371,60.244,61.1428
14,VBD_npp_d20151003_t1916366_x0954768E_y050177S_l1305_s2521_v23,2017-06-01 16:13:30,-5.017714,95.476791,2.40523,2015-10-03 19:16:36,2015-10-04 01:16:36,1305,2521,0.393811,2,2209,0.164884,0.163708,0.521947,0.4,0.704208,0.75,0.0186594,0.0001,0.00268386,999999,-2.590060e-01,3,,,,SVDNB_npp_d20151003_t1914122_e1919526_b20379_c20151004011953755644_noaa_ops.h5,GDNBO_npp_d20151003_t1914122_e1919526_b20379_c20151004011953755317_noaa_ops.h5,SVI04_npp_d20151003_t1914122_e1919526_b20379_c20151004011953429501_noaa_ops.dspace_rad,VNFF_npp_d20151003_t1914122_e1919526_b20379_v21.csv,World_EEZ_v8_2014.shp,WPP_BFAR_merge.shp,KKP_IDN_merge_20161208.shp,VNF-VBD_npp_20120301-20151231_global_asia-enhanced_c201607211230.bitmask,NCEI_NGA.union.nga_lead2.add_2015ntl.mask,timezone.shp,VBD_platforms-recurring_2015_r20170330.shp,999999,VBD_bridges_c20160811.shp,6.008875;4.014513;1.810999;-3.069373;-7.961306;-12.862723;-17.769926;-16.052361;-13.389565;-8.577608;-3.737196;1.125583,80.369987;94.094902;107.652298;106.568230;105.578438;104.684921;103.881813;89.559692;75.441315;76.861732;78.147308;79.316101,npp_d20151003_t1914122_e1919526_b20379,151.186,107.886,26.8606,-81.3744,55.4538,63.5781
15,VBD_npp_d20151003_t1914428_x0985305E_y014396N_l0278_s2758_v23,2017-06-01 16:13:30,1.439598,98.530464,3.383,2015-10-03 19:14:42,2015-10-04 02:14:42,278,2758,0.254536,10,2433,0.130487,0.0886123,0.342876,0.4,0.556039,0.75,0.0217333,0.0001,0.00994951,999999,4.531887e-02,3,Indonesian Exclusive Economic Zone,WPP572,,SVDNB_npp_d20151003_t1914122_e1919526_b20379_c20151004011953755644_noaa_ops.h5,GDNBO_npp_d20151003_t1914122_e1919526_b20379_c20151004011953755317_noaa_ops.h5,SVI04_npp_d20151003_t1914122_e1919526_b20379_c20151004011953429501_noaa_ops.dspace_rad,VNFF_npp_d20151003_t1914122_e1919526_b20379_v21.csv,World_EEZ_v8_2014.shp,WPP_BFAR_merge.shp,KKP_IDN_merge_20161208.shp,VNF-VBD_npp_20120301-20151231_global_asia-enhanced_c201607211230.bitmask,NCEI_NGA.union.nga_lead2.add_2015ntl.mask,timezone.shp,VBD_platforms-recurring_2015_r20170330.shp,999999,VBD_bridges_c20160811.shp,6.008875;4.014513;1.810999;-3.069373;-7.961306;-12.862723;-17.769926;-16.052361;-13.389565;-8.577608;-3.737196;1.125583,80.369987;94.094902;107.652298;106.568230;105.578438;104.684921;103.881813;89.559692;75.441315;76.861732;78.147308;79.316101,npp_d20151003_t1914122_e1919526_b20379,149.968,95.6281,37.3787,-81.2556,50.3483,67.2251
16,VBD_npp_d20151003_t1915272_x0982337E_y012585S_l0685_s2802_v23,2017-06-01 16:13:30,-1.258498,98.233665,2.17862,2015-10-03 19:15:27,2015-10-04 02:15:27,685,2802,0.38058,2,2465,0.139912,0.107347,0.437,0.4,0.718409,0.75,0.0210328,0.0001,0.00694541,999999,-2.551793e-01,3,Indonesian Exclusive Economic Zone,WPP572,,SVDNB_npp_d20151003_t1914122_e1919526_b20379_c20151004011953755644_noaa_ops.h5,GDNBO_npp_d20151003_t1914122_e1919526_b20379_c20151004011953755317_noaa_ops.h5,SVI04_npp_d20151003_t1914122_e1919526_b20379_c20151004011953429501_noaa_ops.dspace_rad,VNFF_npp_d20151003_t1914122_e1919526_b20379_v21.csv,World_EEZ_v8_2014.shp,WPP_BFAR_merge.shp,KKP_IDN_merge_20161208.shp,VNF-VBD_npp_20120301-20151231_global_asia-enhanced_c201607211230.bitmask,NCEI_NGA.union.nga_lead2.add_2015ntl.mask,timezone.shp,VBD_platforms-recurring_2015_r20170330.shp,999999,VBD_bridges_c20160811.shp,6.008875;4.014513;1.810999;-3.069373;-7.961306;-12.862723;-17.769926;-16.052361;-13.389565;-8.577608;-3.737196;1.125583,80.369987;94.094902;107.652298;106.568230;105.578438;104.684921;103.881813;89.559692;75.441315;76.861732;78.147308;79.316101,npp_d20151003_t1914122_e1919526_b20379,149.705,100.255,39.1238,-80.9605,51.5576,65.2079
17,VBD_npp_d20151003_t1916064_x1005867E_y039838S_l1038_s3233_v23,2017-06-01 16:13:30,-3.983762,100.586693,5.86265,2015-10-03 19:16:06,2015-10-04 02:16:06,1038,3233,0.379015,1,2529,0.277327,0.0866764,0.536646,0.4,0.752695,0.75,0.021586,0.0001,0.00255147,999999,7.637016e-02,3,Indonesian Exclusive Economic Zone,WPP572,,SVDNB_npp_d20151003_t1914122_e1919526_b20379_c20151004011953755644_noaa_ops.h5,GDNBO_npp_d20151003_t1914122_e1919526_b20379_c20151004011953755317_noaa_ops.h5,SVI04_npp_d20151003_t1914122_e1919526_b20379_c20151004011953429501_noaa_ops.dspace_rad,VNFF_npp_d20151003_t1914122_e1919526_b20379_v21.csv,World_EEZ_v8_2014.shp,WPP_BFAR_merge.shp,KKP_IDN_merge_20161208.shp,VNF-VBD_npp_20120301-20151231_global_asia-enhanced_c201607211230.bitmask,NCEI_NGA.union.nga_lead2.add_2015ntl.mask,timezone.shp,VBD_platforms-recurring_2015_r20170330.shp,999999,VBD_bridges_c20160811.shp,6.008875;4.014513;1.810999;-3.069373;-7.961306;-12.862723;-17.769926;-16.052361;-13.389565;-8.577608;-3.737196;1.125583,80.369987;94.094902;107.652298;106.568230;105.578438;104.684921;103.881813;89.559692;75.441315;76.861732;78.147308;79.316101,npp_d20151003_t1914122_e1919526_b20379,146.681,103.602,53.1219,-81.4338,50.5063,62.1395
18,VBD_npp_d20151003_t1914196_x1019815E_y023060N_l0067_s3234_v23,2017-06-01 16:13:30,2.306017,101.981476,4.58939,2015-10-03 19:14:19,2015-10-04 02:14:19,67,3234,0.378589,8,18561,0.0928296,0.0885258,0.225474,0.4,0.397361,0.75,0.0236588,0.0001,0.00754609,999999,4.670641e-02,3,Malaysian Exclusive Economic Zone,,,SVDNB_npp_d20151003_t1914122_e1919526_b20379_c20151004011953755644_noaa_ops.h5,GDNBO_npp_d20151003_t1914122_e1919526_b20379_c20151004011953755317_noaa_ops.h5,SVI04_npp_d20151003_t1914122_e1919526_b20379_c20151004011953429501_noaa_ops.dspace_rad,VNFF_npp_d20151003_t1914122_e1919526_b20379_v21.csv,World_EEZ_v8_2014.shp,WPP_BFAR_merge.shp,KKP_IDN_merge_20161208.shp,VNF-VBD_npp_20120301-20151231_global_asia-enhanced_c201607211230.bitmask,NCEI_NGA.union.nga_lead2.add_2015ntl.mask,timezone.shp,VBD_platforms-recurring_2015_r20170330.shp,0.363471,VBD_bridges_c20160811.shp,6.008875;4.014513;1.810999;-3.069373;-7.961306;-12.862723;-17.769926;-16.052361;-13.389565;-8.577608;-3.737196;1.125583,80.369987;94.094902;107.652298;106.568230;105.578438;104.684921;103.881813;89.559692;75.441315;76.861732;78.147308;79.316101,npp_d20151003_t1914122_e1919526_b20379,146.698,93.8868,53.1365,-81.0796,46.8812,66.8725
19,VBD_npp_d20151003_t1914196_x1019958E_y023106N_l0066_s3236_v23,2017-06-01 16:13:30,2.310607,101.995766,4.85887,2015-10-03 19:14:19,2015-10-04 02:14:19,66,3236,0.356467,10,2177,0.0724002,0.0657646,0.286052,0.4,0.331015,0.75,0.0236676,0.0001,0.00757922,999999,4.117972e-01,3,Malaysian Exclusive Economic Zone,,,SVDNB_npp_d20151003_t1914122_e1919526_b20379_c20151004011953755644_noaa_ops.h5,GDNBO_npp_d20151003_t1914122_e1919526_b20379_c20151004011953755317_noaa_ops.h5,SVI04_npp_d20151003_t1914122_e1919526_b20379_c20151004011953429501_noaa_ops.dspace_rad,VNFF_npp_d20151003_t1914122_e1919526_b20379_v21.csv,World_EEZ_v8_2014.shp,WPP_BFAR_merge.shp,KKP_IDN_merge_20161208.shp,VNF-VBD_npp_20120301-20151231_global_asia-enhanced_c201607211230.bitmask,NCEI_NGA.union.nga_lead2.add_2015ntl.mask,timezone.shp,VBD_platforms-recurring_2015_r20170330.shp,999999,VBD_bridges_c20160811.shp,6.008875;4.014513;1.810999;-3.069373;-7.961306;-12.862723;-17.769926;-16.052361;-13.389565;-8.577608;-3.737196;1.125583,80.369987;94.094902;107.652298;106.568230;105.578438;104.684921;103.881813;89.559692;75.441315;76.861732;78.147308;79.316101,npp_d20151003_t1914122_e1919526_b20379,146.684,93.8789,53.1905,-81.1265,46.8661,66.8718
20,VBD_npp_d20151003_t1917087_x1002298E_y076431S_l1594_s3292_v23,2017-06-01 16:13:30,-7.643118,100.229767,3.75823,2015-10-03 19:17:08,2015-10-04 02:17:08,1594,3292,0.357178,2,2465,0.177516,0.148392,0.492342,0.4,0.659892,0.75,0.0204515,0.0001,0.00110573,999999,-9.755039e-02,3,Indonesian Exclusive Economic Zone,WPP572,,SVDNB_npp_d20151003_t1914122_e1919526_b20379_c20151004011953755644_noaa_ops.h5,GDNBO_npp_d20151003_t1914122_e1919526_b20379_c20151004011953755317_noaa_ops.h5,SVI04_npp_d20151003_t1914122_e1919526_b20379_c20151004011953429501_noaa_ops.dspace_rad,VNFF_npp_d20151003_t1914122_e1919526_b20379_v21.csv,World_EEZ_v8_2014.shp,WPP_BFAR_merge.shp,KKP_IDN_merge_20161208.shp,VNF-VBD_npp_20120301-20151231_global_asia-enhanced_c201607211230.bitmask,NCEI_NGA.union.nga_lead2.add_2015ntl.mask,timezone.shp,VBD_platforms-recurring_2015_r20170330.shp,999999,VBD_bridges_c20160811.shp,6.008875;4.014513;1.810999;-3.069373;-7.961306;-12.862723;-17.769926;-16.052361;-13.389565;-8.577608;-3.737196;1.125583,80.369987;94.094902;107.652298;106.568230;105.578438;104.684921;103.881813;89.559692;75.441315;76.861732;78.147308;79.316101,npp_d20151003_t1914122_e1919526_b20379,145.748,108.907,54.7034,-82.1556,52.4019,59.5764
21,VBD_npp_d20151003_t1917069_x1010156E_y076783S_l1583_s3405_v23,2017-06-01 16:13:30,-7.678254,101.015640,5.46613,2015-10-03 19:17:06,2015-10-04 02:17:06,1583,3405,0.363153,1,2529,0.297549,0.147357,0.695645,0.4,0.817264,0.75,0.0208458,0.0001,0.000694144,999999,-8.664557e-02,3,Indonesian Exclusive Economic Zone,WPP572,,SVDNB_npp_d20151003_t1914122_e1919526_b20379_c20151004011953755644_noaa_ops.h5,GDNBO_npp_d20151003_t1914122_e1919526_b20379_c20151004011953755317_noaa_ops.h5,SVI04_npp_d20151003_t1914122_e1919526_b20379_c20151004011953429501_noaa_ops.dspace_rad,VNFF_npp_d20151003_t1914122_e1919526_b20379_v21.csv,World_EEZ_v8_2014.shp,WPP_BFAR_merge.shp,KKP_IDN_merge_20161208.shp,VNF-VBD_npp_20120301-20151231_global_asia-enhanced_c201607211230.bitmask,NCEI_NGA.union.nga_lead2.add_2015ntl.mask,timezone.shp,VBD_platforms-recurring_2015_r20170330.shp,999999,VBD_bridges_c20160811.shp,6.008875;4.014513;1.810999;-3.069373;-7.961306;-12.862723;-17.769926;-16.052361;-13.389565;-8.577608;-3.737196;1.125583,80.369987;94.094902;107.652298;106.568230;105.578438;104.684921;103.881813;89.559692;75.441315;76.861732;78.147308;79.316101,npp_d20151003_t1914122_e1919526_b20379,145.006,108.493,57.5208,-82.0389,51.749,59.1334
22,VBD_npp_d20151003_t1914321_x1035209E_y012447N_l0188_s3489_v23,2017-06-01 16:13:30,1.244710,103.520943,8.63992,2015-10-03 19:14:32,2015-10-04 03:14:32,188,3489,0.37681,10,2433,0.172207,0.094386,0.375867,0.4,0.529036,0.75,0.0243182,0.0001,0.00313278,999999,-4.729129e-02,3,Malaysian Exclusive Economic Zone,,,SVDNB_npp_d20151003_t1914122_e1919526_b20379_c20151004011953755644_noaa_ops.h5,GDNBO_npp_d20151003_t1914122_e1919526_b20379_c20151004011953755317_noaa_ops.h5,SVI04_npp_d20151003_t1914122_e1919526_b20379_c20151004011953429501_noaa_ops.dspace_rad,VNFF_npp_d20151003_t1914122_e1919526_b20379_v21.csv,World_EEZ_v8_2014.shp,WPP_BFAR_merge.shp,KKP_IDN_merge_20161208.shp,VNF-VBD_npp_20120301-20151231_global_asia-enhanced_c201607211230.bitmask,NCEI_NGA.union.nga_lead2.add_2015ntl.mask,timezone.shp,VBD_platforms-recurring_2015_r20170330.shp,999999,VBD_bridges_c20160811.shp,6.008875;4.014513;1.810999;-3.069373;-7.961306;-12.862723;-17.769926;-16.052361;-13.389565;-8.577608;-3.737196;1.125583,80.369987;94.094902;107.652298;106.568230;105.578438;104.684921;103.881813;89.559692;75.441315;76.861732;78.147308;79.316101,npp_d20151003_t1914122_e1919526_b20379,145.027,95.3084,59.4498,-80.7533,45.8461,65.3452
23,VBD_npp_d20151003_t1914321_x1035188E_y012312N_l0190_s3489_v23,2017-06-01 16:13:30,1.231230,103.518761,6.55804,2015-10-03 19:14:32,2015-10-04 02:14:32,190,3489,0.380011,10,2433,0.143088,0.0838953,0.375867,0.4,0.496777,0.75,0.0243161,0.0001,0.0030745,999999,1.209798e-01,3,Malaysian Exclusive Economic Zone,,,SVDNB_npp_d20151003_t1914122_e1919526_b20379_c20151004011953755644_noaa_ops.h5,GDNBO_npp_d20151003_t1914122_e1919526_b20379_c20151004011953755317_noaa_ops.h5,SVI04_npp_d20151003_t1914122_e1919526_b20379_c20151004011953429501_noaa_ops.dspace_rad,VNFF_npp_d20151003_t1914122_e1919526_b20379_v21.csv,World_EEZ_v8_2014.shp,WPP_BFAR_merge.shp,KKP_IDN_merge_20161208.shp,VNF-VBD_npp_20120301-20151231_global_asia-enhanced_c201607211230.bitmask,NCEI_NGA.union.nga_lead2.add_2015ntl.mask,timezone.shp,VBD_platforms-recurring_2015_r20170330.shp,999999,VBD_bridges_c20160811.shp,6.008875;4.014513;1.810999;-3.069373;-7.961306;-12.862723;-17.769926;-16.052361;-13.389565;-8.577608;-3.737196;1.125583,80.369987;94.094902;107.652298;106.568230;105.578438;104.684921;103.881813;89.559692;75.441315;76.861732;78.147308;79.316101,npp_d20151003_t1914122_e1919526_b20379,145.028,95.3278,59.4498,-80.6748,45.8538,65.3339
24,VBD_npp_d20151003_t1914339_x1035705E_y011293N_l0204_s3500_v23,2017-06-01 16:13:30,1.129344,103.570534,9.3487,2015-10-03 19:14:33,2015-10-04 02:14:33,204,3500,0.390041,7,18849,0.339738,0.0990003,0.757151,0.4,0.737802,0.75,0.0243301,0.0001,0.00297313,999999,-1.213057e-01,3,,,,SVDNB_npp_d20151003_t1914122_e1919526_b20379_c20151004011953755644_noaa_ops.h5,GDNBO_npp_d20151003_t1914122_e1919526_b20379_c20151004011953755317_noaa_ops.h5,SVI04_npp_d20151003_t1914122_e1919526_b20379_c20151004011953429501_noaa_ops.dspace_rad,VNFF_npp_d20151003_t1914122_e1919526_b20379_v21.csv,World_EEZ_v8_2014.shp,WPP_BFAR_merge.shp,KKP_IDN_merge_20161208.shp,VNF-VBD_npp_20120301-20151231_global_asia-enhanced_c201607211230.bitmask,NCEI_NGA.union.nga_lead2.add_2015ntl.mask,timezone.shp,VBD_platforms-recurring_2015_r20170330.shp,0.484208,VBD_bridges_c20160811.shp,6.008875;4.014513;1.810999;-3.069373;-7.961306;-12.862723;-17.769926;-16.052361;-13.389565;-8.577608;-3.737196;1.125583,80.369987;94.094902;107.652298;106.568230;105.578438;104.684921;103.881813;89.559692;75.441315;76.861732;78.147308;79.316101,npp_d20151003_t1914122_e1919526_b20379,144.959,95.466,59.6919,-80.7684,45.8427,65.2185
25,VBD_npp_d20151003_t1914339_x1035899E_y011192N_l0205_s3503_v23,2017-06-01 16:13:30,1.119224,103.589920,18.9684,2015-10-03 19:14:33,2015-10-04 02:14:33,205,3503,0.382785,1,2529,0.557945,0.0863546,0.751674,0.4,0.812934,0.75,0.0243373,0.0001,0.00291681,999999,8.153343e-02,3,Indonesian Exclusive Economic Zone,WPP711,,SVDNB_npp_d20151003_t1914122_e1919526_b20379_c20151004011953755644_noaa_ops.h5,GDNBO_npp_d20151003_t1914122_e1919526_b20379_c20151004011953755317_noaa_ops.h5,SVI04_npp_d20151003_t1914122_e1919526_b20379_c20151004011953429501_noaa_ops.dspace_rad,VNFF_npp_d20151003_t1914122_e1919526_b20379_v21.csv,World_EEZ_v8_2014.shp,WPP_BFAR_merge.shp,KKP_IDN_merge_20161208.shp,VNF-VBD_npp_20120301-20151231_global_asia-enhanced_c201607211230.bitmask,NCEI_NGA.union.nga_lead2.add_2015ntl.mask,timezone.shp,VBD_platforms-recurring_2015_r20170330.shp,999999,VBD_bridges_c20160811.shp,6.008875;4.014513;1.810999;-3.069373;-7.961306;-12.862723;-17.769926;-16.052361;-13.389565;-8.577608;-3.737196;1.125583,80.369987;94.094902;107.652298;106.568230;105.578438;104.684921;103.881813;89.559692;75.441315;76.861732;78.147308;79.316101,npp_d20151003_t1914122_e1919526_b20379,144.939,95.4781,59.7592,-80.729,45.8292,65.2017
26,VBD_npp_d20151003_t1914179_x1041677E_y020214N_l0056_s3556_v23,2017-06-01 16:13:30,2.021383,104.167686,3.50332,2015-10-03 19:14:17,2015-10-04 03:14:17,56,3556,0.358672,2,2465,0.151094,0.089506,0.449752,0.4,0.65999,0.75,0.0247216,0.0001,0.00302323,999999,3.098416e-02,3,Malaysian Exclusive Economic Zone,,,SVDNB_npp_d20151003_t1914122_e1919526_b20379_c20151004011953755644_noaa_ops.h5,GDNBO_npp_d20151003_t1914122_e1919526_b20379_c20151004011953755317_noaa_ops.h5,SVI04_npp_d20151003_t1914122_e1919526_b20379_c20151004011953429501_noaa_ops.dspace_rad,VNFF_npp_d20151003_t1914122_e1919526_b20379_v21.csv,World_EEZ_v8_2014.shp,WPP_BFAR_merge.shp,KKP_IDN_merge_20161208.shp,VNF-VBD_npp_20120301-20151231_global_asia-enhanced_c201607211230.bitmask,NCEI_NGA.union.nga_lead2.add_2015ntl.mask,timezone.shp,VBD_platforms-recurring_2015_r20170330.shp,999999,VBD_bridges_c20160811.shp,6.008875;4.014513;1.810999;-3.069373;-7.961306;-12.862723;-17.769926;-16.052361;-13.389565;-8.577608;-3.737196;1.125583,80.369987;94.094902;107.652298;106.568230;105.578438;104.684921;103.881813;89.559692;75.441315;76.861732;78.147308;79.316101,npp_d20151003_t1914122_e1919526_b20379,144.506,94.1606,60.9129,-80.7466,44.9782,65.8299
27,VBD_npp_d20151003_t1914285_x1040522E_y013724N_l0156_s3561_v23,2017-06-01 16:13:30,1.372437,104.052193,10.0124,2015-10-03 19:14:28,2015-10-04 03:14:28,156,3561,0.368773,2,2209,0.0738765,0.066956,0.403924,0.4,0.317392,0.75,0.02458,0.0001,0.002582,999999,3.926868e-01,3,Singaporean Exclusive Economic Zone,,,SVDNB_npp_d20151003_t1914122_e1919526_b20379_c20151004011953755644_noaa_ops.h5,GDNBO_npp_d20151003_t1914122_e1919526_b20379_c20151004011953755317_noaa_ops.h5,SVI04_npp_d20151003_t1914122_e1919526_b20379_c20151004011953429501_noaa_ops.dspace_rad,VNFF_npp_d20151003_t1914122_e1919526_b20379_v21.csv,World_EEZ_v8_2014.shp,WPP_BFAR_merge.shp,KKP_IDN_merge_20161208.shp,VNF-VBD_npp_20120301-20151231_global_asia-enhanced_c201607211230.bitmask,NCEI_NGA.union.nga_lead2.add_2015ntl.mask,timezone.shp,VBD_platforms-recurring_2015_r20170330.shp,999999,VBD_bridges_c20160811.shp,6.008875;4.014513;1.810999;-3.069373;-7.961306;-12.862723;-17.769926;-16.052361;-13.389565;-8.577608;-3.737196;1.125583,80.369987;94.094902;107.652298;106.568230;105.578438;104.684921;103.881813;89.559692;75.441315;76.861732;78.147308;79.316101,npp_d20151003_t1914122_e1919526_b20379,144.524,95.0739,61.0121,-80.7135,45.3169,65.2567
28,VBD_npp_d20151003_t1914303_x1040645E_y013252N_l0163_s3565_v23,2017-06-01 16:13:30,1.325238,104.064476,11.052,2015-10-03 19:14:30,2015-10-04 03:14:30,163,3565,0.340889,8,18593,0.0863898,0.0822862,0.545644,0.4,0.357846,0.75,0.0245852,0.0001,0.00272009,999999,1.467896e-01,3,Singaporean Exclusive Economic Zone,,,SVDNB_npp_d20151003_t1914122_e1919526_b20379_c20151004011953755644_noaa_ops.h5,GDNBO_npp_d20151003_t1914122_e1919526_b20379_c20151004011953755317_noaa_ops.h5,SVI04_npp_d20151003_t1914122_e1919526_b20379_c20151004011953429501_noaa_ops.dspace_rad,VNFF_npp_d20151003_t1914122_e1919526_b20379_v21.csv,World_EEZ_v8_2014.shp,WPP_BFAR_merge.shp,KKP_IDN_merge_20161208.shp,VNF-VBD_npp_20120301-20151231_global_asia-enhanced_c201607211230.bitmask,NCEI_NGA.union.nga_lead2.add_2015ntl.mask,timezone.shp,VBD_platforms-recurring_2015_r20170330.shp,0.221246,VBD_bridges_c20160811.shp,6.008875;4.014513;1.810999;-3.069373;-7.961306;-12.862723;-17.769926;-16.052361;-13.389565;-8.577608;-3.737196;1.125583,80.369987;94.094902;107.652298;106.568230;105.578438;104.684921;103.881813;89.559692;75.441315;76.861732;78.147308;79.316101,npp_d20151003_t1914122_e1919526_b20379,144.5,95.1378,61.0947,-81.0639,45.3191,65.2055
29,VBD_npp_d20151003_t1914285_x1042289E_y013226N_l0159_s3588_v23,2017-06-01 16:13:30,1.322622,104.228874,11.51,2015-10-03 19:14:28,2015-10-04 02:14:28,159,3588,0.324316,11,18849,0.254836,0.0804207,0.557221,0.4,0.602059,0.75,0.0246613,0.0001,0.00229765,999999,1.767128e-01,3,Malaysian Exclusive Economic Zone,,,SVDNB_npp_d20151003_t1914122_e1919526_b20379_c20151004011953755644_noaa_ops.h5,GDNBO_npp_d20151003_t1914122_e1919526_b20379_c20151004011953755317_noaa_ops.h5,SVI04_npp_d20151003_t1914122_e1919526_b20379_c20151004011953429501_noaa_ops.dspace_rad,VNFF_npp_d20151003_t1914122_e1919526_b20379_v21.csv,World_EEZ_v8_2014.shp,WPP_BFAR_merge.shp,KKP_IDN_merge_20161208.shp,VNF-VBD_npp_20120301-20151231_global_asia-enhanced_c201607211230.bitmask,NCEI_NGA.union.nga_lead2.add_2015ntl.mask,timezone.shp,VBD_platforms-recurring_2015_r20170330.shp,0.201603,VBD_bridges_c20160811.shp,6.008875;4.014513;1.810999;-3.069373;-7.961306;-12.862723;-17.769926;-16.052361;-13.389565;-8.577608;-3.737196;1.125583,80.369987;94.094902;107.652298;106.568230;105.578438;104.684921;103.881813;89.559692;75.441315;76.861732;78.147308;79.316101,npp_d20151003_t1914122_e1919526_b20379,144.344,95.1255,61.5718,-80.5998,45.1758,65.1397
30,VBD_npp_d20151003_t1914428_x1040658E_y005654N_l0277_s3590_v23,2017-06-01 16:13:30,0.565442,104.065781,4.24933,2015-10-03 19:14:42,2015-10-04 02:14:42,277,3590,0.375459,8,18849,0.159325,0.0774809,0.498209,0.4,0.646114,0.75,0.0244478,0.0001,0.00216378,999999,2.238681e-01,3,Indonesian Exclusive Economic Zone,WPP711,Kota Batam District Marine Conservation Area,SVDNB_npp_d20151003_t1914122_e1919526_b20379_c20151004011953755644_noaa_ops.h5,GDNBO_npp_d20151003_t1914122_e1919526_b20379_c20151004011953755317_noaa_ops.h5,SVI04_npp_d20151003_t1914122_e1919526_b20379_c20151004011953429501_noaa_ops.dspace_rad,VNFF_npp_d20151003_t1914122_e1919526_b20379_v21.csv,World_EEZ_v8_2014.shp,WPP_BFAR_merge.shp,KKP_IDN_merge_20161208.shp,VNF-VBD_npp_20120301-20151231_global_asia-enhanced_c201607211230.bitmask,NCEI_NGA.union.nga_lead2.add_2015ntl.mask,timezone.shp,VBD_platforms-recurring_2015_r20170330.shp,0.341709,VBD_bridges_c20160811.shp,6.008875;4.014513;1.810999;-3.069373;-7.961306;-12.862723;-17.769926;-16.052361;-13.389565;-8.577608;-3.737196;1.125583,80.369987;94.094902;107.652298;106.568230;105.578438;104.684921;103.881813;89.559692;75.441315;76.861732;78.147308;79.316101,npp_d20151003_t1914122_e1919526_b20379,144.372,96.1889,61.6155,-81.1235,45.5988,64.4912
31,VBD_npp_d20151003_t1914125_x1045657E_y022265N_l0015_s3606_v23,2017-06-01 16:13:30,2.226505,104.565681,2.77796,2015-10-03 19:14:12,2015-10-04 03:14:12,15,3606,0.364362,10,2177,0.0893701,0.0847155,0.271905,0.4,0.625892,0.75,0.0249688,0.0001,0.00254507,999999,1.078233e-01,3,Malaysian Exclusive Economic Zone,,,SVDNB_npp_d20151003_t1914122_e1919526_b20379_c20151004011953755644_noaa_ops.h5,GDNBO_npp_d20151003_t1914122_e1919526_b20379_c20151004011953755317_noaa_ops.h5,SVI04_npp_d20151003_t1914122_e1919526_b20379_c20151004011953429501_noaa_ops.dspace_rad,VNFF_npp_d20151003_t1914122_e1919526_b20379_v21.csv,World_EEZ_v8_2014.shp,WPP_BFAR_merge.shp,KKP_IDN_merge_20161208.shp,VNF-VBD_npp_20120301-20151231_global_asia-enhanced_c201607211230.bitmask,NCEI_NGA.union.nga_lead2.add_2015ntl.mask,timezone.shp,VBD_platforms-recurring_2015_r20170330.shp,999999,VBD_bridges_c20160811.shp,6.008875;4.014513;1.810999;-3.069373;-7.961306;-12.862723;-17.769926;-16.052361;-13.389565;-8.577608;-3.737196;1.125583,80.369987;94.094902;107.652298;106.568230;105.578438;104.684921;103.881813;89.559692;75.441315;76.861732;78.147308;79.316101,npp_d20151003_t1914122_e1919526_b20379,144.145,93.8529,61.9465,-80.4164,44.5458,65.8782
32,VBD_npp_d20151003_t1914214_x1044625E_y017668N_l0087_s3607_v23,2017-06-01 16:13:30,1.766760,104.462509,4.20611,2015-10-03 19:14:21,2015-10-04 03:14:21,87,3607,0.36671,8,18849,0.118479,0.0992431,0.42738,0.4,0.410951,0.75,0.0248129,0.0001,0.0024978,999999,-1.251998e-01,3,Malaysian Exclusive Economic Zone,,,SVDNB_npp_d20151003_t1914122_e1919526_b20379_c20151004011953755644_noaa_ops.h5,GDNBO_npp_d20151003_t1914122_e1919526_b20379_c20151004011953755317_noaa_ops.h5,SVI04_npp_d20151003_t1914122_e1919526_b20379_c20151004011953429501_noaa_ops.dspace_rad,VNFF_npp_d20151003_t1914122_e1919526_b20379_v21.csv,World_EEZ_v8_2014.shp,WPP_BFAR_merge.shp,KKP_IDN_merge_20161208.shp,VNF-VBD_npp_20120301-20151231_global_asia-enhanced_c201607211230.bitmask,NCEI_NGA.union.nga_lead2.add_2015ntl.mask,timezone.shp,VBD_platforms-recurring_2015_r20170330.shp,0.462205,VBD_bridges_c20160811.shp,6.008875;4.014513;1.810999;-3.069373;-7.961306;-12.862723;-17.769926;-16.052361;-13.389565;-8.577608;-3.737196;1.125583,80.369987;94.094902;107.652298;106.568230;105.578438;104.684921;103.881813;89.559692;75.441315;76.861732;78.147308;79.316101,npp_d20151003_t1914122_e1919526_b20379,144.178,94.4922,61.9686,-80.8123,44.7995,65.4708
33,VBD_npp_d20151003_t1914214_x1044705E_y017304N_l0092_s3609_v23,2017-06-01 16:13:30,1.730387,104.470520,3.92589,2015-10-03 19:14:21,2015-10-04 03:14:21,92,3609,0.353693,2,2465,0.135586,0.0869253,0.433334,0.4,0.643688,0.75,0.0248081,0.0001,0.00236812,999999,7.237848e-02,3,Malaysian Exclusive Economic Zone,,,SVDNB_npp_d20151003_t1914122_e1919526_b20379_c20151004011953755644_noaa_ops.h5,GDNBO_npp_d20151003_t1914122_e1919526_b20379_c20151004011953755317_noaa_ops.h5,SVI04_npp_d20151003_t1914122_e1919526_b20379_c20151004011953429501_noaa_ops.dspace_rad,VNFF_npp_d20151003_t1914122_e1919526_b20379_v21.csv,World_EEZ_v8_2014.shp,WPP_BFAR_merge.shp,KKP_IDN_merge_20161208.shp,VNF-VBD_npp_20120301-20151231_global_asia-enhanced_c201607211230.bitmask,NCEI_NGA.union.nga_lead2.add_2015ntl.mask,timezone.shp,VBD_platforms-recurring_2015_r20170330.shp,999999,VBD_bridges_c20160811.shp,6.008875;4.014513;1.810999;-3.069373;-7.961306;-12.862723;-17.769926;-16.052361;-13.389565;-8.577608;-3.737196;1.125583,80.369987;94.094902;107.652298;106.568230;105.578438;104.684921;103.881813;89.559692;75.441315;76.861732;78.147308;79.316101,npp_d20151003_t1914122_e1919526_b20379,144.167,94.5418,62.0097,-80.6285,44.8075,65.4335
34,VBD_npp_d20151003_t1914161_x1046163E_y020751N_l0037_s3619_v23,2017-06-01 16:13:30,2.075061,104.616318,3.39457,2015-10-03 19:14:16,2015-10-04 03:14:16,37,3619,0.342383,10,2177,0.114461,0.083244,0.361042,0.4,0.632252,0.75,0.0249608,0.0001,0.00257979,999999,1.314274e-01,3,Malaysian Exclusive Economic Zone,,,SVDNB_npp_d20151003_t1914122_e1919526_b20379_c20151004011953755644_noaa_ops.h5,GDNBO_npp_d20151003_t1914122_e1919526_b20379_c20151004011953755317_noaa_ops.h5,SVI04_npp_d20151003_t1914122_e1919526_b20379_c20151004011953429501_noaa_ops.dspace_rad,VNFF_npp_d20151003_t1914122_e1919526_b20379_v21.csv,World_EEZ_v8_2014.shp,WPP_BFAR_merge.shp,KKP_IDN_merge_20161208.shp,VNF-VBD_npp_20120301-20151231_global_asia-enhanced_c201607211230.bitmask,NCEI_NGA.union.nga_lead2.add_2015ntl.mask,timezone.shp,VBD_platforms-recurring_2015_r20170330.shp,999999,VBD_bridges_c20160811.shp,6.008875;4.014513;1.810999;-3.069373;-7.961306;-12.862723;-17.769926;-16.052361;-13.389565;-8.577608;-3.737196;1.125583,80.369987;94.094902;107.652298;106.568230;105.578438;104.684921;103.881813;89.559692;75.441315;76.861732;78.147308;79.316101,npp_d20151003_t1914122_e1919526_b20379,144.07,94.0579,62.2104,-80.8204,44.5487,65.7093
35,VBD_npp_d20151003_t1914268_x1045959E_y014179N_l0136_s3638_v23,2017-06-01 16:13:30,1.417865,104.595909,10.6611,2015-10-03 19:14:26,2015-10-04 02:14:26,136,3638,0.334203,2,2465,0.384994,0.0923367,0.692715,0.4,0.738016,0.75,0.0248419,0.0001,0.00211252,999999,-1.441991e-02,3,Indonesian Exclusive Economic Zone,WPP711,,SVDNB_npp_d20151003_t1914122_e1919526_b20379_c20151004011953755644_noaa_ops.h5,GDNBO_npp_d20151003_t1914122_e1919526_b20379_c20151004011953755317_noaa_ops.h5,SVI04_npp_d20151003_t1914122_e1919526_b20379_c20151004011953429501_noaa_ops.dspace_rad,VNFF_npp_d20151003_t1914122_e1919526_b20379_v21.csv,World_EEZ_v8_2014.shp,WPP_BFAR_merge.shp,KKP_IDN_merge_20161208.shp,VNF-VBD_npp_20120301-20151231_global_asia-enhanced_c201607211230.bitmask,NCEI_NGA.union.nga_lead2.add_2015ntl.mask,timezone.shp,VBD_platforms-recurring_2015_r20170330.shp,999999,VBD_bridges_c20160811.shp,6.008875;4.014513;1.810999;-3.069373;-7.961306;-12.862723;-17.769926;-16.052361;-13.389565;-8.577608;-3.737196;1.125583,80.369987;94.094902;107.652298;106.568230;105.578438;104.684921;103.881813;89.559692;75.441315;76.861732;78.147308;79.316101,npp_d20151003_t1914122_e1919526_b20379,143.994,94.9589,62.5862,-80.8284,44.8049,65.0816
36,VBD_npp_d20151003_t1916188_x1031797E_y051170S_l1152_s3639_v23,2017-06-01 16:13:30,-5.117001,103.179695,6.48535,2015-10-03 19:16:18,2015-10-04 02:16:18,1152,3639,0.36927,1,2529,0.350663,0.0983359,0.691135,0.4,0.846052,0.75,0.0226669,0.0001,0.000501015,999999,-1.106480e-01,3,Indonesian Exclusive Economic Zone,WPP572,,SVDNB_npp_d20151003_t1914122_e1919526_b20379_c20151004011953755644_noaa_ops.h5,GDNBO_npp_d20151003_t1914122_e1919526_b20379_c20151004011953755317_noaa_ops.h5,SVI04_npp_d20151003_t1914122_e1919526_b20379_c20151004011953429501_noaa_ops.dspace_rad,VNFF_npp_d20151003_t1914122_e1919526_b20379_v21.csv,World_EEZ_v8_2014.shp,WPP_BFAR_merge.shp,KKP_IDN_merge_20161208.shp,VNF-VBD_npp_20120301-20151231_global_asia-enhanced_c201607211230.bitmask,NCEI_NGA.union.nga_lead2.add_2015ntl.mask,timezone.shp,VBD_platforms-recurring_2015_r20170330.shp,999999,VBD_bridges_c20160811.shp,6.008875;4.014513;1.810999;-3.069373;-7.961306;-12.862723;-17.769926;-16.052361;-13.389565;-8.577608;-3.737196;1.125583,80.369987;94.094902;107.652298;106.568230;105.578438;104.684921;103.881813;89.559692;75.441315;76.861732;78.147308;79.316101,npp_d20151003_t1914122_e1919526_b20379,143.849,104.07,62.6237,-81.7619,48.7295,59.9508
37,VBD_npp_d20151003_t1916206_x1031796E_y051240S_l1154_s3640_v23,2017-06-01 16:13:30,-5.124024,103.179588,4.6098,2015-10-03 19:16:20,2015-10-04 02:16:20,1154,3640,0.365714,1,2529,0.231542,0.0988132,0.691135,0.4,0.760732,0.75,0.0226673,0.0001,0.000577862,999999,-1.183041e-01,3,Indonesian Exclusive Economic Zone,WPP572,,SVDNB_npp_d20151003_t1914122_e1919526_b20379_c20151004011953755644_noaa_ops.h5,GDNBO_npp_d20151003_t1914122_e1919526_b20379_c20151004011953755317_noaa_ops.h5,SVI04_npp_d20151003_t1914122_e1919526_b20379_c20151004011953429501_noaa_ops.dspace_rad,VNFF_npp_d20151003_t1914122_e1919526_b20379_v21.csv,World_EEZ_v8_2014.shp,WPP_BFAR_merge.shp,KKP_IDN_merge_20161208.shp,VNF-VBD_npp_20120301-20151231_global_asia-enhanced_c201607211230.bitmask,NCEI_NGA.union.nga_lead2.add_2015ntl.mask,timezone.shp,VBD_platforms-recurring_2015_r20170330.shp,999999,VBD_bridges_c20160811.shp,6.008875;4.014513;1.810999;-3.069373;-7.961306;-12.862723;-17.769926;-16.052361;-13.389565;-8.577608;-3.737196;1.125583,80.369987;94.094902;107.652298;106.568230;105.578438;104.684921;103.881813;89.559692;75.441315;76.861732;78.147308;79.316101,npp_d20151003_t1914122_e1919526_b20379,143.841,104.076,62.6465,-82.2912,48.7269,59.9416
38,VBD_npp_d20151003_t1914268_x1046128E_y013938N_l0139_s3641_v23,2017-06-01 16:13:30,1.393782,104.612793,5.50977,2015-10-03 19:14:26,2015-10-04 02:14:26,139,3641,0.323533,8,18849,0.182169,0.0910835,0.670682,0.4,0.612864,0.75,0.024848,0.0001,0.00203158,999999,5.680758e-03,3,Indonesian Exclusive Economic Zone,WPP711,,SVDNB_npp_d20151003_t1914122_e1919526_b20379_c20151004011953755644_noaa_ops.h5,GDNBO_npp_d20151003_t1914122_e1919526_b20379_c20151004011953755317_noaa_ops.h5,SVI04_npp_d20151003_t1914122_e1919526_b20379_c20151004011953429501_noaa_ops.dspace_rad,VNFF_npp_d20151003_t1914122_e1919526_b20379_v21.csv,World_EEZ_v8_2014.shp,WPP_BFAR_merge.shp,KKP_IDN_merge_20161208.shp,VNF-VBD_npp_20120301-20151231_global_asia-enhanced_c201607211230.bitmask,NCEI_NGA.union.nga_lead2.add_2015ntl.mask,timezone.shp,VBD_platforms-recurring_2015_r20170330.shp,0.490702,VBD_bridges_c20160811.shp,6.008875;4.014513;1.810999;-3.069373;-7.961306;-12.862723;-17.769926;-16.052361;-13.389565;-8.577608;-3.737196;1.125583,80.369987;94.094902;107.652298;106.568230;105.578438;104.684921;103.881813;89.559692;75.441315;76.861732;78.147308;79.316101,npp_d20151003_t1914122_e1919526_b20379,143.975,94.9903,62.6462,-80.7186,44.7997,65.0522
39,VBD_npp_d20151003_t1914268_x1046412E_y014390N_l0132_s3644_v23,2017-06-01 16:13:30,1.438992,104.641159,25.3792,2015-10-03 19:14:26,2015-10-04 02:14:26,132,3644,0.313433,8,18913,0.597813,0.0908806,0.734554,0.4,0.841076,0.75,0.024865,0.0001,0.00214998,999999,8.935519e-03,3,Indonesian Exclusive Economic Zone,WPP711,,SVDNB_npp_d20151003_t1914122_e1919526_b20379_c20151004011953755644_noaa_ops.h5,GDNBO_npp_d20151003_t1914122_e1919526_b20379_c20151004011953755317_noaa_ops.h5,SVI04_npp_d20151003_t1914122_e1919526_b20379_c20151004011953429501_noaa_ops.dspace_rad,VNFF_npp_d20151003_t1914122_e1919526_b20379_v21.csv,World_EEZ_v8_2014.shp,WPP_BFAR_merge.shp,KKP_IDN_merge_20161208.shp,VNF-VBD_npp_20120301-20151231_global_asia-enhanced_c201607211230.bitmask,NCEI_NGA.union.nga_lead2.add_2015ntl.mask,timezone.shp,VBD_platforms-recurring_2015_r20170330.shp,0.503852,VBD_bridges_c20160811.shp,6.008875;4.014513;1.810999;-3.069373;-7.961306;-12.862723;-17.769926;-16.052361;-13.389565;-8.577608;-3.737196;1.125583,80.369987;94.094902;107.652298;106.568230;105.578438;104.684921;103.881813;89.559692;75.441315;76.861732;78.147308;79.316101,npp_d20151003_t1914122_e1919526_b20379,143.951,94.9257,62.707,-80.9732,44.7544,65.0829
40,VBD_npp_d20151003_t1914268_x1046898E_y014024N_l0136_s3652_v23,2017-06-01 16:13:30,1.402441,104.689827,7.4353,2015-10-03 19:14:26,2015-10-04 02:14:26,136,3652,0.360877,8,18849,0.260191,0.0875,0.673736,0.4,0.693637,0.75,0.0248856,0.0001,0.00201359,999999,8.267885e-02,3,Indonesian Exclusive Economic Zone,WPP711,,SVDNB_npp_d20151003_t1914122_e1919526_b20379_c20151004011953755644_noaa_ops.h5,GDNBO_npp_d20151003_t1914122_e1919526_b20379_c20151004011953755317_noaa_ops.h5,SVI04_npp_d20151003_t1914122_e1919526_b20379_c20151004011953429501_noaa_ops.dspace_rad,VNFF_npp_d20151003_t1914122_e1919526_b20379_v21.csv,World_EEZ_v8_2014.shp,WPP_BFAR_merge.shp,KKP_IDN_merge_20161208.shp,VNF-VBD_npp_20120301-20151231_global_asia-enhanced_c201607211230.bitmask,NCEI_NGA.union.nga_lead2.add_2015ntl.mask,timezone.shp,VBD_platforms-recurring_2015_r20170330.shp,0.374996,VBD_bridges_c20160811.shp,6.008875;4.014513;1.810999;-3.069373;-7.961306;-12.862723;-17.769926;-16.052361;-13.389565;-8.577608;-3.737196;1.125583,80.369987;94.094902;107.652298;106.568230;105.578438;104.684921;103.881813;89.559692;75.441315;76.861732;78.147308;79.316101,npp_d20151003_t1914122_e1919526_b20379,143.899,94.9712,62.8634,-80.8255,44.7253,65.0286
41,VBD_npp_d20151003_t1914250_x1047164E_y014708N_l0125_s3653_v23,2017-06-01 16:13:30,1.470829,104.716354,5.4981,2015-10-03 19:14:25,2015-10-04 02:14:25,125,3653,0.332353,2,2465,0.167978,0.0875,0.579437,0.4,0.587965,0.75,0.0249006,0.0001,0.00195211,999999,2.053107e-01,3,Indonesian Exclusive Economic Zone,WPP711,,SVDNB_npp_d20151003_t1914122_e1919526_b20379_c20151004011953755644_noaa_ops.h5,GDNBO_npp_d20151003_t1914122_e1919526_b20379_c20151004011953755317_noaa_ops.h5,SVI04_npp_d20151003_t1914122_e1919526_b20379_c20151004011953429501_noaa_ops.dspace_rad,VNFF_npp_d20151003_t1914122_e1919526_b20379_v21.csv,World_EEZ_v8_2014.shp,WPP_BFAR_merge.shp,KKP_IDN_merge_20161208.shp,VNF-VBD_npp_20120301-20151231_global_asia-enhanced_c201607211230.bitmask,NCEI_NGA.union.nga_lead2.add_2015ntl.mask,timezone.shp,VBD_platforms-recurring_2015_r20170330.shp,999999,VBD_bridges_c20160811.shp,6.008875;4.014513;1.810999;-3.069373;-7.961306;-12.862723;-17.769926;-16.052361;-13.389565;-8.577608;-3.737196;1.125583,80.369987;94.094902;107.652298;106.568230;105.578438;104.684921;103.881813;89.559692;75.441315;76.861732;78.147308;79.316101,npp_d20151003_t1914122_e1919526_b20379,143.886,94.876,62.8874,-80.6331,44.6784,65.0848
42,VBD_npp_d20151003_t1915023_x1042310E_y006590S_l0457_s3653_v23,2017-06-01 16:13:30,-0.659050,104.231033,4.29721,2015-10-03 19:15:02,2015-10-04 02:15:02,457,3653,0.366141,10,2177,0.107789,0.0917912,0.28051,0.4,0.528816,0.75,0.0242279,0.0001,0.00134392,999999,-5.671240e-03,3,Indonesian Exclusive Economic Zone,WPP711,,SVDNB_npp_d20151003_t1914122_e1919526_b20379_c20151004011953755644_noaa_ops.h5,GDNBO_npp_d20151003_t1914122_e1919526_b20379_c20151004011953755317_noaa_ops.h5,SVI04_npp_d20151003_t1914122_e1919526_b20379_c20151004011953429501_noaa_ops.dspace_rad,VNFF_npp_d20151003_t1914122_e1919526_b20379_v21.csv,World_EEZ_v8_2014.shp,WPP_BFAR_merge.shp,KKP_IDN_merge_20161208.shp,VNF-VBD_npp_20120301-20151231_global_asia-enhanced_c201607211230.bitmask,NCEI_NGA.union.nga_lead2.add_2015ntl.mask,timezone.shp,VBD_platforms-recurring_2015_r20170330.shp,999999,VBD_bridges_c20160811.shp,6.008875;4.014513;1.810999;-3.069373;-7.961306;-12.862723;-17.769926;-16.052361;-13.389565;-8.577608;-3.737196;1.125583,80.369987;94.094902;107.652298;106.568230;105.578438;104.684921;103.881813;89.559692;75.441315;76.861732;78.147308;79.316101,npp_d20151003_t1914122_e1919526_b20379,143.978,97.8308,62.8885,-81.1949,45.9225,63.2873
43,VBD_npp_d20151003_t1914268_x1047148E_y014327N_l0131_s3655_v23,2017-06-01 16:13:30,1.432684,104.714767,9.6534,2015-10-03 19:14:26,2015-10-04 02:14:26,131,3655,0.363153,8,18849,0.272102,0.0875,0.712313,0.4,0.583899,0.75,0.0249004,0.0001,0.00208758,999999,1.722417e-01,3,Indonesian Exclusive Economic Zone,WPP711,,SVDNB_npp_d20151003_t1914122_e1919526_b20379_c20151004011953755644_noaa_ops.h5,GDNBO_npp_d20151003_t1914122_e1919526_b20379_c20151004011953755317_noaa_ops.h5,SVI04_npp_d20151003_t1914122_e1919526_b20379_c20151004011953429501_noaa_ops.dspace_rad,VNFF_npp_d20151003_t1914122_e1919526_b20379_v21.csv,World_EEZ_v8_2014.shp,WPP_BFAR_merge.shp,KKP_IDN_merge_20161208.shp,VNF-VBD_npp_20120301-20151231_global_asia-enhanced_c201607211230.bitmask,NCEI_NGA.union.nga_lead2.add_2015ntl.mask,timezone.shp,VBD_platforms-recurring_2015_r20170330.shp,0.718832,VBD_bridges_c20160811.shp,6.008875;4.014513;1.810999;-3.069373;-7.961306;-12.862723;-17.769926;-16.052361;-13.389565;-8.577608;-3.737196;1.125583,80.369987;94.094902;107.652298;106.568230;105.578438;104.684921;103.881813;89.559692;75.441315;76.861732;78.147308;79.316101,npp_d20151003_t1914122_e1919526_b20379,143.877,94.9275,62.9209,-80.9993,44.6895,65.0467
44,VBD_npp_d20151003_t1914268_x1047495E_y014409N_l0129_s3660_v23,2017-06-01 16:13:30,1.440854,104.749519,6.95271,2015-10-03 19:14:26,2015-10-04 02:14:26,129,3660,0.362228,2,2465,0.207626,0.0875,0.689498,0.4,0.656465,0.75,0.0249181,0.0001,0.00209138,999999,1.206556e-01,3,Indonesian Exclusive Economic Zone,WPP711,,SVDNB_npp_d20151003_t1914122_e1919526_b20379_c20151004011953755644_noaa_ops.h5,GDNBO_npp_d20151003_t1914122_e1919526_b20379_c20151004011953755317_noaa_ops.h5,SVI04_npp_d20151003_t1914122_e1919526_b20379_c20151004011953429501_noaa_ops.dspace_rad,VNFF_npp_d20151003_t1914122_e1919526_b20379_v21.csv,World_EEZ_v8_2014.shp,WPP_BFAR_merge.shp,KKP_IDN_merge_20161208.shp,VNF-VBD_npp_20120301-20151231_global_asia-enhanced_c201607211230.bitmask,NCEI_NGA.union.nga_lead2.add_2015ntl.mask,timezone.shp,VBD_platforms-recurring_2015_r20170330.shp,999999,VBD_bridges_c20160811.shp,6.008875;4.014513;1.810999;-3.069373;-7.961306;-12.862723;-17.769926;-16.052361;-13.389565;-8.577608;-3.737196;1.125583,80.369987;94.094902;107.652298;106.568230;105.578438;104.684921;103.881813;89.559692;75.441315;76.861732;78.147308;79.316101,npp_d20151003_t1914122_e1919526_b20379,143.843,94.9132,63.0163,-81.0681,44.6542,65.0401
45,VBD_npp_d20151003_t1914268_x1047462E_y014208N_l0132_s3660_v23,2017-06-01 16:13:30,1.420773,104.746178,12.1665,2015-10-03 19:14:26,2015-10-04 02:14:26,132,3660,0.359739,8,18913,0.393716,0.0961226,0.703658,0.4,0.754023,0.75,0.0249149,0.0001,0.00203457,999999,-7.514675e-02,3,Indonesian Exclusive Economic Zone,WPP711,,SVDNB_npp_d20151003_t1914122_e1919526_b20379_c20151004011953755644_noaa_ops.h5,GDNBO_npp_d20151003_t1914122_e1919526_b20379_c20151004011953755317_noaa_ops.h5,SVI04_npp_d20151003_t1914122_e1919526_b20379_c20151004011953429501_noaa_ops.dspace_rad,VNFF_npp_d20151003_t1914122_e1919526_b20379_v21.csv,World_EEZ_v8_2014.shp,WPP_BFAR_merge.shp,KKP_IDN_merge_20161208.shp,VNF-VBD_npp_20120301-20151231_global_asia-enhanced_c201607211230.bitmask,NCEI_NGA.union.nga_lead2.add_2015ntl.mask,timezone.shp,VBD_platforms-recurring_2015_r20170330.shp,0.0388416,VBD_bridges_c20160811.shp,6.008875;4.014513;1.810999;-3.069373;-7.961306;-12.862723;-17.769926;-16.052361;-13.389565;-8.577608;-3.737196;1.125583,80.369987;94.094902;107.652298;106.568230;105.578438;104.684921;103.881813;89.559692;75.441315;76.861732;78.147308;79.316101,npp_d20151003_t1914122_e1919526_b20379,143.845,94.9409,63.0158,-80.9636,44.6658,65.0226
46,VBD_npp_d20151003_t1914250_x1047990E_y015261N_l0115_s3664_v23,2017-06-01 16:13:30,1.526075,104.798965,4.89321,2015-10-03 19:14:25,2015-10-04 02:14:25,115,3664,0.358032,8,18849,0.169698,0.0898354,0.481811,0.4,0.627947,0.75,0.0249458,0.0001,0.00206373,999999,2.570024e-02,3,Indonesian Exclusive Economic Zone,WPP711,,SVDNB_npp_d20151003_t1914122_e1919526_b20379_c20151004011953755644_noaa_ops.h5,GDNBO_npp_d20151003_t1914122_e1919526_b20379_c20151004011953755317_noaa_ops.h5,SVI04_npp_d20151003_t1914122_e1919526_b20379_c20151004011953429501_noaa_ops.dspace_rad,VNFF_npp_d20151003_t1914122_e1919526_b20379_v21.csv,World_EEZ_v8_2014.shp,WPP_BFAR_merge.shp,KKP_IDN_merge_20161208.shp,VNF-VBD_npp_20120301-20151231_global_asia-enhanced_c201607211230.bitmask,NCEI_NGA.union.nga_lead2.add_2015ntl.mask,timezone.shp,VBD_platforms-recurring_2015_r20170330.shp,0.878933,VBD_bridges_c20160811.shp,6.008875;4.014513;1.810999;-3.069373;-7.961306;-12.862723;-17.769926;-16.052361;-13.389565;-8.577608;-3.737196;1.125583,80.369987;94.094902;107.652298;106.568230;105.578438;104.684921;103.881813;89.559692;75.441315;76.861732;78.147308;79.316101,npp_d20151003_t1914122_e1919526_b20379,143.808,94.7933,63.0973,-80.9796,44.579,65.1029
47,VBD_npp_d20151003_t1916473_x1033645E_y067364S_l1394_s3714_v23,2017-06-01 16:13:30,-6.736403,103.364502,3.86906,2015-10-03 19:16:47,2015-10-04 02:16:47,1394,3714,0.348287,2,2465,0.15181,0.0875,0.485727,0.4,0.720116,0.75,0.0223217,0.0001,0.000287378,999999,1.079916e-01,3,Indonesian Exclusive Economic Zone,WPP572,,SVDNB_npp_d20151003_t1914122_e1919526_b20379_c20151004011953755644_noaa_ops.h5,GDNBO_npp_d20151003_t1914122_e1919526_b20379_c20151004011953755317_noaa_ops.h5,SVI04_npp_d20151003_t1914122_e1919526_b20379_c20151004011953429501_noaa_ops.dspace_rad,VNFF_npp_d20151003_t1914122_e1919526_b20379_v21.csv,World_EEZ_v8_2014.shp,WPP_BFAR_merge.shp,KKP_IDN_merge_20161208.shp,VNF-VBD_npp_20120301-20151231_global_asia-enhanced_c201607211230.bitmask,NCEI_NGA.union.nga_lead2.add_2015ntl.mask,timezone.shp,VBD_platforms-recurring_2015_r20170330.shp,999999,VBD_bridges_c20160811.shp,6.008875;4.014513;1.810999;-3.069373;-7.961306;-12.862723;-17.769926;-16.052361;-13.389565;-8.577608;-3.737196;1.125583,80.369987;94.094902;107.652298;106.568230;105.578438;104.684921;103.881813;89.559692;75.441315;76.861732;78.147308;79.316101,npp_d20151003_t1914122_e1919526_b20379,143.137,106.046,64.0796,-82.6175,49.3083,58.5443
48,VBD_npp_d20151003_t1914481_x1050588E_y000603N_l0329_s3749_v23,2017-06-01 16:13:30,0.060310,105.058838,43.1627,2015-10-03 19:14:48,2015-10-04 02:14:48,329,3749,0.376384,1,2529,0.869786,0.0875,0.813644,0.4,0.921284,0.75,0.0248228,0.0001,0.00111164,999999,1.522643e-01,3,Indonesian Exclusive Economic Zone,WPP711,,SVDNB_npp_d20151003_t1914122_e1919526_b20379_c20151004011953755644_noaa_ops.h5,GDNBO_npp_d20151003_t1914122_e1919526_b20379_c20151004011953755317_noaa_ops.h5,SVI04_npp_d20151003_t1914122_e1919526_b20379_c20151004011953429501_noaa_ops.dspace_rad,VNFF_npp_d20151003_t1914122_e1919526_b20379_v21.csv,World_EEZ_v8_2014.shp,WPP_BFAR_merge.shp,KKP_IDN_merge_20161208.shp,VNF-VBD_npp_20120301-20151231_global_asia-enhanced_c201607211230.bitmask,NCEI_NGA.union.nga_lead2.add_2015ntl.mask,timezone.shp,VBD_platforms-recurring_2015_r20170330.shp,999999,VBD_bridges_c20160811.shp,6.008875;4.014513;1.810999;-3.069373;-7.961306;-12.862723;-17.769926;-16.052361;-13.389565;-8.577608;-3.737196;1.125583,80.369987;94.094902;107.652298;106.568230;105.578438;104.684921;103.881813;89.559692;75.441315;76.861732;78.147308;79.316101,npp_d20151003_t1914122_e1919526_b20379,143.307,96.7251,64.711,-81.0341,44.8994,63.5848
49,VBD_npp_d20151003_t1916260_x1041313E_y055666S_l1201_s3790_v23,2017-06-01 16:13:30,-5.566607,104.131302,3.80379,2015-10-03 19:16:26,2015-10-04 02:16:26,1201,3790,0.353906,2,2465,0.168106,0.0992382,0.510334,0.4,0.725923,0.75,0.0230545,0.0001,0.000282897,999999,-1.251210e-01,3,Indonesian Exclusive Economic Zone,WPP572,,SVDNB_npp_d20151003_t1914122_e1919526_b20379_c20151004011953755644_noaa_ops.h5,GDNBO_npp_d20151003_t1914122_e1919526_b20379_c20151004011953755317_noaa_ops.h5,SVI04_npp_d20151003_t1914122_e1919526_b20379_c20151004011953429501_noaa_ops.dspace_rad,VNFF_npp_d20151003_t1914122_e1919526_b20379_v21.csv,World_EEZ_v8_2014.shp,WPP_BFAR_merge.shp,KKP_IDN_merge_20161208.shp,VNF-VBD_npp_20120301-20151231_global_asia-enhanced_c201607211230.bitmask,NCEI_NGA.union.nga_lead2.add_2015ntl.mask,timezone.shp,VBD_platforms-recurring_2015_r20170330.shp,999999,VBD_bridges_c20160811.shp,6.008875;4.014513;1.810999;-3.069373;-7.961306;-12.862723;-17.769926;-16.052361;-13.389565;-8.577608;-3.737196;1.125583,80.369987;94.094902;107.652298;106.568230;105.578438;104.684921;103.881813;89.559692;75.441315;76.861732;78.147308;79.316101,npp_d20151003_t1914122_e1919526_b20379,142.792,104.243,65.4711,-82.4571,48.1097,59.0564
50,VBD_npp_d20151003_t1914143_x1058203E_y019893N_l0020_s3795_v23,2017-06-01 16:13:30,1.989344,105.820305,15.1775,2015-10-03 19:14:14,2015-10-04 02:14:14,20,3795,0.242657,1,2529,0.435927,0.0980625,0.602492,0.4,0.803339,0.75,0.0255436,0.0001,0.00144406,999999,-1.062631e-01,3,Indonesian Exclusive Economic Zone,WPP711,,SVDNB_npp_d20151003_t1914122_e1919526_b20379_c20151004011953755644_noaa_ops.h5,GDNBO_npp_d20151003_t1914122_e1919526_b20379_c20151004011953755317_noaa_ops.h5,SVI04_npp_d20151003_t1914122_e1919526_b20379_c20151004011953429501_noaa_ops.dspace_rad,VNFF_npp_d20151003_t1914122_e1919526_b20379_v21.csv,World_EEZ_v8_2014.shp,WPP_BFAR_merge.shp,KKP_IDN_merge_20161208.shp,VNF-VBD_npp_20120301-20151231_global_asia-enhanced_c201607211230.bitmask,NCEI_NGA.union.nga_lead2.add_2015ntl.mask,timezone.shp,VBD_platforms-recurring_2015_r20170330.shp,999999,VBD_bridges_c20160811.shp,6.008875;4.014513;1.810999;-3.069373;-7.961306;-12.862723;-17.769926;-16.052361;-13.389565;-8.577608;-3.737196;1.125583,80.369987;94.094902;107.652298;106.568230;105.578438;104.684921;103.881813;89.559692;75.441315;76.861732;78.147308;79.316101,npp_d20151003_t1914122_e1919526_b20379,142.871,94.1009,65.5414,-80.7801,43.4836,65.1421
51,VBD_npp_d20151003_t1916598_x1037735E_y075225S_l1505_s3795_v23,2017-06-01 16:13:30,-7.522503,103.773506,3.81963,2015-10-03 19:16:59,2015-10-04 02:16:59,1505,3795,0.342881,2,2465,0.142938,0.0965656,0.403069,0.4,0.685018,0.75,0.0222812,0.0001,0.000164228,999999,-8.225271e-02,3,Indonesian Exclusive Economic Zone,WPP572,,SVDNB_npp_d20151003_t1914122_e1919526_b20379_c20151004011953755644_noaa_ops.h5,GDNBO_npp_d20151003_t1914122_e1919526_b20379_c20151004011953755317_noaa_ops.h5,SVI04_npp_d20151003_t1914122_e1919526_b20379_c20151004011953429501_noaa_ops.dspace_rad,VNFF_npp_d20151003_t1914122_e1919526_b20379_v21.csv,World_EEZ_v8_2014.shp,WPP_BFAR_merge.shp,KKP_IDN_merge_20161208.shp,VNF-VBD_npp_20120301-20151231_global_asia-enhanced_c201607211230.bitmask,NCEI_NGA.union.nga_lead2.add_2015ntl.mask,timezone.shp,VBD_platforms-recurring_2015_r20170330.shp,999999,VBD_bridges_c20160811.shp,6.008875;4.014513;1.810999;-3.069373;-7.961306;-12.862723;-17.769926;-16.052361;-13.389565;-8.577608;-3.737196;1.125583,80.369987;94.094902;107.652298;106.568230;105.578438;104.684921;103.881813;89.559692;75.441315;76.861732;78.147308;79.316101,npp_d20151003_t1914122_e1919526_b20379,142.476,106.812,65.5681,-82.8434,49.3371,57.6867
52,VBD_npp_d20151003_t1915201_x1051733E_y018856S_l0620_s3827_v23,2017-06-01 16:13:30,-1.885560,105.173294,6.21959,2015-10-03 19:15:20,2015-10-04 02:15:20,620,3827,0.359099,8,18849,0.244167,0.102706,0.589978,0.4,0.735475,0.75,0.0244075,0.0001,0.000532555,999999,-1.807485e-01,3,Indonesian Exclusive Economic Zone,WPP711,,SVDNB_npp_d20151003_t1914122_e1919526_b20379_c20151004011953755644_noaa_ops.h5,GDNBO_npp_d20151003_t1914122_e1919526_b20379_c20151004011953755317_noaa_ops.h5,SVI04_npp_d20151003_t1914122_e1919526_b20379_c20151004011953429501_noaa_ops.dspace_rad,VNFF_npp_d20151003_t1914122_e1919526_b20379_v21.csv,World_EEZ_v8_2014.shp,WPP_BFAR_merge.shp,KKP_IDN_merge_20161208.shp,VNF-VBD_npp_20120301-20151231_global_asia-enhanced_c201607211230.bitmask,NCEI_NGA.union.nga_lead2.add_2015ntl.mask,timezone.shp,VBD_platforms-recurring_2015_r20170330.shp,0.311829,VBD_bridges_c20160811.shp,6.008875;4.014513;1.810999;-3.069373;-7.961306;-12.862723;-17.769926;-16.052361;-13.389565;-8.577608;-3.737196;1.125583,80.369987;94.094902;107.652298;106.568230;105.578438;104.684921;103.881813;89.559692;75.441315;76.861732;78.147308;79.316101,npp_d20151003_t1914122_e1919526_b20379,142.791,99.2377,66.1183,-81.3343,45.5857,61.7124
53,VBD_npp_d20151003_t1916242_x1045658E_y055697S_l1192_s3852_v23,2017-06-01 16:13:30,-5.569697,104.565781,4.40944,2015-10-03 19:16:24,2015-10-04 02:16:24,1192,3852,0.357961,2,2465,0.13369,0.0875,0.558188,0.4,0.624413,0.75,0.0232668,0.0001,0.000200879,999999,8.392514e-02,3,Indonesian Exclusive Economic Zone,WPP572,,SVDNB_npp_d20151003_t1914122_e1919526_b20379_c20151004011953755644_noaa_ops.h5,GDNBO_npp_d20151003_t1914122_e1919526_b20379_c20151004011953755317_noaa_ops.h5,SVI04_npp_d20151003_t1914122_e1919526_b20379_c20151004011953429501_noaa_ops.dspace_rad,VNFF_npp_d20151003_t1914122_e1919526_b20379_v21.csv,World_EEZ_v8_2014.shp,WPP_BFAR_merge.shp,KKP_IDN_merge_20161208.shp,VNF-VBD_npp_20120301-20151231_global_asia-enhanced_c201607211230.bitmask,NCEI_NGA.union.nga_lead2.add_2015ntl.mask,timezone.shp,VBD_platforms-recurring_2015_r20170330.shp,999999,VBD_bridges_c20160811.shp,6.008875;4.014513;1.810999;-3.069373;-7.961306;-12.862723;-17.769926;-16.052361;-13.389565;-8.577608;-3.737196;1.125583,80.369987;94.094902;107.652298;106.568230;105.578438;104.684921;103.881813;89.559692;75.441315;76.861732;78.147308;79.316101,npp_d20151003_t1914122_e1919526_b20379,142.379,104.07,66.556,-82.2468,47.7427,58.8092
54,VBD_npp_d20151003_t1916242_x1045752E_y055506S_l1189_s3853_v23,2017-06-01 16:13:30,-5.550604,104.575233,5.4585,2015-10-03 19:16:24,2015-10-04 02:16:24,1189,3853,0.349994,8,18849,0.176457,0.11641,0.595456,0.4,0.71261,0.75,0.0232761,0.0001,0.000207352,999999,-4.005596e-01,3,Indonesian Exclusive Economic Zone,WPP572,,SVDNB_npp_d20151003_t1914122_e1919526_b20379_c20151004011953755644_noaa_ops.h5,GDNBO_npp_d20151003_t1914122_e1919526_b20379_c20151004011953755317_noaa_ops.h5,SVI04_npp_d20151003_t1914122_e1919526_b20379_c20151004011953429501_noaa_ops.dspace_rad,VNFF_npp_d20151003_t1914122_e1919526_b20379_v21.csv,World_EEZ_v8_2014.shp,WPP_BFAR_merge.shp,KKP_IDN_merge_20161208.shp,VNF-VBD_npp_20120301-20151231_global_asia-enhanced_c201607211230.bitmask,NCEI_NGA.union.nga_lead2.add_2015ntl.mask,timezone.shp,VBD_platforms-recurring_2015_r20170330.shp,0.397056,VBD_bridges_c20160811.shp,6.008875;4.014513;1.810999;-3.069373;-7.961306;-12.862723;-17.769926;-16.052361;-13.389565;-8.577608;-3.737196;1.125583,80.369987;94.094902;107.652298;106.568230;105.578438;104.684921;103.881813;89.559692;75.441315;76.861732;78.147308;79.316101,npp_d20151003_t1914122_e1919526_b20379,142.374,104.042,66.573,-82.3398,47.7246,58.819
55,VBD_npp_d20151003_t1916242_x1045733E_y055639S_l1191_s3853_v23,2017-06-01 16:13:30,-5.563935,104.573341,5.92168,2015-10-03 19:16:24,2015-10-04 02:16:24,1191,3853,0.358174,2,2465,0.198884,0.112735,0.558188,0.4,0.701551,0.75,0.0232724,0.0001,0.00020241,999999,-3.416105e-01,3,Indonesian Exclusive Economic Zone,WPP572,,SVDNB_npp_d20151003_t1914122_e1919526_b20379_c20151004011953755644_noaa_ops.h5,GDNBO_npp_d20151003_t1914122_e1919526_b20379_c20151004011953755317_noaa_ops.h5,SVI04_npp_d20151003_t1914122_e1919526_b20379_c20151004011953429501_noaa_ops.dspace_rad,VNFF_npp_d20151003_t1914122_e1919526_b20379_v21.csv,World_EEZ_v8_2014.shp,WPP_BFAR_merge.shp,KKP_IDN_merge_20161208.shp,VNF-VBD_npp_20120301-20151231_global_asia-enhanced_c201607211230.bitmask,NCEI_NGA.union.nga_lead2.add_2015ntl.mask,timezone.shp,VBD_platforms-recurring_2015_r20170330.shp,999999,VBD_bridges_c20160811.shp,6.008875;4.014513;1.810999;-3.069373;-7.961306;-12.862723;-17.769926;-16.052361;-13.389565;-8.577608;-3.737196;1.125583,80.369987;94.094902;107.652298;106.568230;105.578438;104.684921;103.881813;89.559692;75.441315;76.861732;78.147308;79.316101,npp_d20151003_t1914122_e1919526_b20379,142.373,104.059,66.5728,-82.2782,47.7332,58.8095
56,VBD_npp_d20151003_t1916224_x1046115E_y055044S_l1181_s3856_v23,2017-06-01 16:13:30,-5.504357,104.611465,5.33235,2015-10-03 19:16:22,2015-10-04 02:16:22,1181,3856,0.355827,2,2465,0.205328,0.122933,0.667384,0.4,0.725451,0.75,0.0232965,0.0001,0.000190582,999999,-5.051798e-01,3,Indonesian Exclusive Economic Zone,WPP572,,SVDNB_npp_d20151003_t1914122_e1919526_b20379_c20151004011953755644_noaa_ops.h5,GDNBO_npp_d20151003_t1914122_e1919526_b20379_c20151004011953755317_noaa_ops.h5,SVI04_npp_d20151003_t1914122_e1919526_b20379_c20151004011953429501_noaa_ops.dspace_rad,VNFF_npp_d20151003_t1914122_e1919526_b20379_v21.csv,World_EEZ_v8_2014.shp,WPP_BFAR_merge.shp,KKP_IDN_merge_20161208.shp,VNF-VBD_npp_20120301-20151231_global_asia-enhanced_c201607211230.bitmask,NCEI_NGA.union.nga_lead2.add_2015ntl.mask,timezone.shp,VBD_platforms-recurring_2015_r20170330.shp,999999,VBD_bridges_c20160811.shp,6.008875;4.014513;1.810999;-3.069373;-7.961306;-12.862723;-17.769926;-16.052361;-13.389565;-8.577608;-3.737196;1.125583,80.369987;94.094902;107.652298;106.568230;105.578438;104.684921;103.881813;89.559692;75.441315;76.861732;78.147308;79.316101,npp_d20151003_t1914122_e1919526_b20379,142.358,103.972,66.6297,-82.0756,47.6753,58.8391
57,VBD_npp_d20151003_t1916242_x1046123E_y055284S_l1185_s3858_v23,2017-06-01 16:13:30,-5.528383,104.612267,4.14276,2015-10-03 19:16:24,2015-10-04 02:16:24,1185,3858,0.368203,8,18849,0.175172,0.0875,0.645597,0.4,0.698044,0.75,0.023297,0.0001,0.000212748,999999,8.982914e-02,3,Indonesian Exclusive Economic Zone,WPP572,,SVDNB_npp_d20151003_t1914122_e1919526_b20379_c20151004011953755644_noaa_ops.h5,GDNBO_npp_d20151003_t1914122_e1919526_b20379_c20151004011953755317_noaa_ops.h5,SVI04_npp_d20151003_t1914122_e1919526_b20379_c20151004011953429501_noaa_ops.dspace_rad,VNFF_npp_d20151003_t1914122_e1919526_b20379_v21.csv,World_EEZ_v8_2014.shp,WPP_BFAR_merge.shp,KKP_IDN_merge_20161208.shp,VNF-VBD_npp_20120301-20151231_global_asia-enhanced_c201607211230.bitmask,NCEI_NGA.union.nga_lead2.add_2015ntl.mask,timezone.shp,VBD_platforms-recurring_2015_r20170330.shp,0.970459,VBD_bridges_c20160811.shp,6.008875;4.014513;1.810999;-3.069373;-7.961306;-12.862723;-17.769926;-16.052361;-13.389565;-8.577608;-3.737196;1.125583,80.369987;94.094902;107.652298;106.568230;105.578438;104.684921;103.881813;89.559692;75.441315;76.861732;78.147308;79.316101,npp_d20151003_t1914122_e1919526_b20379,142.344,103.999,66.6575,-82.4662,47.6811,58.8154
58,VBD_npp_d20151003_t1915148_x1054628E_y015499S_l0563_s3859_v23,2017-06-01 16:13:30,-1.549906,105.462791,6.19938,2015-10-03 19:15:14,2015-10-04 02:15:14,563,3859,0.352626,8,18849,0.223523,0.0875,0.510989,0.4,0.613605,0.75,0.0246129,0.0001,0.000552426,999999,1.652370e-01,3,Indonesian Exclusive Economic Zone,WPP711,,SVDNB_npp_d20151003_t1914122_e1919526_b20379_c20151004011953755644_noaa_ops.h5,GDNBO_npp_d20151003_t1914122_e1919526_b20379_c20151004011953755317_noaa_ops.h5,SVI04_npp_d20151003_t1914122_e1919526_b20379_c20151004011953429501_noaa_ops.dspace_rad,VNFF_npp_d20151003_t1914122_e1919526_b20379_v21.csv,World_EEZ_v8_2014.shp,WPP_BFAR_merge.shp,KKP_IDN_merge_20161208.shp,VNF-VBD_npp_20120301-20151231_global_asia-enhanced_c201607211230.bitmask,NCEI_NGA.union.nga_lead2.add_2015ntl.mask,timezone.shp,VBD_platforms-recurring_2015_r20170330.shp,0.453958,VBD_bridges_c20160811.shp,6.008875;4.014513;1.810999;-3.069373;-7.961306;-12.862723;-17.769926;-16.052361;-13.389565;-8.577608;-3.737196;1.125583,80.369987;94.094902;107.652298;106.568230;105.578438;104.684921;103.881813;89.559692;75.441315;76.861732;78.147308;79.316101,npp_d20151003_t1914122_e1919526_b20379,142.579,98.7399,66.664,-81.5586,45.1862,61.8753
59,VBD_npp_d20151003_t1915130_x1056608E_y015503S_l0558_s3887_v23,2017-06-01 16:13:30,-1.550330,105.660812,5.29627,2015-10-03 19:15:13,2015-10-04 02:15:13,558,3887,0.348856,2,2465,0.15479,0.0954894,0.419292,0.4,0.645957,0.75,0.0247093,0.0001,0.000449408,999999,-6.498998e-02,3,Indonesian Exclusive Economic Zone,WPP711,,SVDNB_npp_d20151003_t1914122_e1919526_b20379_c20151004011953755644_noaa_ops.h5,GDNBO_npp_d20151003_t1914122_e1919526_b20379_c20151004011953755317_noaa_ops.h5,SVI04_npp_d20151003_t1914122_e1919526_b20379_c20151004011953429501_noaa_ops.dspace_rad,VNFF_npp_d20151003_t1914122_e1919526_b20379_v21.csv,World_EEZ_v8_2014.shp,WPP_BFAR_merge.shp,KKP_IDN_merge_20161208.shp,VNF-VBD_npp_20120301-20151231_global_asia-enhanced_c201607211230.bitmask,NCEI_NGA.union.nga_lead2.add_2015ntl.mask,timezone.shp,VBD_platforms-recurring_2015_r20170330.shp,999999,VBD_bridges_c20160811.shp,6.008875;4.014513;1.810999;-3.069373;-7.961306;-12.862723;-17.769926;-16.052361;-13.389565;-8.577608;-3.737196;1.125583,80.369987;94.094902;107.652298;106.568230;105.578438;104.684921;103.881813;89.559692;75.441315;76.861732;78.147308;79.316101,npp_d20151003_t1914122_e1919526_b20379,142.391,98.6977,67.1333,-81.2025,45.0162,61.7778
60,VBD_npp_d20151003_t1916260_x1050389E_y057807S_l1214_s3926_v23,2017-06-01 16:13:30,-5.780695,105.038879,5.25553,2015-10-03 19:16:26,2015-10-04 02:16:26,1214,3926,0.333136,1,2529,0.215598,0.0930328,0.555955,0.4,0.769275,0.75,0.023434,0.0001,0.000128543,999999,-2.558614e-02,3,Indonesian Exclusive Economic Zone,WPP572,,SVDNB_npp_d20151003_t1914122_e1919526_b20379_c20151004011953755644_noaa_ops.h5,GDNBO_npp_d20151003_t1914122_e1919526_b20379_c20151004011953755317_noaa_ops.h5,SVI04_npp_d20151003_t1914122_e1919526_b20379_c20151004011953429501_noaa_ops.dspace_rad,VNFF_npp_d20151003_t1914122_e1919526_b20379_v21.csv,World_EEZ_v8_2014.shp,WPP_BFAR_merge.shp,KKP_IDN_merge_20161208.shp,VNF-VBD_npp_20120301-20151231_global_asia-enhanced_c201607211230.bitmask,NCEI_NGA.union.nga_lead2.add_2015ntl.mask,timezone.shp,VBD_platforms-recurring_2015_r20170330.shp,999999,VBD_bridges_c20160811.shp,6.008875;4.014513;1.810999;-3.069373;-7.961306;-12.862723;-17.769926;-16.052361;-13.389565;-8.577608;-3.737196;1.125583,80.369987;94.094902;107.652298;106.568230;105.578438;104.684921;103.881813;89.559692;75.441315;76.861732;78.147308;79.316101,npp_d20151003_t1914122_e1919526_b20379,141.864,104.135,67.7894,-82.1376,47.4414,58.3599
61,VBD_npp_d20151003_t1915041_x1060597E_y010134S_l0468_s3928_v23,2017-06-01 16:13:30,-1.013372,106.059723,6.38781,2015-10-03 19:15:04,2015-10-04 02:15:04,468,3928,0.316064,2,2465,0.201672,0.0990342,0.481808,0.4,0.721261,0.75,0.025044,0.0001,0.000475291,999999,-1.218491e-01,3,Indonesian Exclusive Economic Zone,WPP711,,SVDNB_npp_d20151003_t1914122_e1919526_b20379_c20151004011953755644_noaa_ops.h5,GDNBO_npp_d20151003_t1914122_e1919526_b20379_c20151004011953755317_noaa_ops.h5,SVI04_npp_d20151003_t1914122_e1919526_b20379_c20151004011953429501_noaa_ops.dspace_rad,VNFF_npp_d20151003_t1914122_e1919526_b20379_v21.csv,World_EEZ_v8_2014.shp,WPP_BFAR_merge.shp,KKP_IDN_merge_20161208.shp,VNF-VBD_npp_20120301-20151231_global_asia-enhanced_c201607211230.bitmask,NCEI_NGA.union.nga_lead2.add_2015ntl.mask,timezone.shp,VBD_platforms-recurring_2015_r20170330.shp,999999,VBD_bridges_c20160811.shp,6.008875;4.014513;1.810999;-3.069373;-7.961306;-12.862723;-17.769926;-16.052361;-13.389565;-8.577608;-3.737196;1.125583,80.369987;94.094902;107.652298;106.568230;105.578438;104.684921;103.881813;89.559692;75.441315;76.861732;78.147308;79.316101,npp_d20151003_t1914122_e1919526_b20379,142.11,97.9357,67.81,-81.4032,44.4362,62.0827
62,VBD_npp_d20151003_t1916242_x1052343E_y056959S_l1197_s3952_v23,2017-06-01 16:13:30,-5.695909,105.234337,5.27495,2015-10-03 19:16:24,2015-10-04 02:16:24,1197,3952,0.344659,2,2209,0.0984812,0.0875,0.414276,0.4,0.645687,0.75,0.0235558,0.0001,0.000118484,999999,1.614537e-01,3,Indonesian Exclusive Economic Zone,WPP572,,SVDNB_npp_d20151003_t1914122_e1919526_b20379_c20151004011953755644_noaa_ops.h5,GDNBO_npp_d20151003_t1914122_e1919526_b20379_c20151004011953755317_noaa_ops.h5,SVI04_npp_d20151003_t1914122_e1919526_b20379_c20151004011953429501_noaa_ops.dspace_rad,VNFF_npp_d20151003_t1914122_e1919526_b20379_v21.csv,World_EEZ_v8_2014.shp,WPP_BFAR_merge.shp,KKP_IDN_merge_20161208.shp,VNF-VBD_npp_20120301-20151231_global_asia-enhanced_c201607211230.bitmask,NCEI_NGA.union.nga_lead2.add_2015ntl.mask,timezone.shp,VBD_platforms-recurring_2015_r20170330.shp,999999,VBD_bridges_c20160811.shp,6.008875;4.014513;1.810999;-3.069373;-7.961306;-12.862723;-17.769926;-16.052361;-13.389565;-8.577608;-3.737196;1.125583,80.369987;94.094902;107.652298;106.568230;105.578438;104.684921;103.881813;89.559692;75.441315;76.861732;78.147308;79.316101,npp_d20151003_t1914122_e1919526_b20379,141.703,103.954,68.2047,-82.1617,47.2351,58.3163
63,VBD_npp_d20151003_t1916242_x1052597E_y056640S_l1192_s3955_v23,2017-06-01 16:13:30,-5.663970,105.259659,5.93991,2015-10-03 19:16:24,2015-10-04 02:16:24,1192,3955,0.341103,8,18849,0.117734,0.0875,0.484809,0.4,0.520578,0.75,0.0235776,0.0001,0.000124475,999999,1.139400e-01,3,Indonesian Exclusive Economic Zone,WPP572,,SVDNB_npp_d20151003_t1914122_e1919526_b20379_c20151004011953755644_noaa_ops.h5,GDNBO_npp_d20151003_t1914122_e1919526_b20379_c20151004011953755317_noaa_ops.h5,SVI04_npp_d20151003_t1914122_e1919526_b20379_c20151004011953429501_noaa_ops.dspace_rad,VNFF_npp_d20151003_t1914122_e1919526_b20379_v21.csv,World_EEZ_v8_2014.shp,WPP_BFAR_merge.shp,KKP_IDN_merge_20161208.shp,VNF-VBD_npp_20120301-20151231_global_asia-enhanced_c201607211230.bitmask,NCEI_NGA.union.nga_lead2.add_2015ntl.mask,timezone.shp,VBD_platforms-recurring_2015_r20170330.shp,0.629276,VBD_bridges_c20160811.shp,6.008875;4.014513;1.810999;-3.069373;-7.961306;-12.862723;-17.769926;-16.052361;-13.389565;-8.577608;-3.737196;1.125583,80.369987;94.094902;107.652298;106.568230;105.578438;104.684921;103.881813;89.559692;75.441315;76.861732;78.147308;79.316101,npp_d20151003_t1914122_e1919526_b20379,141.686,103.905,68.2534,-82.3156,47.1964,58.327
64,VBD_npp_d20151003_t1916242_x1052675E_y056579S_l1191_s3956_v23,2017-06-01 16:13:30,-5.657943,105.267479,8.62982,2015-10-03 19:16:24,2015-10-04 02:16:24,1191,3956,0.336195,2,2465,0.245115,0.0875,0.484809,0.4,0.735711,0.75,0.0235832,0.0001,0.000125464,999999,1.353322e-01,3,Indonesian Exclusive Economic Zone,WPP572,,SVDNB_npp_d20151003_t1914122_e1919526_b20379_c20151004011953755644_noaa_ops.h5,GDNBO_npp_d20151003_t1914122_e1919526_b20379_c20151004011953755317_noaa_ops.h5,SVI04_npp_d20151003_t1914122_e1919526_b20379_c20151004011953429501_noaa_ops.dspace_rad,VNFF_npp_d20151003_t1914122_e1919526_b20379_v21.csv,World_EEZ_v8_2014.shp,WPP_BFAR_merge.shp,KKP_IDN_merge_20161208.shp,VNF-VBD_npp_20120301-20151231_global_asia-enhanced_c201607211230.bitmask,NCEI_NGA.union.nga_lead2.add_2015ntl.mask,timezone.shp,VBD_platforms-recurring_2015_r20170330.shp,999999,VBD_bridges_c20160811.shp,6.008875;4.014513;1.810999;-3.069373;-7.961306;-12.862723;-17.769926;-16.052361;-13.389565;-8.577608;-3.737196;1.125583,80.369987;94.094902;107.652298;106.568230;105.578438;104.684921;103.881813;89.559692;75.441315;76.861732;78.147308;79.316101,npp_d20151003_t1914122_e1919526_b20379,141.68,103.894,68.2697,-82.3466,47.1865,58.3273
65,VBD_npp_d20151003_t1916242_x1052891E_y057034S_l1197_s3960_v23,2017-06-01 16:13:30,-5.703432,105.289116,8.47171,2015-10-03 19:16:24,2015-10-04 02:16:24,1197,3960,0.336764,2,2465,0.225414,0.0875,0.542182,0.4,0.6264,0.75,0.0235799,0.0001,0.000113992,999999,2.503525e-01,3,Indonesian Exclusive Economic Zone,WPP572,,SVDNB_npp_d20151003_t1914122_e1919526_b20379_c20151004011953755644_noaa_ops.h5,GDNBO_npp_d20151003_t1914122_e1919526_b20379_c20151004011953755317_noaa_ops.h5,SVI04_npp_d20151003_t1914122_e1919526_b20379_c20151004011953429501_noaa_ops.dspace_rad,VNFF_npp_d20151003_t1914122_e1919526_b20379_v21.csv,World_EEZ_v8_2014.shp,WPP_BFAR_merge.shp,KKP_IDN_merge_20161208.shp,VNF-VBD_npp_20120301-20151231_global_asia-enhanced_c201607211230.bitmask,NCEI_NGA.union.nga_lead2.add_2015ntl.mask,timezone.shp,VBD_platforms-recurring_2015_r20170330.shp,999999,VBD_bridges_c20160811.shp,6.008875;4.014513;1.810999;-3.069373;-7.961306;-12.862723;-17.769926;-16.052361;-13.389565;-8.577608;-3.737196;1.125583,80.369987;94.094902;107.652298;106.568230;105.578438;104.684921;103.881813;89.559692;75.441315;76.861732;78.147308;79.316101,npp_d20151003_t1914122_e1919526_b20379,141.648,103.942,68.3342,-82.1673,47.1922,58.2776
66,VBD_npp_d20151003_t1916242_x1053068E_y056774S_l1193_s3962_v23,2017-06-01 16:13:30,-5.677440,105.306770,15.1905,2015-10-03 19:16:24,2015-10-04 02:16:24,1193,3962,0.339467,2,2465,0.182859,0.0881977,0.511971,0.4,0.563668,0.75,0.0235962,0.0001,0.000118821,999999,5.196898e-02,3,Indonesian Exclusive Economic Zone,WPP572,,SVDNB_npp_d20151003_t1914122_e1919526_b20379_c20151004011953755644_noaa_ops.h5,GDNBO_npp_d20151003_t1914122_e1919526_b20379_c20151004011953755317_noaa_ops.h5,SVI04_npp_d20151003_t1914122_e1919526_b20379_c20151004011953429501_noaa_ops.dspace_rad,VNFF_npp_d20151003_t1914122_e1919526_b20379_v21.csv,World_EEZ_v8_2014.shp,WPP_BFAR_merge.shp,KKP_IDN_merge_20161208.shp,VNF-VBD_npp_20120301-20151231_global_asia-enhanced_c201607211230.bitmask,NCEI_NGA.union.nga_lead2.add_2015ntl.mask,timezone.shp,VBD_platforms-recurring_2015_r20170330.shp,999999,VBD_bridges_c20160811.shp,6.008875;4.014513;1.810999;-3.069373;-7.961306;-12.862723;-17.769926;-16.052361;-13.389565;-8.577608;-3.737196;1.125583,80.369987;94.094902;107.652298;106.568230;105.578438;104.684921;103.881813;89.559692;75.441315;76.861732;78.147308;79.316101,npp_d20151003_t1914122_e1919526_b20379,141.637,103.903,68.3669,-82.29,47.1632,58.2881
67,VBD_npp_d20151003_t1916242_x1053029E_y057053S_l1197_s3962_v23,2017-06-01 16:13:30,-5.705322,105.302895,11.5202,2015-10-03 19:16:24,2015-10-04 02:16:24,1197,3962,0.288394,2,2209,0.0928806,0.0875,0.542182,0.4,0.410482,0.75,0.023586,0.0001,0.000112887,999999,3.287249e-01,3,Indonesian Exclusive Economic Zone,WPP572,,SVDNB_npp_d20151003_t1914122_e1919526_b20379_c20151004011953755644_noaa_ops.h5,GDNBO_npp_d20151003_t1914122_e1919526_b20379_c20151004011953755317_noaa_ops.h5,SVI04_npp_d20151003_t1914122_e1919526_b20379_c20151004011953429501_noaa_ops.dspace_rad,VNFF_npp_d20151003_t1914122_e1919526_b20379_v21.csv,World_EEZ_v8_2014.shp,WPP_BFAR_merge.shp,KKP_IDN_merge_20161208.shp,VNF-VBD_npp_20120301-20151231_global_asia-enhanced_c201607211230.bitmask,NCEI_NGA.union.nga_lead2.add_2015ntl.mask,timezone.shp,VBD_platforms-recurring_2015_r20170330.shp,999999,VBD_bridges_c20160811.shp,6.008875;4.014513;1.810999;-3.069373;-7.961306;-12.862723;-17.769926;-16.052361;-13.389565;-8.577608;-3.737196;1.125583,80.369987;94.094902;107.652298;106.568230;105.578438;104.684921;103.881813;89.559692;75.441315;76.861732;78.147308;79.316101,npp_d20151003_t1914122_e1919526_b20379,141.634,103.938,68.3667,-82.1687,47.1814,58.2679
68,VBD_npp_d20151003_t1916242_x1053010E_y057193S_l1199_s3962_v23,2017-06-01 16:13:30,-5.719265,105.300972,7.13467,2015-10-03 19:16:24,2015-10-04 02:16:24,1199,3962,0.296077,2,2209,0.10951,0.0883908,0.544064,0.4,0.599193,0.75,0.0235808,0.0001,0.000110021,999999,4.887221e-02,3,Indonesian Exclusive Economic Zone,WPP572,,SVDNB_npp_d20151003_t1914122_e1919526_b20379_c20151004011953755644_noaa_ops.h5,GDNBO_npp_d20151003_t1914122_e1919526_b20379_c20151004011953755317_noaa_ops.h5,SVI04_npp_d20151003_t1914122_e1919526_b20379_c20151004011953429501_noaa_ops.dspace_rad,VNFF_npp_d20151003_t1914122_e1919526_b20379_v21.csv,World_EEZ_v8_2014.shp,WPP_BFAR_merge.shp,KKP_IDN_merge_20161208.shp,VNF-VBD_npp_20120301-20151231_global_asia-enhanced_c201607211230.bitmask,NCEI_NGA.union.nga_lead2.add_2015ntl.mask,timezone.shp,VBD_platforms-recurring_2015_r20170330.shp,999999,VBD_bridges_c20160811.shp,6.008875;4.014513;1.810999;-3.069373;-7.961306;-12.862723;-17.769926;-16.052361;-13.389565;-8.577608;-3.737196;1.125583,80.369987;94.094902;107.652298;106.568230;105.578438;104.684921;103.881813;89.559692;75.441315;76.861732;78.147308;79.316101,npp_d20151003_t1914122_e1919526_b20379,141.633,103.956,68.3667,-82.1081,47.1904,58.2578
69,VBD_npp_d20151003_t1916242_x1053148E_y057212S_l1199_s3964_v23,2017-06-01 16:13:30,-5.721171,105.314774,11.375,2015-10-03 19:16:24,2015-10-04 02:16:24,1199,3964,0.290528,2,2465,0.275525,0.0894435,0.583742,0.4,0.720141,0.75,0.0235869,0.0001,0.00010895,999999,3.198660e-02,3,Indonesian Exclusive Economic Zone,WPP572,,SVDNB_npp_d20151003_t1914122_e1919526_b20379_c20151004011953755644_noaa_ops.h5,GDNBO_npp_d20151003_t1914122_e1919526_b20379_c20151004011953755317_noaa_ops.h5,SVI04_npp_d20151003_t1914122_e1919526_b20379_c20151004011953429501_noaa_ops.dspace_rad,VNFF_npp_d20151003_t1914122_e1919526_b20379_v21.csv,World_EEZ_v8_2014.shp,WPP_BFAR_merge.shp,KKP_IDN_merge_20161208.shp,VNF-VBD_npp_20120301-20151231_global_asia-enhanced_c201607211230.bitmask,NCEI_NGA.union.nga_lead2.add_2015ntl.mask,timezone.shp,VBD_platforms-recurring_2015_r20170330.shp,999999,VBD_bridges_c20160811.shp,6.008875;4.014513;1.810999;-3.069373;-7.961306;-12.862723;-17.769926;-16.052361;-13.389565;-8.577608;-3.737196;1.125583,80.369987;94.094902;107.652298;106.568230;105.578438;104.684921;103.881813;89.559692;75.441315;76.861732;78.147308;79.316101,npp_d20151003_t1914122_e1919526_b20379,141.619,103.953,68.3992,-82.1095,47.1796,58.248
70,VBD_npp_d20151003_t1916260_x1053157E_y057263S_l1201_s3965_v23,2017-06-01 16:13:30,-5.726256,105.315651,9.93132,2015-10-03 19:16:26,2015-10-04 02:16:26,1201,3965,0.341956,1,2529,0.286815,0.0996377,0.583742,0.4,0.768178,0.75,0.0235848,0.0001,0.000125997,999999,-1.315291e-01,3,Indonesian Exclusive Economic Zone,WPP572,,SVDNB_npp_d20151003_t1914122_e1919526_b20379_c20151004011953755644_noaa_ops.h5,GDNBO_npp_d20151003_t1914122_e1919526_b20379_c20151004011953755317_noaa_ops.h5,SVI04_npp_d20151003_t1914122_e1919526_b20379_c20151004011953429501_noaa_ops.dspace_rad,VNFF_npp_d20151003_t1914122_e1919526_b20379_v21.csv,World_EEZ_v8_2014.shp,WPP_BFAR_merge.shp,KKP_IDN_merge_20161208.shp,VNF-VBD_npp_20120301-20151231_global_asia-enhanced_c201607211230.bitmask,NCEI_NGA.union.nga_lead2.add_2015ntl.mask,timezone.shp,VBD_platforms-recurring_2015_r20170330.shp,999999,VBD_bridges_c20160811.shp,6.008875;4.014513;1.810999;-3.069373;-7.961306;-12.862723;-17.769926;-16.052361;-13.389565;-8.577608;-3.737196;1.125583,80.369987;94.094902;107.652298;106.568230;105.578438;104.684921;103.881813;89.559692;75.441315;76.861732;78.147308;79.316101,npp_d20151003_t1914122_e1919526_b20379,141.61,103.956,68.4192,-82.5595,47.1755,58.2391
71,VBD_npp_d20151003_t1916242_x1053315E_y057021S_l1196_s3966_v23,2017-06-01 16:13:30,-5.702134,105.331512,11.3317,2015-10-03 19:16:24,2015-10-04 02:16:24,1196,3966,0.342667,2,2465,0.217277,0.0992741,0.573866,0.4,0.629997,0.75,0.0236002,0.0001,0.000112134,999999,-1.256971e-01,3,Indonesian Exclusive Economic Zone,WPP572,,SVDNB_npp_d20151003_t1914122_e1919526_b20379_c20151004011953755644_noaa_ops.h5,GDNBO_npp_d20151003_t1914122_e1919526_b20379_c20151004011953755317_noaa_ops.h5,SVI04_npp_d20151003_t1914122_e1919526_b20379_c20151004011953429501_noaa_ops.dspace_rad,VNFF_npp_d20151003_t1914122_e1919526_b20379_v21.csv,World_EEZ_v8_2014.shp,WPP_BFAR_merge.shp,KKP_IDN_merge_20161208.shp,VNF-VBD_npp_20120301-20151231_global_asia-enhanced_c201607211230.bitmask,NCEI_NGA.union.nga_lead2.add_2015ntl.mask,timezone.shp,VBD_platforms-recurring_2015_r20170330.shp,999999,VBD_bridges_c20160811.shp,6.008875;4.014513;1.810999;-3.069373;-7.961306;-12.862723;-17.769926;-16.052361;-13.389565;-8.577608;-3.737196;1.125583,80.369987;94.094902;107.652298;106.568230;105.578438;104.684921;103.881813;89.559692;75.441315;76.861732;78.147308;79.316101,npp_d20151003_t1914122_e1919526_b20379,141.607,103.923,68.4318,-82.2019,47.1552,58.2534
72,VBD_npp_d20151003_t1916242_x1053869E_y056609S_l1189_s3973_v23,2017-06-01 16:13:30,-5.660934,105.386864,15.7811,2015-10-03 19:16:24,2015-10-04 02:16:24,1189,3973,0.337759,2,2465,0.332935,0.11375,0.684744,0.4,0.489823,0.75,0.0236168,0.0001,0.000118269,999999,1.864324e-02,3,Indonesian Exclusive Economic Zone,WPP572,,SVDNB_npp_d20151003_t1914122_e1919526_b20379_c20151004011953755644_noaa_ops.h5,GDNBO_npp_d20151003_t1914122_e1919526_b20379_c20151004011953755317_noaa_ops.h5,SVI04_npp_d20151003_t1914122_e1919526_b20379_c20151004011953429501_noaa_ops.dspace_rad,VNFF_npp_d20151003_t1914122_e1919526_b20379_v21.csv,World_EEZ_v8_2014.shp,WPP_BFAR_merge.shp,KKP_IDN_merge_20161208.shp,VNF-VBD_npp_20120301-20151231_global_asia-enhanced_c201607211230.bitmask,NCEI_NGA.union.nga_lead2.add_2015ntl.mask,timezone.shp,VBD_platforms-recurring_2015_r20170330.shp,999999,VBD_bridges_c20160811.shp,6.008875;4.014513;1.810999;-3.069373;-7.961306;-12.862723;-17.769926;-16.052361;-13.389565;-8.577608;-3.737196;1.125583,80.369987;94.094902;107.652298;106.568230;105.578438;104.684921;103.881813;89.559692;75.441315;76.861732;78.147308;79.316101,npp_d20151003_t1914122_e1919526_b20379,141.564,103.85,68.5464,-82.4138,47.0858,58.2537
73,VBD_npp_d20151003_t1916242_x1053920E_y056752S_l1191_s3974_v23,2017-06-01 16:13:30,-5.675215,105.391975,10.7152,2015-10-03 19:16:24,2015-10-04 02:16:24,1191,3974,0.339609,2,2465,0.271025,0.11375,0.703205,0.4,0.559069,0.75,0.023613,0.0001,0.000114855,999999,1.217696e-01,3,Indonesian Exclusive Economic Zone,WPP572,,SVDNB_npp_d20151003_t1914122_e1919526_b20379_c20151004011953755644_noaa_ops.h5,GDNBO_npp_d20151003_t1914122_e1919526_b20379_c20151004011953755317_noaa_ops.h5,SVI04_npp_d20151003_t1914122_e1919526_b20379_c20151004011953429501_noaa_ops.dspace_rad,VNFF_npp_d20151003_t1914122_e1919526_b20379_v21.csv,World_EEZ_v8_2014.shp,WPP_BFAR_merge.shp,KKP_IDN_merge_20161208.shp,VNF-VBD_npp_20120301-20151231_global_asia-enhanced_c201607211230.bitmask,NCEI_NGA.union.nga_lead2.add_2015ntl.mask,timezone.shp,VBD_platforms-recurring_2015_r20170330.shp,999999,VBD_bridges_c20160811.shp,6.008875;4.014513;1.810999;-3.069373;-7.961306;-12.862723;-17.769926;-16.052361;-13.389565;-8.577608;-3.737196;1.125583,80.369987;94.094902;107.652298;106.568230;105.578438;104.684921;103.881813;89.559692;75.441315;76.861732;78.147308;79.316101,npp_d20151003_t1914122_e1919526_b20379,141.555,103.866,68.5625,-82.3568,47.0891,58.239
74,VBD_npp_d20151003_t1916242_x1053864E_y057153S_l1197_s3974_v23,2017-06-01 16:13:30,-5.715260,105.386398,6.23009,2015-10-03 19:16:24,2015-10-04 02:16:24,1197,3974,0.344446,2,2465,0.136875,0.11375,0.685217,0.4,0.587328,0.75,0.0235976,0.0001,0.000106712,999999,2.530567e-01,3,Indonesian Exclusive Economic Zone,WPP572,,SVDNB_npp_d20151003_t1914122_e1919526_b20379_c20151004011953755644_noaa_ops.h5,GDNBO_npp_d20151003_t1914122_e1919526_b20379_c20151004011953755317_noaa_ops.h5,SVI04_npp_d20151003_t1914122_e1919526_b20379_c20151004011953429501_noaa_ops.dspace_rad,VNFF_npp_d20151003_t1914122_e1919526_b20379_v21.csv,World_EEZ_v8_2014.shp,WPP_BFAR_merge.shp,KKP_IDN_merge_20161208.shp,VNF-VBD_npp_20120301-20151231_global_asia-enhanced_c201607211230.bitmask,NCEI_NGA.union.nga_lead2.add_2015ntl.mask,timezone.shp,VBD_platforms-recurring_2015_r20170330.shp,999999,VBD_bridges_c20160811.shp,6.008875;4.014513;1.810999;-3.069373;-7.961306;-12.862723;-17.769926;-16.052361;-13.389565;-8.577608;-3.737196;1.125583,80.369987;94.094902;107.652298;106.568230;105.578438;104.684921;103.881813;89.559692;75.441315;76.861732;78.147308;79.316101,npp_d20151003_t1914122_e1919526_b20379,141.551,103.917,68.5622,-82.1838,47.1152,58.21
75,VBD_npp_d20151003_t1916242_x1053952E_y057029S_l1195_s3975_v23,2017-06-01 16:13:30,-5.702864,105.395248,11.4831,2015-10-03 19:16:24,2015-10-04 02:16:24,1195,3975,0.343165,1,2529,0.369314,0.11375,0.71083,0.4,0.80477,0.75,0.0236028,0.0001,0.000108827,999999,1.093526e-01,3,Indonesian Exclusive Economic Zone,WPP572,,SVDNB_npp_d20151003_t1914122_e1919526_b20379_c20151004011953755644_noaa_ops.h5,GDNBO_npp_d20151003_t1914122_e1919526_b20379_c20151004011953755317_noaa_ops.h5,SVI04_npp_d20151003_t1914122_e1919526_b20379_c20151004011953429501_noaa_ops.dspace_rad,VNFF_npp_d20151003_t1914122_e1919526_b20379_v21.csv,World_EEZ_v8_2014.shp,WPP_BFAR_merge.shp,KKP_IDN_merge_20161208.shp,VNF-VBD_npp_20120301-20151231_global_asia-enhanced_c201607211230.bitmask,NCEI_NGA.union.nga_lead2.add_2015ntl.mask,timezone.shp,VBD_platforms-recurring_2015_r20170330.shp,999999,VBD_bridges_c20160811.shp,6.008875;4.014513;1.810999;-3.069373;-7.961306;-12.862723;-17.769926;-16.052361;-13.389565;-8.577608;-3.737196;1.125583,80.369987;94.094902;107.652298;106.568230;105.578438;104.684921;103.881813;89.559692;75.441315;76.861732;78.147308;79.316101,npp_d20151003_t1914122_e1919526_b20379,141.546,103.898,68.5786,-82.2422,47.101,58.2147
76,VBD_npp_d20151003_t1916242_x1054120E_y056847S_l1192_s3977_v23,2017-06-01 16:13:30,-5.684725,105.412048,10.2432,2015-10-03 19:16:24,2015-10-04 02:16:24,1192,3977,0.336123,1,2529,0.271836,0.11375,0.724176,0.4,0.758828,0.75,0.0236104,0.0001,0.000111792,999999,7.168648e-02,3,Indonesian Exclusive Economic Zone,WPP572,,SVDNB_npp_d20151003_t1914122_e1919526_b20379_c20151004011953755644_noaa_ops.h5,GDNBO_npp_d20151003_t1914122_e1919526_b20379_c20151004011953755317_noaa_ops.h5,SVI04_npp_d20151003_t1914122_e1919526_b20379_c20151004011953429501_noaa_ops.dspace_rad,VNFF_npp_d20151003_t1914122_e1919526_b20379_v21.csv,World_EEZ_v8_2014.shp,WPP_BFAR_merge.shp,KKP_IDN_merge_20161208.shp,VNF-VBD_npp_20120301-20151231_global_asia-enhanced_c201607211230.bitmask,NCEI_NGA.union.nga_lead2.add_2015ntl.mask,timezone.shp,VBD_platforms-recurring_2015_r20170330.shp,999999,VBD_bridges_c20160811.shp,6.008875;4.014513;1.810999;-3.069373;-7.961306;-12.862723;-17.769926;-16.052361;-13.389565;-8.577608;-3.737196;1.125583,80.369987;94.094902;107.652298;106.568230;105.578438;104.684921;103.881813;89.559692;75.441315;76.861732;78.147308;79.316101,npp_d20151003_t1914122_e1919526_b20379,141.534,103.869,68.6115,-82.3301,47.077,58.2193
77,VBD_npp_d20151003_t1916420_x1052348E_y067244S_l1354_s3981_v23,2017-06-01 16:13:30,-6.724379,105.234833,10.2149,2015-10-03 19:16:42,2015-10-04 02:16:42,1354,3981,0.346224,1,2529,0.361518,0.11375,0.645247,0.4,0.753591,0.75,0.0231946,0.0001,7.90585e-05,999999,6.732970e-02,3,Indonesian Exclusive Economic Zone,WPP572,,SVDNB_npp_d20151003_t1914122_e1919526_b20379_c20151004011953755644_noaa_ops.h5,GDNBO_npp_d20151003_t1914122_e1919526_b20379_c20151004011953755317_noaa_ops.h5,SVI04_npp_d20151003_t1914122_e1919526_b20379_c20151004011953429501_noaa_ops.dspace_rad,VNFF_npp_d20151003_t1914122_e1919526_b20379_v21.csv,World_EEZ_v8_2014.shp,WPP_BFAR_merge.shp,KKP_IDN_merge_20161208.shp,VNF-VBD_npp_20120301-20151231_global_asia-enhanced_c201607211230.bitmask,NCEI_NGA.union.nga_lead2.add_2015ntl.mask,timezone.shp,VBD_platforms-recurring_2015_r20170330.shp,999999,VBD_bridges_c20160811.shp,6.008875;4.014513;1.810999;-3.069373;-7.961306;-12.862723;-17.769926;-16.052361;-13.389565;-8.577608;-3.737196;1.125583,80.369987;94.094902;107.652298;106.568230;105.578438;104.684921;103.881813;89.559692;75.441315;76.861732;78.147308;79.316101,npp_d20151003_t1914122_e1919526_b20379,141.372,105.176,68.6832,-82.5002,47.7269,57.4542
78,VBD_npp_d20151003_t1916242_x1054623E_y056847S_l1191_s3984_v23,2017-06-01 16:13:30,-5.684672,105.462273,9.7985,2015-10-03 19:16:24,2015-10-04 02:16:24,1191,3984,0.338826,1,2529,0.336494,0.11375,0.733304,0.4,0.757746,0.75,0.023613,0.0001,0.000109304,999999,4.621933e-02,3,Indonesian Exclusive Economic Zone,WPP572,,SVDNB_npp_d20151003_t1914122_e1919526_b20379_c20151004011953755644_noaa_ops.h5,GDNBO_npp_d20151003_t1914122_e1919526_b20379_c20151004011953755317_noaa_ops.h5,SVI04_npp_d20151003_t1914122_e1919526_b20379_c20151004011953429501_noaa_ops.dspace_rad,VNFF_npp_d20151003_t1914122_e1919526_b20379_v21.csv,World_EEZ_v8_2014.shp,WPP_BFAR_merge.shp,KKP_IDN_merge_20161208.shp,VNF-VBD_npp_20120301-20151231_global_asia-enhanced_c201607211230.bitmask,NCEI_NGA.union.nga_lead2.add_2015ntl.mask,timezone.shp,VBD_platforms-recurring_2015_r20170330.shp,999999,VBD_bridges_c20160811.shp,6.008875;4.014513;1.810999;-3.069373;-7.961306;-12.862723;-17.769926;-16.052361;-13.389565;-8.577608;-3.737196;1.125583,80.369987;94.094902;107.652298;106.568230;105.578438;104.684921;103.881813;89.559692;75.441315;76.861732;78.147308;79.316101,npp_d20151003_t1914122_e1919526_b20379,141.485,103.849,68.7262,-82.3638,47.034,58.1893
79,VBD_npp_d20151003_t1916242_x1054700E_y056789S_l1190_s3985_v23,2017-06-01 16:13:30,-5.678880,105.469994,22.1886,2015-10-03 19:16:24,2015-10-04 02:16:24,1190,3985,0.3416,1,2529,0.57913,0.11375,0.746385,0.4,0.848115,0.75,0.0236153,0.0001,0.000110125,999999,1.372796e-01,3,Indonesian Exclusive Economic Zone,WPP572,,SVDNB_npp_d20151003_t1914122_e1919526_b20379_c20151004011953755644_noaa_ops.h5,GDNBO_npp_d20151003_t1914122_e1919526_b20379_c20151004011953755317_noaa_ops.h5,SVI04_npp_d20151003_t1914122_e1919526_b20379_c20151004011953429501_noaa_ops.dspace_rad,VNFF_npp_d20151003_t1914122_e1919526_b20379_v21.csv,World_EEZ_v8_2014.shp,WPP_BFAR_merge.shp,KKP_IDN_merge_20161208.shp,VNF-VBD_npp_20120301-20151231_global_asia-enhanced_c201607211230.bitmask,NCEI_NGA.union.nga_lead2.add_2015ntl.mask,timezone.shp,VBD_platforms-recurring_2015_r20170330.shp,999999,VBD_bridges_c20160811.shp,6.008875;4.014513;1.810999;-3.069373;-7.961306;-12.862723;-17.769926;-16.052361;-13.389565;-8.577608;-3.737196;1.125583,80.369987;94.094902;107.652298;106.568230;105.578438;104.684921;103.881813;89.559692;75.441315;76.861732;78.147308;79.316101,npp_d20151003_t1914122_e1919526_b20379,141.479,103.839,68.7421,-82.3933,47.0243,58.1893
80,VBD_npp_d20151003_t1916384_x1053850E_y064795S_l1314_s3996_v23,2017-06-01 16:13:30,-6.479455,105.384972,6.67249,2015-10-03 19:16:38,2015-10-04 02:16:38,1314,3996,0.340462,1,2529,0.272934,0.11375,0.612014,0.4,0.883336,0.75,0.0232979,0.0001,8.64005e-05,999999,4.700904e-02,3,Indonesian Exclusive Economic Zone,WPP572,,SVDNB_npp_d20151003_t1914122_e1919526_b20379_c20151004011953755644_noaa_ops.h5,GDNBO_npp_d20151003_t1914122_e1919526_b20379_c20151004011953755317_noaa_ops.h5,SVI04_npp_d20151003_t1914122_e1919526_b20379_c20151004011953429501_noaa_ops.dspace_rad,VNFF_npp_d20151003_t1914122_e1919526_b20379_v21.csv,World_EEZ_v8_2014.shp,WPP_BFAR_merge.shp,KKP_IDN_merge_20161208.shp,VNF-VBD_npp_20120301-20151231_global_asia-enhanced_c201607211230.bitmask,NCEI_NGA.union.nga_lead2.add_2015ntl.mask,timezone.shp,VBD_platforms-recurring_2015_r20170330.shp,999999,VBD_bridges_c20160811.shp,6.008875;4.014513;1.810999;-3.069373;-7.961306;-12.862723;-17.769926;-16.052361;-13.389565;-8.577608;-3.737196;1.125583,80.369987;94.094902;107.652298;106.568230;105.578438;104.684921;103.881813;89.559692;75.441315;76.861732;78.147308;79.316101,npp_d20151003_t1914122_e1919526_b20379,141.306,104.821,68.9193,-82.6975,47.4787,57.564
81,VBD_npp_d20151003_t1916242_x1055559E_y057316S_l1196_s3999_v23,2017-06-01 16:13:30,-5.731589,105.555908,4.90364,2015-10-03 19:16:24,2015-10-04 02:16:24,1196,3999,0.341814,2,2465,0.128435,0.116887,0.544737,0.4,0.530448,0.75,0.0236002,0.0001,9.5832e-05,999999,-4.082054e-01,3,,,,SVDNB_npp_d20151003_t1914122_e1919526_b20379_c20151004011953755644_noaa_ops.h5,GDNBO_npp_d20151003_t1914122_e1919526_b20379_c20151004011953755317_noaa_ops.h5,SVI04_npp_d20151003_t1914122_e1919526_b20379_c20151004011953429501_noaa_ops.dspace_rad,VNFF_npp_d20151003_t1914122_e1919526_b20379_v21.csv,World_EEZ_v8_2014.shp,WPP_BFAR_merge.shp,KKP_IDN_merge_20161208.shp,VNF-VBD_npp_20120301-20151231_global_asia-enhanced_c201607211230.bitmask,NCEI_NGA.union.nga_lead2.add_2015ntl.mask,timezone.shp,VBD_platforms-recurring_2015_r20170330.shp,999999,VBD_bridges_c20160811.shp,6.008875;4.014513;1.810999;-3.069373;-7.961306;-12.862723;-17.769926;-16.052361;-13.389565;-8.577608;-3.737196;1.125583,80.369987;94.094902;107.652298;106.568230;105.578438;104.684921;103.881813;89.559692;75.441315;76.861732;78.147308;79.316101,npp_d20151003_t1914122_e1919526_b20379,141.384,103.869,68.9532,-82.2299,46.9789,58.0949
82,VBD_npp_d20151003_t1916402_x1053947E_y065919S_l1331_s4001_v23,2017-06-01 16:13:30,-6.591934,105.394669,17.1904,2015-10-03 19:16:40,2015-10-04 02:16:40,1331,4001,0.344446,1,2529,0.485193,0.11375,0.7724,0.4,0.776845,0.75,0.023254,0.0001,8.09945e-05,999999,1.578936e-01,3,Indonesian Exclusive Economic Zone,WPP572,,SVDNB_npp_d20151003_t1914122_e1919526_b20379_c20151004011953755644_noaa_ops.h5,GDNBO_npp_d20151003_t1914122_e1919526_b20379_c20151004011953755317_noaa_ops.h5,SVI04_npp_d20151003_t1914122_e1919526_b20379_c20151004011953429501_noaa_ops.dspace_rad,VNFF_npp_d20151003_t1914122_e1919526_b20379_v21.csv,World_EEZ_v8_2014.shp,WPP_BFAR_merge.shp,KKP_IDN_merge_20161208.shp,VNF-VBD_npp_20120301-20151231_global_asia-enhanced_c201607211230.bitmask,NCEI_NGA.union.nga_lead2.add_2015ntl.mask,timezone.shp,VBD_platforms-recurring_2015_r20170330.shp,999999,VBD_bridges_c20160811.shp,6.008875;4.014513;1.810999;-3.069373;-7.961306;-12.862723;-17.769926;-16.052361;-13.389565;-8.577608;-3.737196;1.125583,80.369987;94.094902;107.652298;106.568230;105.578438;104.684921;103.881813;89.559692;75.441315;76.861732;78.147308;79.316101,npp_d20151003_t1914122_e1919526_b20379,141.261,104.95,68.9904,-82.6967,47.5255,57.4646
83,VBD_npp_d20151003_t1916402_x1054146E_y065945S_l1331_s4004_v23,2017-06-01 16:13:30,-6.594494,105.414558,17.2332,2015-10-03 19:16:40,2015-10-04 02:16:40,1331,4004,0.341885,1,2529,0.491733,0.11375,0.799382,0.4,0.857988,0.75,0.023254,0.0001,7.98365e-05,999999,8.889501e-02,3,Indonesian Exclusive Economic Zone,WPP572,,SVDNB_npp_d20151003_t1914122_e1919526_b20379_c20151004011953755644_noaa_ops.h5,GDNBO_npp_d20151003_t1914122_e1919526_b20379_c20151004011953755317_noaa_ops.h5,SVI04_npp_d20151003_t1914122_e1919526_b20379_c20151004011953429501_noaa_ops.dspace_rad,VNFF_npp_d20151003_t1914122_e1919526_b20379_v21.csv,World_EEZ_v8_2014.shp,WPP_BFAR_merge.shp,KKP_IDN_merge_20161208.shp,VNF-VBD_npp_20120301-20151231_global_asia-enhanced_c201607211230.bitmask,NCEI_NGA.union.nga_lead2.add_2015ntl.mask,timezone.shp,VBD_platforms-recurring_2015_r20170330.shp,999999,VBD_bridges_c20160811.shp,6.008875;4.014513;1.810999;-3.069373;-7.961306;-12.862723;-17.769926;-16.052361;-13.389565;-8.577608;-3.737196;1.125583,80.369987;94.094902;107.652298;106.568230;105.578438;104.684921;103.881813;89.559692;75.441315;76.861732;78.147308;79.316101,npp_d20151003_t1914122_e1919526_b20379,141.241,104.944,69.036,-82.699,47.5101,57.4503
84,VBD_npp_d20151003_t1916402_x1054545E_y065996S_l1331_s4010_v23,2017-06-01 16:13:30,-6.599638,105.454544,18.5552,2015-10-03 19:16:40,2015-10-04 02:16:40,1331,4010,0.336621,1,2529,0.553333,0.11375,0.801462,0.4,0.87446,0.75,0.023254,0.0001,7.75545e-05,999999,-6.315942e-02,3,Indonesian Exclusive Economic Zone,WPP572,,SVDNB_npp_d20151003_t1914122_e1919526_b20379_c20151004011953755644_noaa_ops.h5,GDNBO_npp_d20151003_t1914122_e1919526_b20379_c20151004011953755317_noaa_ops.h5,SVI04_npp_d20151003_t1914122_e1919526_b20379_c20151004011953429501_noaa_ops.dspace_rad,VNFF_npp_d20151003_t1914122_e1919526_b20379_v21.csv,World_EEZ_v8_2014.shp,WPP_BFAR_merge.shp,KKP_IDN_merge_20161208.shp,VNF-VBD_npp_20120301-20151231_global_asia-enhanced_c201607211230.bitmask,NCEI_NGA.union.nga_lead2.add_2015ntl.mask,timezone.shp,VBD_platforms-recurring_2015_r20170330.shp,999999,VBD_bridges_c20160811.shp,6.008875;4.014513;1.810999;-3.069373;-7.961306;-12.862723;-17.769926;-16.052361;-13.389565;-8.577608;-3.737196;1.125583,80.369987;94.094902;107.652298;106.568230;105.578438;104.684921;103.881813;89.559692;75.441315;76.861732;78.147308;79.316101,npp_d20151003_t1914122_e1919526_b20379,141.201,104.933,69.1273,-82.7035,47.479,57.4215
85,VBD_npp_d20151003_t1916402_x1054700E_y066361S_l1336_s4013_v23,2017-06-01 16:13:30,-6.636137,105.470024,5.63694,2015-10-03 19:16:40,2015-10-04 02:16:40,1336,4013,0.332638,7,2465,0.141103,0.11375,0.71418,0.4,0.711929,0.75,0.0232411,0.0001,7.16738e-05,999999,-1.843652e-02,3,,,,SVDNB_npp_d20151003_t1914122_e1919526_b20379_c20151004011953755644_noaa_ops.h5,GDNBO_npp_d20151003_t1914122_e1919526_b20379_c20151004011953755317_noaa_ops.h5,SVI04_npp_d20151003_t1914122_e1919526_b20379_c20151004011953429501_noaa_ops.dspace_rad,VNFF_npp_d20151003_t1914122_e1919526_b20379_v21.csv,World_EEZ_v8_2014.shp,WPP_BFAR_merge.shp,KKP_IDN_merge_20161208.shp,VNF-VBD_npp_20120301-20151231_global_asia-enhanced_c201607211230.bitmask,NCEI_NGA.union.nga_lead2.add_2015ntl.mask,timezone.shp,VBD_platforms-recurring_2015_r20170330.shp,999999,VBD_bridges_c20160811.shp,6.008875;4.014513;1.810999;-3.069373;-7.961306;-12.862723;-17.769926;-16.052361;-13.389565;-8.577608;-3.737196;1.125583,80.369987;94.094902;107.652298;106.568230;105.578438;104.684921;103.881813;89.559692;75.441315;76.861732;78.147308;79.316101,npp_d20151003_t1914122_e1919526_b20379,141.177,104.97,69.1725,-82.5622,47.4858,57.3831
86,VBD_npp_d20151003_t1916402_x1054654E_y066701S_l1341_s4013_v23,2017-06-01 16:13:30,-6.670055,105.465439,5.12312,2015-10-03 19:16:40,2015-10-04 02:16:40,1341,4013,0.332567,2,2465,0.116574,0.11375,0.56559,0.4,0.648458,0.75,0.0232281,0.0001,6.71845e-05,999999,-1.357631e-01,3,Indonesian Exclusive Economic Zone,WPP572,,SVDNB_npp_d20151003_t1914122_e1919526_b20379_c20151004011953755644_noaa_ops.h5,GDNBO_npp_d20151003_t1914122_e1919526_b20379_c20151004011953755317_noaa_ops.h5,SVI04_npp_d20151003_t1914122_e1919526_b20379_c20151004011953429501_noaa_ops.dspace_rad,VNFF_npp_d20151003_t1914122_e1919526_b20379_v21.csv,World_EEZ_v8_2014.shp,WPP_BFAR_merge.shp,KKP_IDN_merge_20161208.shp,VNF-VBD_npp_20120301-20151231_global_asia-enhanced_c201607211230.bitmask,NCEI_NGA.union.nga_lead2.add_2015ntl.mask,timezone.shp,VBD_platforms-recurring_2015_r20170330.shp,999999,VBD_bridges_c20160811.shp,6.008875;4.014513;1.810999;-3.069373;-7.961306;-12.862723;-17.769926;-16.052361;-13.389565;-8.577608;-3.737196;1.125583,80.369987;94.094902;107.652298;106.568230;105.578438;104.684921;103.881813;89.559692;75.441315;76.861732;78.147308;79.316101,npp_d20151003_t1914122_e1919526_b20379,141.173,105.013,69.1723,-82.4187,47.5082,57.3591
87,VBD_npp_d20151003_t1916402_x1055325E_y066304S_l1334_s4022_v23,2017-06-01 16:13:30,-6.630438,105.532532,5.49687,2015-10-03 19:16:40,2015-10-04 02:16:40,1334,4022,0.335554,2,2209,0.114999,0.11375,0.5675,0.4,0.667647,0.75,0.0232462,0.0001,7.03592e-05,999999,1.119563e-01,3,Indonesian Exclusive Economic Zone,WPP572,,SVDNB_npp_d20151003_t1914122_e1919526_b20379_c20151004011953755644_noaa_ops.h5,GDNBO_npp_d20151003_t1914122_e1919526_b20379_c20151004011953755317_noaa_ops.h5,SVI04_npp_d20151003_t1914122_e1919526_b20379_c20151004011953429501_noaa_ops.dspace_rad,VNFF_npp_d20151003_t1914122_e1919526_b20379_v21.csv,World_EEZ_v8_2014.shp,WPP_BFAR_merge.shp,KKP_IDN_merge_20161208.shp,VNF-VBD_npp_20120301-20151231_global_asia-enhanced_c201607211230.bitmask,NCEI_NGA.union.nga_lead2.add_2015ntl.mask,timezone.shp,VBD_platforms-recurring_2015_r20170330.shp,999999,VBD_bridges_c20160811.shp,6.008875;4.014513;1.810999;-3.069373;-7.961306;-12.862723;-17.769926;-16.052361;-13.389565;-8.577608;-3.737196;1.125583,80.369987;94.094902;107.652298;106.568230;105.578438;104.684921;103.881813;89.559692;75.441315;76.861732;78.147308;79.316101,npp_d20151003_t1914122_e1919526_b20379,141.118,104.936,69.3103,-82.6267,47.4298,57.3489
88,VBD_npp_d20151003_t1916402_x1055547E_y066194S_l1332_s4025_v23,2017-06-01 16:13:30,-6.619447,105.554741,8.38439,2015-10-03 19:16:40,2015-10-04 02:16:40,1332,4025,0.335056,2,2465,0.227455,0.11375,0.573986,0.4,0.688703,0.75,0.0232514,0.0001,7.11349e-05,999999,1.851127e-01,3,Indonesian Exclusive Economic Zone,WPP572,,SVDNB_npp_d20151003_t1914122_e1919526_b20379_c20151004011953755644_noaa_ops.h5,GDNBO_npp_d20151003_t1914122_e1919526_b20379_c20151004011953755317_noaa_ops.h5,SVI04_npp_d20151003_t1914122_e1919526_b20379_c20151004011953429501_noaa_ops.dspace_rad,VNFF_npp_d20151003_t1914122_e1919526_b20379_v21.csv,World_EEZ_v8_2014.shp,WPP_BFAR_merge.shp,KKP_IDN_merge_20161208.shp,VNF-VBD_npp_20120301-20151231_global_asia-enhanced_c201607211230.bitmask,NCEI_NGA.union.nga_lead2.add_2015ntl.mask,timezone.shp,VBD_platforms-recurring_2015_r20170330.shp,999999,VBD_bridges_c20160811.shp,6.008875;4.014513;1.810999;-3.069373;-7.961306;-12.862723;-17.769926;-16.052361;-13.389565;-8.577608;-3.737196;1.125583,80.369987;94.094902;107.652298;106.568230;105.578438;104.684921;103.881813;89.559692;75.441315;76.861732;78.147308;79.316101,npp_d20151003_t1914122_e1919526_b20379,141.1,104.913,69.3565,-82.6864,47.405,57.3438
89,VBD_npp_d20151003_t1916384_x1055815E_y065880S_l1326_s4027_v23,2017-06-01 16:13:30,-6.588016,105.581451,7.59691,2015-10-03 19:16:38,2015-10-04 02:16:38,1326,4027,0.34032,2,2465,0.228734,0.11375,0.550025,0.4,0.72778,0.75,0.0232669,0.0001,6.36675e-05,999999,3.831414e-01,3,Indonesian Exclusive Economic Zone,WPP572,,SVDNB_npp_d20151003_t1914122_e1919526_b20379_c20151004011953755644_noaa_ops.h5,GDNBO_npp_d20151003_t1914122_e1919526_b20379_c20151004011953755317_noaa_ops.h5,SVI04_npp_d20151003_t1914122_e1919526_b20379_c20151004011953429501_noaa_ops.dspace_rad,VNFF_npp_d20151003_t1914122_e1919526_b20379_v21.csv,World_EEZ_v8_2014.shp,WPP_BFAR_merge.shp,KKP_IDN_merge_20161208.shp,VNF-VBD_npp_20120301-20151231_global_asia-enhanced_c201607211230.bitmask,NCEI_NGA.union.nga_lead2.add_2015ntl.mask,timezone.shp,VBD_platforms-recurring_2015_r20170330.shp,999999,VBD_bridges_c20160811.shp,6.008875;4.014513;1.810999;-3.069373;-7.961306;-12.862723;-17.769926;-16.052361;-13.389565;-8.577608;-3.737196;1.125583,80.369987;94.094902;107.652298;106.568230;105.578438;104.684921;103.881813;89.559692;75.441315;76.861732;78.147308;79.316101,npp_d20151003_t1914122_e1919526_b20379,141.089,104.867,69.3912,-82.3768,47.3713,57.3566
90,VBD_npp_d20151003_t1916188_x1059407E_y054413S_l1144_s4046_v23,2017-06-01 16:13:30,-5.441346,105.940742,49.5467,2015-10-03 19:16:18,2015-10-04 02:16:18,1144,4046,0.342739,11,18913,0.907978,0.11375,0.817928,0.4,0.942319,0.75,0.0236805,0.0001,8.77941e-05,999999,1.023681e-01,3,Indonesian Exclusive Economic Zone,WPP712,,SVDNB_npp_d20151003_t1914122_e1919526_b20379_c20151004011953755644_noaa_ops.h5,GDNBO_npp_d20151003_t1914122_e1919526_b20379_c20151004011953755317_noaa_ops.h5,SVI04_npp_d20151003_t1914122_e1919526_b20379_c20151004011953429501_noaa_ops.dspace_rad,VNFF_npp_d20151003_t1914122_e1919526_b20379_v21.csv,World_EEZ_v8_2014.shp,WPP_BFAR_merge.shp,KKP_IDN_merge_20161208.shp,VNF-VBD_npp_20120301-20151231_global_asia-enhanced_c201607211230.bitmask,NCEI_NGA.union.nga_lead2.add_2015ntl.mask,timezone.shp,VBD_platforms-recurring_2015_r20170330.shp,0.108593,VBD_bridges_c20160811.shp,6.008875;4.014513;1.810999;-3.069373;-7.961306;-12.862723;-17.769926;-16.052361;-13.389565;-8.577608;-3.737196;1.125583,80.369987;94.094902;107.652298;106.568230;105.578438;104.684921;103.881813;89.559692;75.441315;76.861732;78.147308;79.316101,npp_d20151003_t1914122_e1919526_b20379,141.101,103.377,69.676,-82.3073,46.5131,58.1128
91,VBD_npp_d20151003_t1916277_x1058994E_y060158S_l1232_s4056_v23,2017-06-01 16:13:30,-6.015778,105.899406,8.74893,2015-10-03 19:16:27,2015-10-04 02:16:27,1232,4056,0.328512,2,2465,0.154517,0.11375,0.48652,0.4,0.608417,0.75,0.0235082,0.0001,6.47526e-05,999999,2.362839e-01,3,Indonesian Exclusive Economic Zone,WPP572,,SVDNB_npp_d20151003_t1914122_e1919526_b20379_c20151004011953755644_noaa_ops.h5,GDNBO_npp_d20151003_t1914122_e1919526_b20379_c20151004011953755317_noaa_ops.h5,SVI04_npp_d20151003_t1914122_e1919526_b20379_c20151004011953429501_noaa_ops.dspace_rad,VNFF_npp_d20151003_t1914122_e1919526_b20379_v21.csv,World_EEZ_v8_2014.shp,WPP_BFAR_merge.shp,KKP_IDN_merge_20161208.shp,VNF-VBD_npp_20120301-20151231_global_asia-enhanced_c201607211230.bitmask,NCEI_NGA.union.nga_lead2.add_2015ntl.mask,timezone.shp,VBD_platforms-recurring_2015_r20170330.shp,999999,VBD_bridges_c20160811.shp,6.008875;4.014513;1.810999;-3.069373;-7.961306;-12.862723;-17.769926;-16.052361;-13.389565;-8.577608;-3.737196;1.125583,80.369987;94.094902;107.652298;106.568230;105.578438;104.684921;103.881813;89.559692;75.441315;76.861732;78.147308;79.316101,npp_d20151003_t1914122_e1919526_b20379,140.969,104.068,69.8315,-82.2035,46.8269,57.646
